1e-05
0.7161137878072437, 0.8353897834809236
0.7161137878072437, 0.8353897834809236
0.7161137878072437, 0.8353897834809236
0.7161137878072437, 0.8353897834809236
0.7161137878072437, 0.8353897834809236
0.7161137878072437, 0.8353897834809236
0.7161137878072437, 0.8353897834809236
0.7161137878072437, 0.8353897834809236
0.7161137878072437, 0.8353897834809236
0.7161137878072437, 0.8353897834809236
0.05055523897377212, 0.8293785504500184
0.05055523897377212, 0.8293785504500184
0.05055523897377212, 0.8293785504500184
0.05055523897377212, 0.8293785504500184
0.05055523897377212, 0.8293785504500184
0.05055523897377212, 0.8293785504500184
0.05055523897377212, 0.8293785504500184
0.05055523897377212, 0.8293785504500184
0.05055523897377212, 0.8293785504500184
0.05055523897377212, 0.8293785504500184
0.21984186017823493, 0.01774229972354857
0.21984186017823493, 0.01774229972354857
0.21984186017823493, 0.01774229972354857
0.21984186017823493, 0.01774229972354857
0.21984186017823493, 0.01774229972354857
0.21984186017823493, 0.01774229972354857
0.21984186017823493, 0.01774229972354857
0.21984186017823493, 0.01774229972354857
0.21984186017823493, 0.01774229972354857
0.21984186017823493, 0.01774229972354857
0.6731070778284622, 0.1885020586696291
0.6731070778284622, 0.1885020586696291
0.6731070778284622, 0.1885020586696291
0.6731070778284622, 0.1885020586696291
0.6731070778284622, 0.1885020586696291
0.6731070778284622, 0.1885020586696291
0.6731070778284622, 0.1885020586696291
0.6731070778284622, 0.1885020586696291
0.6731070778284622, 0.1885020586696291
0.6731070778284622, 0.1885020586696291
0.5684925969009551, 0.16808232735968665
0.5684925969009551, 0.16808232735968665
0.5684925969009551, 0.16808232735968665
0.5684925969009551, 0.16808232735968665
0.5684925969009551, 0.16808232735968665
0.5684925969009551, 0.16808232735968665
0.5684925969009551, 0.16808232735968665
0.5684925969009551, 0.16808232735968665
0.5684925969009551, 0.16808232735968665
0.5684925969009551, 0.16808232735968665
0.28107237337648605, 0.770540865287515
0.28107237337648605, 0.770540865287515
0.28107237337648605, 0.770540865287515
0.28107237337648605, 0.770540865287515
0.28107237337648605, 0.770540865287515
0.28107237337648605, 0.770540865287515
0.28107237337648605, 0.770540865287515
0.28107237337648605, 0.770540865287515
0.28107237337648605, 0.770540865287515
0.28107237337648605, 0.770540865287515
0.10927907198521714, 0.03678900133532281
0.10927907198521714, 0.03678900133532281
0.10927907198521714, 0.03678900133532281
0.10927907198521714, 0.03678900133532281
0.10927907198521714, 0.03678900133532281
0.10927907198521714, 0.03678900133532281
0.10927907198521714, 0.03678900133532281
0.10927907198521714, 0.03678900133532281
0.10927907198521714, 0.03678900133532281
0.10927907198521714, 0.03678900133532281
0.3101853436097223, 0.8612699165282566
0.3101853436097223, 0.8612699165282566
0.3101853436097223, 0.8612699165282566
0.3101853436097223, 0.8612699165282566
0.3101853436097223, 0.8612699165282566
0.3101853436097223, 0.8612699165282566
0.3101853436097223, 0.8612699165282566
0.3101853436097223, 0.8612699165282566
0.3101853436097223, 0.8612699165282566
0.3101853436097223, 0.8612699165282566
0.5959380384574872, 0.06677293845881194
0.5959380384574872, 0.06677293845881194
0.5959380384574872, 0.06677293845881194
0.5959380384574872, 0.06677293845881194
0.5959380384574872, 0.06677293845881194
0.5959380384574872, 0.06677293845881194
0.5959380384574872, 0.06677293845881194
0.5959380384574872, 0.06677293845881194
0.5959380384574872, 0.06677293845881194
0.5959380384574872, 0.06677293845881194
0.7761845563640253, 0.8024917489384369
0.7761845563640253, 0.8024917489384369
0.7761845563640253, 0.8024917489384369
0.7761845563640253, 0.8024917489384369
0.7761845563640253, 0.8024917489384369
0.7761845563640253, 0.8024917489384369
0.7761845563640253, 0.8024917489384369
0.7761845563640253, 0.8024917489384369
0.7761845563640253, 0.8024917489384369
0.7761845563640253, 0.8024917489384369
