1e-05
0.3955514946988289, 0.8519875184281632
0.3955514946988289, 0.8519875184281632
0.3955514946988289, 0.8519875184281632
0.3955514946988289, 0.8519875184281632
0.3955514946988289, 0.8519875184281632
0.3955514946988289, 0.8519875184281632
0.3955514946988289, 0.8519875184281632
0.3955514946988289, 0.8519875184281632
0.3955514946988289, 0.8519875184281632
0.3955514946988289, 0.8519875184281632
0.32241671089736157, 0.6633787047027853
0.32241671089736157, 0.6633787047027853
0.32241671089736157, 0.6633787047027853
0.32241671089736157, 0.6633787047027853
0.32241671089736157, 0.6633787047027853
0.32241671089736157, 0.6633787047027853
0.32241671089736157, 0.6633787047027853
0.32241671089736157, 0.6633787047027853
0.32241671089736157, 0.6633787047027853
0.32241671089736157, 0.6633787047027853
0.3021269940401312, 0.019322402576631426
0.3021269940401312, 0.019322402576631426
0.3021269940401312, 0.019322402576631426
0.3021269940401312, 0.019322402576631426
0.3021269940401312, 0.019322402576631426
0.3021269940401312, 0.019322402576631426
0.3021269940401312, 0.019322402576631426
0.3021269940401312, 0.019322402576631426
0.3021269940401312, 0.019322402576631426
0.3021269940401312, 0.019322402576631426
0.551034031045006, 0.986854736085957
0.551034031045006, 0.986854736085957
0.551034031045006, 0.986854736085957
0.551034031045006, 0.986854736085957
0.551034031045006, 0.986854736085957
0.551034031045006, 0.986854736085957
0.551034031045006, 0.986854736085957
0.551034031045006, 0.986854736085957
0.551034031045006, 0.986854736085957
0.551034031045006, 0.986854736085957
0.2979557241502252, 0.757010558361586
0.2979557241502252, 0.757010558361586
0.2979557241502252, 0.757010558361586
0.2979557241502252, 0.757010558361586
0.2979557241502252, 0.757010558361586
0.2979557241502252, 0.757010558361586
0.2979557241502252, 0.757010558361586
0.2979557241502252, 0.757010558361586
0.2979557241502252, 0.757010558361586
0.2979557241502252, 0.757010558361586
0.11056270760276699, 0.11036912389388853
0.11056270760276699, 0.11036912389388853
0.11056270760276699, 0.11036912389388853
0.11056270760276699, 0.11036912389388853
0.11056270760276699, 0.11036912389388853
0.11056270760276699, 0.11036912389388853
0.11056270760276699, 0.11036912389388853
0.11056270760276699, 0.11036912389388853
0.11056270760276699, 0.11036912389388853
0.11056270760276699, 0.11036912389388853
0.9176066960091687, 0.5627713426917994
0.9176066960091687, 0.5627713426917994
0.9176066960091687, 0.5627713426917994
0.9176066960091687, 0.5627713426917994
0.9176066960091687, 0.5627713426917994
0.9176066960091687, 0.5627713426917994
0.9176066960091687, 0.5627713426917994
0.9176066960091687, 0.5627713426917994
0.9176066960091687, 0.5627713426917994
0.9176066960091687, 0.5627713426917994
0.4788771561435865, 0.566814354811297
0.4788771561435865, 0.566814354811297
0.4788771561435865, 0.566814354811297
0.4788771561435865, 0.566814354811297
0.4788771561435865, 0.566814354811297
0.4788771561435865, 0.566814354811297
0.4788771561435865, 0.566814354811297
0.4788771561435865, 0.566814354811297
0.4788771561435865, 0.566814354811297
0.4788771561435865, 0.566814354811297
0.20931675272361017, 0.31322921085262867
0.20931675272361017, 0.31322921085262867
0.20931675272361017, 0.31322921085262867
0.20931675272361017, 0.31322921085262867
0.20931675272361017, 0.31322921085262867
0.20931675272361017, 0.31322921085262867
0.20931675272361017, 0.31322921085262867
0.20931675272361017, 0.31322921085262867
0.20931675272361017, 0.31322921085262867
0.20931675272361017, 0.31322921085262867
0.6337487056387513, 0.8874434106657322
0.6337487056387513, 0.8874434106657322
0.6337487056387513, 0.8874434106657322
0.6337487056387513, 0.8874434106657322
0.6337487056387513, 0.8874434106657322
0.6337487056387513, 0.8874434106657322
0.6337487056387513, 0.8874434106657322
0.6337487056387513, 0.8874434106657322
0.6337487056387513, 0.8874434106657322
0.6337487056387513, 0.8874434106657322
