1e-05
0.7356745940986036, 0.8612482688488493
0.7356745940986036, 0.8612482688488493
0.7356745940986036, 0.8612482688488493
0.7356745940986036, 0.8612482688488493
0.7356745940986036, 0.8612482688488493
0.7356745940986036, 0.8612482688488493
0.7356745940986036, 0.8612482688488493
0.7356745940986036, 0.8612482688488493
0.7356745940986036, 0.8612482688488493
0.7356745940986036, 0.8612482688488493
0.780408707985718, 0.8699849434883612
0.780408707985718, 0.8699849434883612
0.780408707985718, 0.8699849434883612
0.780408707985718, 0.8699849434883612
0.780408707985718, 0.8699849434883612
0.780408707985718, 0.8699849434883612
0.780408707985718, 0.8699849434883612
0.780408707985718, 0.8699849434883612
0.780408707985718, 0.8699849434883612
0.780408707985718, 0.8699849434883612
0.14728668521423494, 0.7515054823476761
0.14728668521423494, 0.7515054823476761
0.14728668521423494, 0.7515054823476761
0.14728668521423494, 0.7515054823476761
0.14728668521423494, 0.7515054823476761
0.14728668521423494, 0.7515054823476761
0.14728668521423494, 0.7515054823476761
0.14728668521423494, 0.7515054823476761
0.14728668521423494, 0.7515054823476761
0.14728668521423494, 0.7515054823476761
0.3505816082691522, 0.8783485335027764
0.3505816082691522, 0.8783485335027764
0.3505816082691522, 0.8783485335027764
0.3505816082691522, 0.8783485335027764
0.3505816082691522, 0.8783485335027764
0.3505816082691522, 0.8783485335027764
0.3505816082691522, 0.8783485335027764
0.3505816082691522, 0.8783485335027764
0.3505816082691522, 0.8783485335027764
0.3505816082691522, 0.8783485335027764
0.6653096892619017, 0.3790404920763356
0.6653096892619017, 0.3790404920763356
0.6653096892619017, 0.3790404920763356
0.6653096892619017, 0.3790404920763356
0.6653096892619017, 0.3790404920763356
0.6653096892619017, 0.3790404920763356
0.6653096892619017, 0.3790404920763356
0.6653096892619017, 0.3790404920763356
0.6653096892619017, 0.3790404920763356
0.6653096892619017, 0.3790404920763356
0.7873230964248386, 0.1544775117657805
0.7873230964248386, 0.1544775117657805
0.7873230964248386, 0.1544775117657805
0.7873230964248386, 0.1544775117657805
0.7873230964248386, 0.1544775117657805
0.7873230964248386, 0.1544775117657805
0.7873230964248386, 0.1544775117657805
0.7873230964248386, 0.1544775117657805
0.7873230964248386, 0.1544775117657805
0.7873230964248386, 0.1544775117657805
0.9108369654520672, 0.5616404160213321
0.9108369654520672, 0.5616404160213321
0.9108369654520672, 0.5616404160213321
0.9108369654520672, 0.5616404160213321
0.9108369654520672, 0.5616404160213321
0.9108369654520672, 0.5616404160213321
0.9108369654520672, 0.5616404160213321
0.9108369654520672, 0.5616404160213321
0.9108369654520672, 0.5616404160213321
0.9108369654520672, 0.5616404160213321
0.6553756112650893, 0.8646276465624074
0.6553756112650893, 0.8646276465624074
0.6553756112650893, 0.8646276465624074
0.6553756112650893, 0.8646276465624074
0.6553756112650893, 0.8646276465624074
0.6553756112650893, 0.8646276465624074
0.6553756112650893, 0.8646276465624074
0.6553756112650893, 0.8646276465624074
0.6553756112650893, 0.8646276465624074
0.6553756112650893, 0.8646276465624074
0.4865208437354894, 0.11677825577232237
0.4865208437354894, 0.11677825577232237
0.4865208437354894, 0.11677825577232237
0.4865208437354894, 0.11677825577232237
0.4865208437354894, 0.11677825577232237
0.4865208437354894, 0.11677825577232237
0.4865208437354894, 0.11677825577232237
0.4865208437354894, 0.11677825577232237
0.4865208437354894, 0.11677825577232237
0.4865208437354894, 0.11677825577232237
0.15716953110930554, 0.931874719181012
0.15716953110930554, 0.931874719181012
0.15716953110930554, 0.931874719181012
0.15716953110930554, 0.931874719181012
0.15716953110930554, 0.931874719181012
0.15716953110930554, 0.931874719181012
0.15716953110930554, 0.931874719181012
0.15716953110930554, 0.931874719181012
0.15716953110930554, 0.931874719181012
0.15716953110930554, 0.931874719181012
