1e-05
0.9712404562437622, 0.8341560918862346
0.9712404562437622, 0.8341560918862346
0.9712404562437622, 0.8341560918862346
0.9712404562437622, 0.8341560918862346
0.9712404562437622, 0.8341560918862346
0.9712404562437622, 0.8341560918862346
0.9712404562437622, 0.8341560918862346
0.9712404562437622, 0.8341560918862346
0.9712404562437622, 0.8341560918862346
0.9712404562437622, 0.8341560918862346
0.08835534552730895, 0.4751752290747878
0.08835534552730895, 0.4751752290747878
0.08835534552730895, 0.4751752290747878
0.08835534552730895, 0.4751752290747878
0.08835534552730895, 0.4751752290747878
0.08835534552730895, 0.4751752290747878
0.08835534552730895, 0.4751752290747878
0.08835534552730895, 0.4751752290747878
0.08835534552730895, 0.4751752290747878
0.08835534552730895, 0.4751752290747878
0.30649952529205504, 0.26889843667964175
0.30649952529205504, 0.26889843667964175
0.30649952529205504, 0.26889843667964175
0.30649952529205504, 0.26889843667964175
0.30649952529205504, 0.26889843667964175
0.30649952529205504, 0.26889843667964175
0.30649952529205504, 0.26889843667964175
0.30649952529205504, 0.26889843667964175
0.30649952529205504, 0.26889843667964175
0.30649952529205504, 0.26889843667964175
0.4620581787848107, 0.7877785209868425
0.4620581787848107, 0.7877785209868425
0.4620581787848107, 0.7877785209868425
0.4620581787848107, 0.7877785209868425
0.4620581787848107, 0.7877785209868425
0.4620581787848107, 0.7877785209868425
0.4620581787848107, 0.7877785209868425
0.4620581787848107, 0.7877785209868425
0.4620581787848107, 0.7877785209868425
0.4620581787848107, 0.7877785209868425
0.18629255945015954, 0.07223598459023994
0.18629255945015954, 0.07223598459023994
0.18629255945015954, 0.07223598459023994
0.18629255945015954, 0.07223598459023994
0.18629255945015954, 0.07223598459023994
0.18629255945015954, 0.07223598459023994
0.18629255945015954, 0.07223598459023994
0.18629255945015954, 0.07223598459023994
0.18629255945015954, 0.07223598459023994
0.18629255945015954, 0.07223598459023994
0.7219748284712958, 0.2168347670776022
0.7219748284712958, 0.2168347670776022
0.7219748284712958, 0.2168347670776022
0.7219748284712958, 0.2168347670776022
0.7219748284712958, 0.2168347670776022
0.7219748284712958, 0.2168347670776022
0.7219748284712958, 0.2168347670776022
0.7219748284712958, 0.2168347670776022
0.7219748284712958, 0.2168347670776022
0.7219748284712958, 0.2168347670776022
0.26903959043645365, 0.8811357977780353
0.26903959043645365, 0.8811357977780353
0.26903959043645365, 0.8811357977780353
0.26903959043645365, 0.8811357977780353
0.26903959043645365, 0.8811357977780353
0.26903959043645365, 0.8811357977780353
0.26903959043645365, 0.8811357977780353
0.26903959043645365, 0.8811357977780353
0.26903959043645365, 0.8811357977780353
0.26903959043645365, 0.8811357977780353
0.7146977777266316, 0.08629334795975219
0.7146977777266316, 0.08629334795975219
0.7146977777266316, 0.08629334795975219
0.7146977777266316, 0.08629334795975219
0.7146977777266316, 0.08629334795975219
0.7146977777266316, 0.08629334795975219
0.7146977777266316, 0.08629334795975219
0.7146977777266316, 0.08629334795975219
0.7146977777266316, 0.08629334795975219
0.7146977777266316, 0.08629334795975219
0.5869976049219868, 0.05916481737856005
0.5869976049219868, 0.05916481737856005
0.5869976049219868, 0.05916481737856005
0.5869976049219868, 0.05916481737856005
0.5869976049219868, 0.05916481737856005
0.5869976049219868, 0.05916481737856005
0.5869976049219868, 0.05916481737856005
0.5869976049219868, 0.05916481737856005
0.5869976049219868, 0.05916481737856005
0.5869976049219868, 0.05916481737856005
0.02171107305120712, 0.5688935785174507
0.02171107305120712, 0.5688935785174507
0.02171107305120712, 0.5688935785174507
0.02171107305120712, 0.5688935785174507
0.02171107305120712, 0.5688935785174507
0.02171107305120712, 0.5688935785174507
0.02171107305120712, 0.5688935785174507
0.02171107305120712, 0.5688935785174507
0.02171107305120712, 0.5688935785174507
0.02171107305120712, 0.5688935785174507
