1e-05
0.03711874187689035, 0.8559129276289521
0.03711874187689035, 0.8559129276289521
0.03711874187689035, 0.8559129276289521
0.03711874187689035, 0.8559129276289521
0.03711874187689035, 0.8559129276289521
0.03711874187689035, 0.8559129276289521
0.03711874187689035, 0.8559129276289521
0.03711874187689035, 0.8559129276289521
0.03711874187689035, 0.8559129276289521
0.03711874187689035, 0.8559129276289521
0.4581134837836015, 0.7800326002517987
0.4581134837836015, 0.7800326002517987
0.4581134837836015, 0.7800326002517987
0.4581134837836015, 0.7800326002517987
0.4581134837836015, 0.7800326002517987
0.4581134837836015, 0.7800326002517987
0.4581134837836015, 0.7800326002517987
0.4581134837836015, 0.7800326002517987
0.4581134837836015, 0.7800326002517987
0.4581134837836015, 0.7800326002517987
0.36882406220384123, 0.9275609233180588
0.36882406220384123, 0.9275609233180588
0.36882406220384123, 0.9275609233180588
0.36882406220384123, 0.9275609233180588
0.36882406220384123, 0.9275609233180588
0.36882406220384123, 0.9275609233180588
0.36882406220384123, 0.9275609233180588
0.36882406220384123, 0.9275609233180588
0.36882406220384123, 0.9275609233180588
0.36882406220384123, 0.9275609233180588
0.8667105747823699, 0.4547088315172848
0.8667105747823699, 0.4547088315172848
0.8667105747823699, 0.4547088315172848
0.8667105747823699, 0.4547088315172848
0.8667105747823699, 0.4547088315172848
0.8667105747823699, 0.4547088315172848
0.8667105747823699, 0.4547088315172848
0.8667105747823699, 0.4547088315172848
0.8667105747823699, 0.4547088315172848
0.8667105747823699, 0.4547088315172848
0.4708917915504217, 0.5172280872994512
0.4708917915504217, 0.5172280872994512
0.4708917915504217, 0.5172280872994512
0.4708917915504217, 0.5172280872994512
0.4708917915504217, 0.5172280872994512
0.4708917915504217, 0.5172280872994512
0.4708917915504217, 0.5172280872994512
0.4708917915504217, 0.5172280872994512
0.4708917915504217, 0.5172280872994512
0.4708917915504217, 0.5172280872994512
0.6379395752656649, 0.5197927358701246
0.6379395752656649, 0.5197927358701246
0.6379395752656649, 0.5197927358701246
0.6379395752656649, 0.5197927358701246
0.6379395752656649, 0.5197927358701246
0.6379395752656649, 0.5197927358701246
0.6379395752656649, 0.5197927358701246
0.6379395752656649, 0.5197927358701246
0.6379395752656649, 0.5197927358701246
0.6379395752656649, 0.5197927358701246
0.24202058801715365, 0.7913019630732616
0.24202058801715365, 0.7913019630732616
0.24202058801715365, 0.7913019630732616
0.24202058801715365, 0.7913019630732616
0.24202058801715365, 0.7913019630732616
0.24202058801715365, 0.7913019630732616
0.24202058801715365, 0.7913019630732616
0.24202058801715365, 0.7913019630732616
0.24202058801715365, 0.7913019630732616
0.24202058801715365, 0.7913019630732616
0.6241115063086957, 0.5501470349506149
0.6241115063086957, 0.5501470349506149
0.6241115063086957, 0.5501470349506149
0.6241115063086957, 0.5501470349506149
0.6241115063086957, 0.5501470349506149
0.6241115063086957, 0.5501470349506149
0.6241115063086957, 0.5501470349506149
0.6241115063086957, 0.5501470349506149
0.6241115063086957, 0.5501470349506149
0.6241115063086957, 0.5501470349506149
0.1176819556594082, 0.8891381152354135
0.1176819556594082, 0.8891381152354135
0.1176819556594082, 0.8891381152354135
0.1176819556594082, 0.8891381152354135
0.1176819556594082, 0.8891381152354135
0.1176819556594082, 0.8891381152354135
0.1176819556594082, 0.8891381152354135
0.1176819556594082, 0.8891381152354135
0.1176819556594082, 0.8891381152354135
0.1176819556594082, 0.8891381152354135
0.4810594080141911, 0.7078462871231929
0.4810594080141911, 0.7078462871231929
0.4810594080141911, 0.7078462871231929
0.4810594080141911, 0.7078462871231929
0.4810594080141911, 0.7078462871231929
0.4810594080141911, 0.7078462871231929
0.4810594080141911, 0.7078462871231929
0.4810594080141911, 0.7078462871231929
0.4810594080141911, 0.7078462871231929
0.4810594080141911, 0.7078462871231929
