1e-05
0.9742713811533265, 0.707461145186312
0.9742713811533265, 0.707461145186312
0.9742713811533265, 0.707461145186312
0.9742713811533265, 0.707461145186312
0.9742713811533265, 0.707461145186312
0.9742713811533265, 0.707461145186312
0.9742713811533265, 0.707461145186312
0.9742713811533265, 0.707461145186312
0.9742713811533265, 0.707461145186312
0.9742713811533265, 0.707461145186312
0.3578014538812092, 0.3415729553838046
0.3578014538812092, 0.3415729553838046
0.3578014538812092, 0.3415729553838046
0.3578014538812092, 0.3415729553838046
0.3578014538812092, 0.3415729553838046
0.3578014538812092, 0.3415729553838046
0.3578014538812092, 0.3415729553838046
0.3578014538812092, 0.3415729553838046
0.3578014538812092, 0.3415729553838046
0.3578014538812092, 0.3415729553838046
0.6295924890460044, 0.19219416591398697
0.6295924890460044, 0.19219416591398697
0.6295924890460044, 0.19219416591398697
0.6295924890460044, 0.19219416591398697
0.6295924890460044, 0.19219416591398697
0.6295924890460044, 0.19219416591398697
0.6295924890460044, 0.19219416591398697
0.6295924890460044, 0.19219416591398697
0.6295924890460044, 0.19219416591398697
0.6295924890460044, 0.19219416591398697
0.8819050437382225, 0.13805203160972357
0.8819050437382225, 0.13805203160972357
0.8819050437382225, 0.13805203160972357
0.8819050437382225, 0.13805203160972357
0.8819050437382225, 0.13805203160972357
0.8819050437382225, 0.13805203160972357
0.8819050437382225, 0.13805203160972357
0.8819050437382225, 0.13805203160972357
0.8819050437382225, 0.13805203160972357
0.8819050437382225, 0.13805203160972357
0.7726092898357645, 0.810514780275547
0.7726092898357645, 0.810514780275547
0.7726092898357645, 0.810514780275547
0.7726092898357645, 0.810514780275547
0.7726092898357645, 0.810514780275547
0.7726092898357645, 0.810514780275547
0.7726092898357645, 0.810514780275547
0.7726092898357645, 0.810514780275547
0.7726092898357645, 0.810514780275547
0.7726092898357645, 0.810514780275547
0.3246359667808463, 0.5803866379461726
0.3246359667808463, 0.5803866379461726
0.3246359667808463, 0.5803866379461726
0.3246359667808463, 0.5803866379461726
0.3246359667808463, 0.5803866379461726
0.3246359667808463, 0.5803866379461726
0.3246359667808463, 0.5803866379461726
0.3246359667808463, 0.5803866379461726
0.3246359667808463, 0.5803866379461726
0.3246359667808463, 0.5803866379461726
0.6804823400558737, 0.15786172588551706
0.6804823400558737, 0.15786172588551706
0.6804823400558737, 0.15786172588551706
0.6804823400558737, 0.15786172588551706
0.6804823400558737, 0.15786172588551706
0.6804823400558737, 0.15786172588551706
0.6804823400558737, 0.15786172588551706
0.6804823400558737, 0.15786172588551706
0.6804823400558737, 0.15786172588551706
0.6804823400558737, 0.15786172588551706
0.9443242660617616, 0.6090274219479561
0.9443242660617616, 0.6090274219479561
0.9443242660617616, 0.6090274219479561
0.9443242660617616, 0.6090274219479561
0.9443242660617616, 0.6090274219479561
0.9443242660617616, 0.6090274219479561
0.9443242660617616, 0.6090274219479561
0.9443242660617616, 0.6090274219479561
0.9443242660617616, 0.6090274219479561
0.9443242660617616, 0.6090274219479561
0.8152635098365716, 0.6647073409820702
0.8152635098365716, 0.6647073409820702
0.8152635098365716, 0.6647073409820702
0.8152635098365716, 0.6647073409820702
0.8152635098365716, 0.6647073409820702
0.8152635098365716, 0.6647073409820702
0.8152635098365716, 0.6647073409820702
0.8152635098365716, 0.6647073409820702
0.8152635098365716, 0.6647073409820702
0.8152635098365716, 0.6647073409820702
0.2096645225696453, 0.9037955517578511
0.2096645225696453, 0.9037955517578511
0.2096645225696453, 0.9037955517578511
0.2096645225696453, 0.9037955517578511
0.2096645225696453, 0.9037955517578511
0.2096645225696453, 0.9037955517578511
0.2096645225696453, 0.9037955517578511
0.2096645225696453, 0.9037955517578511
0.2096645225696453, 0.9037955517578511
0.2096645225696453, 0.9037955517578511
