1e-05
0.15590027053170674, 0.9491406342383012
0.15590027053170674, 0.9491406342383012
0.15590027053170674, 0.9491406342383012
0.15590027053170674, 0.9491406342383012
0.15590027053170674, 0.9491406342383012
0.15590027053170674, 0.9491406342383012
0.15590027053170674, 0.9491406342383012
0.15590027053170674, 0.9491406342383012
0.15590027053170674, 0.9491406342383012
0.15590027053170674, 0.9491406342383012
0.5732355627603657, 0.8510778203459624
0.5732355627603657, 0.8510778203459624
0.5732355627603657, 0.8510778203459624
0.5732355627603657, 0.8510778203459624
0.5732355627603657, 0.8510778203459624
0.5732355627603657, 0.8510778203459624
0.5732355627603657, 0.8510778203459624
0.5732355627603657, 0.8510778203459624
0.5732355627603657, 0.8510778203459624
0.5732355627603657, 0.8510778203459624
0.06388778709319531, 0.3324226123130961
0.06388778709319531, 0.3324226123130961
0.06388778709319531, 0.3324226123130961
0.06388778709319531, 0.3324226123130961
0.06388778709319531, 0.3324226123130961
0.06388778709319531, 0.3324226123130961
0.06388778709319531, 0.3324226123130961
0.06388778709319531, 0.3324226123130961
0.06388778709319531, 0.3324226123130961
0.06388778709319531, 0.3324226123130961
0.9432891797860069, 0.08344515395448227
0.9432891797860069, 0.08344515395448227
0.9432891797860069, 0.08344515395448227
0.9432891797860069, 0.08344515395448227
0.9432891797860069, 0.08344515395448227
0.9432891797860069, 0.08344515395448227
0.9432891797860069, 0.08344515395448227
0.9432891797860069, 0.08344515395448227
0.9432891797860069, 0.08344515395448227
0.9432891797860069, 0.08344515395448227
0.914082576348209, 0.6603020947944517
0.914082576348209, 0.6603020947944517
0.914082576348209, 0.6603020947944517
0.914082576348209, 0.6603020947944517
0.914082576348209, 0.6603020947944517
0.914082576348209, 0.6603020947944517
0.914082576348209, 0.6603020947944517
0.914082576348209, 0.6603020947944517
0.914082576348209, 0.6603020947944517
0.914082576348209, 0.6603020947944517
0.34485531338415165, 0.9308761485143353
0.34485531338415165, 0.9308761485143353
0.34485531338415165, 0.9308761485143353
0.34485531338415165, 0.9308761485143353
0.34485531338415165, 0.9308761485143353
0.34485531338415165, 0.9308761485143353
0.34485531338415165, 0.9308761485143353
0.34485531338415165, 0.9308761485143353
0.34485531338415165, 0.9308761485143353
0.34485531338415165, 0.9308761485143353
0.6400521220889954, 0.9060914869033161
0.6400521220889954, 0.9060914869033161
0.6400521220889954, 0.9060914869033161
0.6400521220889954, 0.9060914869033161
0.6400521220889954, 0.9060914869033161
0.6400521220889954, 0.9060914869033161
0.6400521220889954, 0.9060914869033161
0.6400521220889954, 0.9060914869033161
0.6400521220889954, 0.9060914869033161
0.6400521220889954, 0.9060914869033161
0.7369039449696694, 0.5166990229697093
0.7369039449696694, 0.5166990229697093
0.7369039449696694, 0.5166990229697093
0.7369039449696694, 0.5166990229697093
0.7369039449696694, 0.5166990229697093
0.7369039449696694, 0.5166990229697093
0.7369039449696694, 0.5166990229697093
0.7369039449696694, 0.5166990229697093
0.7369039449696694, 0.5166990229697093
0.7369039449696694, 0.5166990229697093
0.7800052380937559, 0.22686795338794874
0.7800052380937559, 0.22686795338794874
0.7800052380937559, 0.22686795338794874
0.7800052380937559, 0.22686795338794874
0.7800052380937559, 0.22686795338794874
0.7800052380937559, 0.22686795338794874
0.7800052380937559, 0.22686795338794874
0.7800052380937559, 0.22686795338794874
0.7800052380937559, 0.22686795338794874
0.7800052380937559, 0.22686795338794874
0.22755453544767235, 0.2989358498020589
0.22755453544767235, 0.2989358498020589
0.22755453544767235, 0.2989358498020589
0.22755453544767235, 0.2989358498020589
0.22755453544767235, 0.2989358498020589
0.22755453544767235, 0.2989358498020589
0.22755453544767235, 0.2989358498020589
0.22755453544767235, 0.2989358498020589
0.22755453544767235, 0.2989358498020589
0.22755453544767235, 0.2989358498020589
