1e-05
0.7910941845350433, 0.9898714878961522
0.7910941845350433, 0.9898714878961522
0.7910941845350433, 0.9898714878961522
0.7910941845350433, 0.9898714878961522
0.7910941845350433, 0.9898714878961522
0.7910941845350433, 0.9898714878961522
0.7910941845350433, 0.9898714878961522
0.7910941845350433, 0.9898714878961522
0.7910941845350433, 0.9898714878961522
0.7910941845350433, 0.9898714878961522
0.9578568794578699, 0.5378901264944564
0.9578568794578699, 0.5378901264944564
0.9578568794578699, 0.5378901264944564
0.9578568794578699, 0.5378901264944564
0.9578568794578699, 0.5378901264944564
0.9578568794578699, 0.5378901264944564
0.9578568794578699, 0.5378901264944564
0.9578568794578699, 0.5378901264944564
0.9578568794578699, 0.5378901264944564
0.9578568794578699, 0.5378901264944564
0.29965057730479927, 0.39125403649485446
0.29965057730479927, 0.39125403649485446
0.29965057730479927, 0.39125403649485446
0.29965057730479927, 0.39125403649485446
0.29965057730479927, 0.39125403649485446
0.29965057730479927, 0.39125403649485446
0.29965057730479927, 0.39125403649485446
0.29965057730479927, 0.39125403649485446
0.29965057730479927, 0.39125403649485446
0.29965057730479927, 0.39125403649485446
0.700776307747695, 0.9249881237695149
0.700776307747695, 0.9249881237695149
0.700776307747695, 0.9249881237695149
0.700776307747695, 0.9249881237695149
0.700776307747695, 0.9249881237695149
0.700776307747695, 0.9249881237695149
0.700776307747695, 0.9249881237695149
0.700776307747695, 0.9249881237695149
0.700776307747695, 0.9249881237695149
0.700776307747695, 0.9249881237695149
0.027654104709242677, 0.737092278593281
0.027654104709242677, 0.737092278593281
0.027654104709242677, 0.737092278593281
0.027654104709242677, 0.737092278593281
0.027654104709242677, 0.737092278593281
0.027654104709242677, 0.737092278593281
0.027654104709242677, 0.737092278593281
0.027654104709242677, 0.737092278593281
0.027654104709242677, 0.737092278593281
0.027654104709242677, 0.737092278593281
0.8102320744042821, 0.09984991727812964
0.8102320744042821, 0.09984991727812964
0.8102320744042821, 0.09984991727812964
0.8102320744042821, 0.09984991727812964
0.8102320744042821, 0.09984991727812964
0.8102320744042821, 0.09984991727812964
0.8102320744042821, 0.09984991727812964
0.8102320744042821, 0.09984991727812964
0.8102320744042821, 0.09984991727812964
0.8102320744042821, 0.09984991727812964
0.8036970084352064, 0.47947831012597386
0.8036970084352064, 0.47947831012597386
0.8036970084352064, 0.47947831012597386
0.8036970084352064, 0.47947831012597386
0.8036970084352064, 0.47947831012597386
0.8036970084352064, 0.47947831012597386
0.8036970084352064, 0.47947831012597386
0.8036970084352064, 0.47947831012597386
0.8036970084352064, 0.47947831012597386
0.8036970084352064, 0.47947831012597386
0.49287259987734355, 0.6412817147761909
0.49287259987734355, 0.6412817147761909
0.49287259987734355, 0.6412817147761909
0.49287259987734355, 0.6412817147761909
0.49287259987734355, 0.6412817147761909
0.49287259987734355, 0.6412817147761909
0.49287259987734355, 0.6412817147761909
0.49287259987734355, 0.6412817147761909
0.49287259987734355, 0.6412817147761909
0.49287259987734355, 0.6412817147761909
0.4500321406728728, 0.22891160822794754
0.4500321406728728, 0.22891160822794754
0.4500321406728728, 0.22891160822794754
0.4500321406728728, 0.22891160822794754
0.4500321406728728, 0.22891160822794754
0.4500321406728728, 0.22891160822794754
0.4500321406728728, 0.22891160822794754
0.4500321406728728, 0.22891160822794754
0.4500321406728728, 0.22891160822794754
0.4500321406728728, 0.22891160822794754
0.5348792059424434, 0.13040174404477245
0.5348792059424434, 0.13040174404477245
0.5348792059424434, 0.13040174404477245
0.5348792059424434, 0.13040174404477245
0.5348792059424434, 0.13040174404477245
0.5348792059424434, 0.13040174404477245
0.5348792059424434, 0.13040174404477245
0.5348792059424434, 0.13040174404477245
0.5348792059424434, 0.13040174404477245
0.5348792059424434, 0.13040174404477245
