1e-05
0.13733837957554562, 0.05491068854180592
0.05823136979846488, 0.44654955172282973
0.01631208921002536, 0.19706904198745623
0.9649777422318224, 0.9258919146851028
0.01630209888227807, 0.8961876235998876
0.42288124627002877, 0.9037346677302704
0.2663714539868217, 0.30466524573288034
0.8740046390578006, 0.2044537823727821
0.6352165230922593, 0.03166432770739691
0.40266779570582956, 0.9847882316401364
0.9784138658170661, 0.21076720528315518
0.07832715898162002, 0.03072441212417676
0.9535659784296455, 0.27588946029431916
0.17591251662186602, 0.7067819581877169
0.31694578366891235, 0.7289789129305598
0.9113369135639446, 0.3384104006120422
0.04586715415644216, 0.5832873701030051
0.12780534932893473, 0.5725749768560403
0.6852735714879691, 0.23511062540785843
0.9146554982873256, 0.7383949112978602
0.21513398770150327, 0.19182586400076507
0.558934514897065, 0.7943276899148339
0.49825024747725133, 0.7796119805725049
0.17399778943576583, 0.9737951603243694
0.6654141344067704, 0.26076422177013314
0.976341256205876, 0.16331213051519577
0.12771770107381009, 0.5939656212120554
0.36358217412590454, 0.555445350011764
0.30031508746178204, 0.659369910703184
0.4647030193305185, 0.8519179646482032
0.9307481701231199, 0.29413271362622007
0.8578706131181218, 0.006916020176483739
0.8661507044660107, 0.7460443048394904
0.4515063022495521, 0.2696190208366561
0.4223334092298311, 0.3184448011147446
0.45050730699144703, 0.48639309256826524
0.6385311716475798, 0.20626072209861412
0.4684617795036059, 0.11590205755117333
0.08559827144012577, 0.6254284045086945
0.4815341177531067, 0.7855932763814732
0.12871149716520902, 0.44774017852276515
0.749210313180298, 0.9707754364646374
0.16529205390008483, 0.38095160304099107
0.9016494203100418, 0.22727388040768715
0.48417009697262947, 0.24657642042381178
0.8527709777109034, 0.4949976631021772
0.36788905634510516, 0.8317210863292508
0.2594796303749666, 0.3007880659225709
0.8869180266120068, 0.3768921061881797
0.15616751885106683, 0.4931650549611388
0.3823149725470485, 0.21990730254763002
0.5464739430444914, 0.9257528511255353
0.4087838974552527, 0.9227006165325606
0.6400872464633721, 0.04149387787288317
0.5918606649203201, 0.3460698640601615
0.3711391031475434, 0.7381107580319226
0.897346344310218, 0.8123425074239623
0.8363300110605468, 0.9564780828298738
0.2550683521303645, 0.535782775300716
0.2440291069924133, 0.8513827354060891
0.7537281222499583, 0.6078786382829734
0.30414365093586915, 0.6587537231203783
0.2772859069631942, 0.5390435638194958
0.9810027032867783, 0.49683739555928974
0.2723525581585191, 0.6106888653977083
0.09708128904904434, 0.11525867673719181
0.15869008849395172, 0.850784600023721
0.33238814991398125, 0.7577238136090642
0.5409674839316135, 0.34928204693668197
0.6805798142604793, 0.5405971551598326
0.6249375295764039, 0.6570159392359575
0.07353077309618095, 0.33808742729312735
0.879894238051785, 0.8499716760184193
0.6570046704366806, 0.2997062748449294
0.2793644427246008, 0.32488184007694865
0.41550814813959913, 0.7539473580608199
0.6249292207983866, 0.13390990303331907
0.5208326123186615, 0.23955990136778582
0.7825329786821289, 0.8382381176480171
0.48319535290667825, 0.14144065198872202
0.8396682074318172, 0.9085459604321822
0.1693142427045249, 0.480793216633824
0.3221553029511677, 0.30598631327202475
0.7245647593341112, 0.483199134330224
0.5247673475610536, 0.9418387783494641
0.44260893918112565, 0.4980996016864909
0.2716213899855374, 0.9321415008513957
0.9628779729348889, 0.7703570187126059
0.29166942588865086, 0.7322248903082719
0.6006913353572464, 0.0192367351322138
0.7801708737668125, 0.79537105072504
0.5048323226616146, 0.5981969674840536
0.1336758513533275, 0.9562687785655065
0.9946021674778193, 0.6392427151506028
0.34426693267295383, 0.837825098789129
0.14181560630764256, 0.7142795041202082
0.382763570668764, 0.32478735674508974
0.47448005462321574, 0.008005128222375424
0.9368500015808477, 0.7428571241777795
0.15237363198052167, 0.9658941828421631
