1e-05
0.43477474401882954, 0.156560609901633
0.43477474401882954, 0.156560609901633
0.43477474401882954, 0.156560609901633
0.43477474401882954, 0.156560609901633
0.43477474401882954, 0.156560609901633
0.43477474401882954, 0.156560609901633
0.43477474401882954, 0.156560609901633
0.43477474401882954, 0.156560609901633
0.43477474401882954, 0.156560609901633
0.43477474401882954, 0.156560609901633
0.29254644617310654, 0.6029097448925578
0.29254644617310654, 0.6029097448925578
0.29254644617310654, 0.6029097448925578
0.29254644617310654, 0.6029097448925578
0.29254644617310654, 0.6029097448925578
0.29254644617310654, 0.6029097448925578
0.29254644617310654, 0.6029097448925578
0.29254644617310654, 0.6029097448925578
0.29254644617310654, 0.6029097448925578
0.29254644617310654, 0.6029097448925578
0.49466676413980004, 0.7930365059336885
0.49466676413980004, 0.7930365059336885
0.49466676413980004, 0.7930365059336885
0.49466676413980004, 0.7930365059336885
0.49466676413980004, 0.7930365059336885
0.49466676413980004, 0.7930365059336885
0.49466676413980004, 0.7930365059336885
0.49466676413980004, 0.7930365059336885
0.49466676413980004, 0.7930365059336885
0.49466676413980004, 0.7930365059336885
0.7157128886567597, 0.8357330575881764
0.7157128886567597, 0.8357330575881764
0.7157128886567597, 0.8357330575881764
0.7157128886567597, 0.8357330575881764
0.7157128886567597, 0.8357330575881764
0.7157128886567597, 0.8357330575881764
0.7157128886567597, 0.8357330575881764
0.7157128886567597, 0.8357330575881764
0.7157128886567597, 0.8357330575881764
0.7157128886567597, 0.8357330575881764
0.585002373529172, 0.08261808470011578
0.585002373529172, 0.08261808470011578
0.585002373529172, 0.08261808470011578
0.585002373529172, 0.08261808470011578
0.585002373529172, 0.08261808470011578
0.585002373529172, 0.08261808470011578
0.585002373529172, 0.08261808470011578
0.585002373529172, 0.08261808470011578
0.585002373529172, 0.08261808470011578
0.585002373529172, 0.08261808470011578
0.6726654799234739, 0.8637287536011209
0.6726654799234739, 0.8637287536011209
0.6726654799234739, 0.8637287536011209
0.6726654799234739, 0.8637287536011209
0.6726654799234739, 0.8637287536011209
0.6726654799234739, 0.8637287536011209
0.6726654799234739, 0.8637287536011209
0.6726654799234739, 0.8637287536011209
0.6726654799234739, 0.8637287536011209
0.6726654799234739, 0.8637287536011209
0.3899046740386659, 0.4524918409132457
0.3899046740386659, 0.4524918409132457
0.3899046740386659, 0.4524918409132457
0.3899046740386659, 0.4524918409132457
0.3899046740386659, 0.4524918409132457
0.3899046740386659, 0.4524918409132457
0.3899046740386659, 0.4524918409132457
0.3899046740386659, 0.4524918409132457
0.3899046740386659, 0.4524918409132457
0.3899046740386659, 0.4524918409132457
0.18925757621876682, 0.9552692515870189
0.18925757621876682, 0.9552692515870189
0.18925757621876682, 0.9552692515870189
0.18925757621876682, 0.9552692515870189
0.18925757621876682, 0.9552692515870189
0.18925757621876682, 0.9552692515870189
0.18925757621876682, 0.9552692515870189
0.18925757621876682, 0.9552692515870189
0.18925757621876682, 0.9552692515870189
0.18925757621876682, 0.9552692515870189
0.3008917988562151, 0.6168148143670862
0.3008917988562151, 0.6168148143670862
0.3008917988562151, 0.6168148143670862
0.3008917988562151, 0.6168148143670862
0.3008917988562151, 0.6168148143670862
0.3008917988562151, 0.6168148143670862
0.3008917988562151, 0.6168148143670862
0.3008917988562151, 0.6168148143670862
0.3008917988562151, 0.6168148143670862
0.3008917988562151, 0.6168148143670862
0.6044840481409016, 0.5746408486672284
0.6044840481409016, 0.5746408486672284
0.6044840481409016, 0.5746408486672284
0.6044840481409016, 0.5746408486672284
0.6044840481409016, 0.5746408486672284
0.6044840481409016, 0.5746408486672284
0.6044840481409016, 0.5746408486672284
0.6044840481409016, 0.5746408486672284
0.6044840481409016, 0.5746408486672284
0.6044840481409016, 0.5746408486672284
