1e-05
0.4140449316402044, 0.14304149856731518
0.4140449316402044, 0.14304149856731518
0.4140449316402044, 0.14304149856731518
0.4140449316402044, 0.14304149856731518
0.4140449316402044, 0.14304149856731518
0.4140449316402044, 0.14304149856731518
0.4140449316402044, 0.14304149856731518
0.4140449316402044, 0.14304149856731518
0.4140449316402044, 0.14304149856731518
0.4140449316402044, 0.14304149856731518
0.18907538731497953, 0.23878118434792583
0.18907538731497953, 0.23878118434792583
0.18907538731497953, 0.23878118434792583
0.18907538731497953, 0.23878118434792583
0.18907538731497953, 0.23878118434792583
0.18907538731497953, 0.23878118434792583
0.18907538731497953, 0.23878118434792583
0.18907538731497953, 0.23878118434792583
0.18907538731497953, 0.23878118434792583
0.18907538731497953, 0.23878118434792583
0.994967083765724, 0.11765432999796466
0.994967083765724, 0.11765432999796466
0.994967083765724, 0.11765432999796466
0.994967083765724, 0.11765432999796466
0.994967083765724, 0.11765432999796466
0.994967083765724, 0.11765432999796466
0.994967083765724, 0.11765432999796466
0.994967083765724, 0.11765432999796466
0.994967083765724, 0.11765432999796466
0.994967083765724, 0.11765432999796466
0.10736583945717237, 0.45818937331540166
0.10736583945717237, 0.45818937331540166
0.10736583945717237, 0.45818937331540166
0.10736583945717237, 0.45818937331540166
0.10736583945717237, 0.45818937331540166
0.10736583945717237, 0.45818937331540166
0.10736583945717237, 0.45818937331540166
0.10736583945717237, 0.45818937331540166
0.10736583945717237, 0.45818937331540166
0.10736583945717237, 0.45818937331540166
0.4519497699239067, 0.24544341386503676
0.4519497699239067, 0.24544341386503676
0.4519497699239067, 0.24544341386503676
0.4519497699239067, 0.24544341386503676
0.4519497699239067, 0.24544341386503676
0.4519497699239067, 0.24544341386503676
0.4519497699239067, 0.24544341386503676
0.4519497699239067, 0.24544341386503676
0.4519497699239067, 0.24544341386503676
0.4519497699239067, 0.24544341386503676
0.35853457787187315, 0.2246497215430815
0.35853457787187315, 0.2246497215430815
0.35853457787187315, 0.2246497215430815
0.35853457787187315, 0.2246497215430815
0.35853457787187315, 0.2246497215430815
0.35853457787187315, 0.2246497215430815
0.35853457787187315, 0.2246497215430815
0.35853457787187315, 0.2246497215430815
0.35853457787187315, 0.2246497215430815
0.35853457787187315, 0.2246497215430815
0.7071577155616362, 0.8350458829227183
0.7071577155616362, 0.8350458829227183
0.7071577155616362, 0.8350458829227183
0.7071577155616362, 0.8350458829227183
0.7071577155616362, 0.8350458829227183
0.7071577155616362, 0.8350458829227183
0.7071577155616362, 0.8350458829227183
0.7071577155616362, 0.8350458829227183
0.7071577155616362, 0.8350458829227183
0.7071577155616362, 0.8350458829227183
0.870645509605373, 0.043979016195529685
0.870645509605373, 0.043979016195529685
0.870645509605373, 0.043979016195529685
0.870645509605373, 0.043979016195529685
0.870645509605373, 0.043979016195529685
0.870645509605373, 0.043979016195529685
0.870645509605373, 0.043979016195529685
0.870645509605373, 0.043979016195529685
0.870645509605373, 0.043979016195529685
0.870645509605373, 0.043979016195529685
0.010490927830008379, 0.7704416399774571
0.010490927830008379, 0.7704416399774571
0.010490927830008379, 0.7704416399774571
0.010490927830008379, 0.7704416399774571
0.010490927830008379, 0.7704416399774571
0.010490927830008379, 0.7704416399774571
0.010490927830008379, 0.7704416399774571
0.010490927830008379, 0.7704416399774571
0.010490927830008379, 0.7704416399774571
0.010490927830008379, 0.7704416399774571
0.853670571579817, 0.44596947571903156
0.853670571579817, 0.44596947571903156
0.853670571579817, 0.44596947571903156
0.853670571579817, 0.44596947571903156
0.853670571579817, 0.44596947571903156
0.853670571579817, 0.44596947571903156
0.853670571579817, 0.44596947571903156
0.853670571579817, 0.44596947571903156
0.853670571579817, 0.44596947571903156
0.853670571579817, 0.44596947571903156
