1e-05
0.9630587653151341, 0.38698557999142047
0.9630587653151341, 0.38698557999142047
0.9630587653151341, 0.38698557999142047
0.9630587653151341, 0.38698557999142047
0.9630587653151341, 0.38698557999142047
0.9630587653151341, 0.38698557999142047
0.9630587653151341, 0.38698557999142047
0.9630587653151341, 0.38698557999142047
0.9630587653151341, 0.38698557999142047
0.9630587653151341, 0.38698557999142047
0.6822398719133211, 0.610417302660808
0.6822398719133211, 0.610417302660808
0.6822398719133211, 0.610417302660808
0.6822398719133211, 0.610417302660808
0.6822398719133211, 0.610417302660808
0.6822398719133211, 0.610417302660808
0.6822398719133211, 0.610417302660808
0.6822398719133211, 0.610417302660808
0.6822398719133211, 0.610417302660808
0.6822398719133211, 0.610417302660808
0.7941881874487006, 0.12282352490853965
0.7941881874487006, 0.12282352490853965
0.7941881874487006, 0.12282352490853965
0.7941881874487006, 0.12282352490853965
0.7941881874487006, 0.12282352490853965
0.7941881874487006, 0.12282352490853965
0.7941881874487006, 0.12282352490853965
0.7941881874487006, 0.12282352490853965
0.7941881874487006, 0.12282352490853965
0.7941881874487006, 0.12282352490853965
0.34603650692754306, 0.3009068014659694
0.34603650692754306, 0.3009068014659694
0.34603650692754306, 0.3009068014659694
0.34603650692754306, 0.3009068014659694
0.34603650692754306, 0.3009068014659694
0.34603650692754306, 0.3009068014659694
0.34603650692754306, 0.3009068014659694
0.34603650692754306, 0.3009068014659694
0.34603650692754306, 0.3009068014659694
0.34603650692754306, 0.3009068014659694
0.3979750286210846, 0.6791069390519414
0.3979750286210846, 0.6791069390519414
0.3979750286210846, 0.6791069390519414
0.3979750286210846, 0.6791069390519414
0.3979750286210846, 0.6791069390519414
0.3979750286210846, 0.6791069390519414
0.3979750286210846, 0.6791069390519414
0.3979750286210846, 0.6791069390519414
0.3979750286210846, 0.6791069390519414
0.3979750286210846, 0.6791069390519414
0.03901408149188357, 0.2187395283621374
0.03901408149188357, 0.2187395283621374
0.03901408149188357, 0.2187395283621374
0.03901408149188357, 0.2187395283621374
0.03901408149188357, 0.2187395283621374
0.03901408149188357, 0.2187395283621374
0.03901408149188357, 0.2187395283621374
0.03901408149188357, 0.2187395283621374
0.03901408149188357, 0.2187395283621374
0.03901408149188357, 0.2187395283621374
0.5235703215734666, 0.7964221111007579
0.5235703215734666, 0.7964221111007579
0.5235703215734666, 0.7964221111007579
0.5235703215734666, 0.7964221111007579
0.5235703215734666, 0.7964221111007579
0.5235703215734666, 0.7964221111007579
0.5235703215734666, 0.7964221111007579
0.5235703215734666, 0.7964221111007579
0.5235703215734666, 0.7964221111007579
0.5235703215734666, 0.7964221111007579
0.7940529795859113, 0.600619340985918
0.7940529795859113, 0.600619340985918
0.7940529795859113, 0.600619340985918
0.7940529795859113, 0.600619340985918
0.7940529795859113, 0.600619340985918
0.7940529795859113, 0.600619340985918
0.7940529795859113, 0.600619340985918
0.7940529795859113, 0.600619340985918
0.7940529795859113, 0.600619340985918
0.7940529795859113, 0.600619340985918
0.41479991116398673, 0.29277505203779386
0.41479991116398673, 0.29277505203779386
0.41479991116398673, 0.29277505203779386
0.41479991116398673, 0.29277505203779386
0.41479991116398673, 0.29277505203779386
0.41479991116398673, 0.29277505203779386
0.41479991116398673, 0.29277505203779386
0.41479991116398673, 0.29277505203779386
0.41479991116398673, 0.29277505203779386
0.41479991116398673, 0.29277505203779386
0.22860998137556254, 0.7517247532602146
0.22860998137556254, 0.7517247532602146
0.22860998137556254, 0.7517247532602146
0.22860998137556254, 0.7517247532602146
0.22860998137556254, 0.7517247532602146
0.22860998137556254, 0.7517247532602146
0.22860998137556254, 0.7517247532602146
0.22860998137556254, 0.7517247532602146
0.22860998137556254, 0.7517247532602146
0.22860998137556254, 0.7517247532602146
