1e-05
0.12713653481918685, 0.3942806220888069
0.12713653481918685, 0.3942806220888069
0.12713653481918685, 0.3942806220888069
0.12713653481918685, 0.3942806220888069
0.12713653481918685, 0.3942806220888069
0.12713653481918685, 0.3942806220888069
0.12713653481918685, 0.3942806220888069
0.12713653481918685, 0.3942806220888069
0.12713653481918685, 0.3942806220888069
0.12713653481918685, 0.3942806220888069
0.45117081896244693, 0.18061841233779807
0.45117081896244693, 0.18061841233779807
0.45117081896244693, 0.18061841233779807
0.45117081896244693, 0.18061841233779807
0.45117081896244693, 0.18061841233779807
0.45117081896244693, 0.18061841233779807
0.45117081896244693, 0.18061841233779807
0.45117081896244693, 0.18061841233779807
0.45117081896244693, 0.18061841233779807
0.45117081896244693, 0.18061841233779807
0.3722154176163629, 0.18678361332877413
0.3722154176163629, 0.18678361332877413
0.3722154176163629, 0.18678361332877413
0.3722154176163629, 0.18678361332877413
0.3722154176163629, 0.18678361332877413
0.3722154176163629, 0.18678361332877413
0.3722154176163629, 0.18678361332877413
0.3722154176163629, 0.18678361332877413
0.3722154176163629, 0.18678361332877413
0.3722154176163629, 0.18678361332877413
0.14273606338612344, 0.8048984210666389
0.14273606338612344, 0.8048984210666389
0.14273606338612344, 0.8048984210666389
0.14273606338612344, 0.8048984210666389
0.14273606338612344, 0.8048984210666389
0.14273606338612344, 0.8048984210666389
0.14273606338612344, 0.8048984210666389
0.14273606338612344, 0.8048984210666389
0.14273606338612344, 0.8048984210666389
0.14273606338612344, 0.8048984210666389
0.4998241854376285, 0.40846250974951204
0.4998241854376285, 0.40846250974951204
0.4998241854376285, 0.40846250974951204
0.4998241854376285, 0.40846250974951204
0.4998241854376285, 0.40846250974951204
0.4998241854376285, 0.40846250974951204
0.4998241854376285, 0.40846250974951204
0.4998241854376285, 0.40846250974951204
0.4998241854376285, 0.40846250974951204
0.4998241854376285, 0.40846250974951204
0.8223267501933454, 0.5310054970789396
0.8223267501933454, 0.5310054970789396
0.8223267501933454, 0.5310054970789396
0.8223267501933454, 0.5310054970789396
0.8223267501933454, 0.5310054970789396
0.8223267501933454, 0.5310054970789396
0.8223267501933454, 0.5310054970789396
0.8223267501933454, 0.5310054970789396
0.8223267501933454, 0.5310054970789396
0.8223267501933454, 0.5310054970789396
0.07099048566205135, 0.00958970400202952
0.07099048566205135, 0.00958970400202952
0.07099048566205135, 0.00958970400202952
0.07099048566205135, 0.00958970400202952
0.07099048566205135, 0.00958970400202952
0.07099048566205135, 0.00958970400202952
0.07099048566205135, 0.00958970400202952
0.07099048566205135, 0.00958970400202952
0.07099048566205135, 0.00958970400202952
0.07099048566205135, 0.00958970400202952
0.7321059424608778, 0.7935269198748508
0.7321059424608778, 0.7935269198748508
0.7321059424608778, 0.7935269198748508
0.7321059424608778, 0.7935269198748508
0.7321059424608778, 0.7935269198748508
0.7321059424608778, 0.7935269198748508
0.7321059424608778, 0.7935269198748508
0.7321059424608778, 0.7935269198748508
0.7321059424608778, 0.7935269198748508
0.7321059424608778, 0.7935269198748508
0.40009430169042326, 0.2147451923510314
0.40009430169042326, 0.2147451923510314
0.40009430169042326, 0.2147451923510314
0.40009430169042326, 0.2147451923510314
0.40009430169042326, 0.2147451923510314
0.40009430169042326, 0.2147451923510314
0.40009430169042326, 0.2147451923510314
0.40009430169042326, 0.2147451923510314
0.40009430169042326, 0.2147451923510314
0.40009430169042326, 0.2147451923510314
0.9911375863065328, 0.21728047474557088
0.9911375863065328, 0.21728047474557088
0.9911375863065328, 0.21728047474557088
0.9911375863065328, 0.21728047474557088
0.9911375863065328, 0.21728047474557088
0.9911375863065328, 0.21728047474557088
0.9911375863065328, 0.21728047474557088
0.9911375863065328, 0.21728047474557088
0.9911375863065328, 0.21728047474557088
0.9911375863065328, 0.21728047474557088
