1e-05
0.4607463094150953, 0.45666789216572923
0.4607463094150953, 0.45666789216572923
0.4607463094150953, 0.45666789216572923
0.4607463094150953, 0.45666789216572923
0.4607463094150953, 0.45666789216572923
0.4607463094150953, 0.45666789216572923
0.4607463094150953, 0.45666789216572923
0.4607463094150953, 0.45666789216572923
0.4607463094150953, 0.45666789216572923
0.4607463094150953, 0.45666789216572923
0.16226398294898114, 0.054391028885431125
0.16226398294898114, 0.054391028885431125
0.16226398294898114, 0.054391028885431125
0.16226398294898114, 0.054391028885431125
0.16226398294898114, 0.054391028885431125
0.16226398294898114, 0.054391028885431125
0.16226398294898114, 0.054391028885431125
0.16226398294898114, 0.054391028885431125
0.16226398294898114, 0.054391028885431125
0.16226398294898114, 0.054391028885431125
0.9732430286262737, 0.5553133025659008
0.9732430286262737, 0.5553133025659008
0.9732430286262737, 0.5553133025659008
0.9732430286262737, 0.5553133025659008
0.9732430286262737, 0.5553133025659008
0.9732430286262737, 0.5553133025659008
0.9732430286262737, 0.5553133025659008
0.9732430286262737, 0.5553133025659008
0.9732430286262737, 0.5553133025659008
0.9732430286262737, 0.5553133025659008
0.7189760073516271, 0.48079537902320235
0.7189760073516271, 0.48079537902320235
0.7189760073516271, 0.48079537902320235
0.7189760073516271, 0.48079537902320235
0.7189760073516271, 0.48079537902320235
0.7189760073516271, 0.48079537902320235
0.7189760073516271, 0.48079537902320235
0.7189760073516271, 0.48079537902320235
0.7189760073516271, 0.48079537902320235
0.7189760073516271, 0.48079537902320235
0.5358137875167517, 0.9810089626954126
0.5358137875167517, 0.9810089626954126
0.5358137875167517, 0.9810089626954126
0.5358137875167517, 0.9810089626954126
0.5358137875167517, 0.9810089626954126
0.5358137875167517, 0.9810089626954126
0.5358137875167517, 0.9810089626954126
0.5358137875167517, 0.9810089626954126
0.5358137875167517, 0.9810089626954126
0.5358137875167517, 0.9810089626954126
0.5892006299374501, 0.8324332649718182
0.5892006299374501, 0.8324332649718182
0.5892006299374501, 0.8324332649718182
0.5892006299374501, 0.8324332649718182
0.5892006299374501, 0.8324332649718182
0.5892006299374501, 0.8324332649718182
0.5892006299374501, 0.8324332649718182
0.5892006299374501, 0.8324332649718182
0.5892006299374501, 0.8324332649718182
0.5892006299374501, 0.8324332649718182
0.8620541582934115, 0.7853008371628738
0.8620541582934115, 0.7853008371628738
0.8620541582934115, 0.7853008371628738
0.8620541582934115, 0.7853008371628738
0.8620541582934115, 0.7853008371628738
0.8620541582934115, 0.7853008371628738
0.8620541582934115, 0.7853008371628738
0.8620541582934115, 0.7853008371628738
0.8620541582934115, 0.7853008371628738
0.8620541582934115, 0.7853008371628738
0.0903801775673716, 0.9192748445718737
0.0903801775673716, 0.9192748445718737
0.0903801775673716, 0.9192748445718737
0.0903801775673716, 0.9192748445718737
0.0903801775673716, 0.9192748445718737
0.0903801775673716, 0.9192748445718737
0.0903801775673716, 0.9192748445718737
0.0903801775673716, 0.9192748445718737
0.0903801775673716, 0.9192748445718737
0.0903801775673716, 0.9192748445718737
0.7356134469098163, 0.2222966493409093
0.7356134469098163, 0.2222966493409093
0.7356134469098163, 0.2222966493409093
0.7356134469098163, 0.2222966493409093
0.7356134469098163, 0.2222966493409093
0.7356134469098163, 0.2222966493409093
0.7356134469098163, 0.2222966493409093
0.7356134469098163, 0.2222966493409093
0.7356134469098163, 0.2222966493409093
0.7356134469098163, 0.2222966493409093
0.8671827604127929, 0.47246044130550946
0.8671827604127929, 0.47246044130550946
0.8671827604127929, 0.47246044130550946
0.8671827604127929, 0.47246044130550946
0.8671827604127929, 0.47246044130550946
0.8671827604127929, 0.47246044130550946
0.8671827604127929, 0.47246044130550946
0.8671827604127929, 0.47246044130550946
0.8671827604127929, 0.47246044130550946
0.8671827604127929, 0.47246044130550946
