1e-05
0.6496745161055348, 0.1022099984667092
0.6496745161055348, 0.1022099984667092
0.6496745161055348, 0.1022099984667092
0.6496745161055348, 0.1022099984667092
0.6496745161055348, 0.1022099984667092
0.6496745161055348, 0.1022099984667092
0.6496745161055348, 0.1022099984667092
0.6496745161055348, 0.1022099984667092
0.6496745161055348, 0.1022099984667092
0.6496745161055348, 0.1022099984667092
0.7065286510266247, 0.46987900980678676
0.7065286510266247, 0.46987900980678676
0.7065286510266247, 0.46987900980678676
0.7065286510266247, 0.46987900980678676
0.7065286510266247, 0.46987900980678676
0.7065286510266247, 0.46987900980678676
0.7065286510266247, 0.46987900980678676
0.7065286510266247, 0.46987900980678676
0.7065286510266247, 0.46987900980678676
0.7065286510266247, 0.46987900980678676
0.769142762105107, 0.710605408438346
0.769142762105107, 0.710605408438346
0.769142762105107, 0.710605408438346
0.769142762105107, 0.710605408438346
0.769142762105107, 0.710605408438346
0.769142762105107, 0.710605408438346
0.769142762105107, 0.710605408438346
0.769142762105107, 0.710605408438346
0.769142762105107, 0.710605408438346
0.769142762105107, 0.710605408438346
0.5384720440087813, 0.6982079727418636
0.5384720440087813, 0.6982079727418636
0.5384720440087813, 0.6982079727418636
0.5384720440087813, 0.6982079727418636
0.5384720440087813, 0.6982079727418636
0.5384720440087813, 0.6982079727418636
0.5384720440087813, 0.6982079727418636
0.5384720440087813, 0.6982079727418636
0.5384720440087813, 0.6982079727418636
0.5384720440087813, 0.6982079727418636
0.0632334739853927, 0.9852921459508338
0.0632334739853927, 0.9852921459508338
0.0632334739853927, 0.9852921459508338
0.0632334739853927, 0.9852921459508338
0.0632334739853927, 0.9852921459508338
0.0632334739853927, 0.9852921459508338
0.0632334739853927, 0.9852921459508338
0.0632334739853927, 0.9852921459508338
0.0632334739853927, 0.9852921459508338
0.0632334739853927, 0.9852921459508338
0.6643593562153064, 0.6267321473336823
0.6643593562153064, 0.6267321473336823
0.6643593562153064, 0.6267321473336823
0.6643593562153064, 0.6267321473336823
0.6643593562153064, 0.6267321473336823
0.6643593562153064, 0.6267321473336823
0.6643593562153064, 0.6267321473336823
0.6643593562153064, 0.6267321473336823
0.6643593562153064, 0.6267321473336823
0.6643593562153064, 0.6267321473336823
0.8671327353074053, 0.7354709358983564
0.8671327353074053, 0.7354709358983564
0.8671327353074053, 0.7354709358983564
0.8671327353074053, 0.7354709358983564
0.8671327353074053, 0.7354709358983564
0.8671327353074053, 0.7354709358983564
0.8671327353074053, 0.7354709358983564
0.8671327353074053, 0.7354709358983564
0.8671327353074053, 0.7354709358983564
0.8671327353074053, 0.7354709358983564
0.40171562088899726, 0.8841238221044617
0.40171562088899726, 0.8841238221044617
0.40171562088899726, 0.8841238221044617
0.40171562088899726, 0.8841238221044617
0.40171562088899726, 0.8841238221044617
0.40171562088899726, 0.8841238221044617
0.40171562088899726, 0.8841238221044617
0.40171562088899726, 0.8841238221044617
0.40171562088899726, 0.8841238221044617
0.40171562088899726, 0.8841238221044617
0.9229064886296161, 0.29039030072288563
0.9229064886296161, 0.29039030072288563
0.9229064886296161, 0.29039030072288563
0.9229064886296161, 0.29039030072288563
0.9229064886296161, 0.29039030072288563
0.9229064886296161, 0.29039030072288563
0.9229064886296161, 0.29039030072288563
0.9229064886296161, 0.29039030072288563
0.9229064886296161, 0.29039030072288563
0.9229064886296161, 0.29039030072288563
0.6119794413061792, 0.08408945012585645
0.6119794413061792, 0.08408945012585645
0.6119794413061792, 0.08408945012585645
0.6119794413061792, 0.08408945012585645
0.6119794413061792, 0.08408945012585645
0.6119794413061792, 0.08408945012585645
0.6119794413061792, 0.08408945012585645
0.6119794413061792, 0.08408945012585645
0.6119794413061792, 0.08408945012585645
0.6119794413061792, 0.08408945012585645
