1e-05
0.5205764781869897, 0.34655396080439127
0.5205764781869897, 0.34655396080439127
0.5205764781869897, 0.34655396080439127
0.5205764781869897, 0.34655396080439127
0.5205764781869897, 0.34655396080439127
0.5205764781869897, 0.34655396080439127
0.5205764781869897, 0.34655396080439127
0.5205764781869897, 0.34655396080439127
0.5205764781869897, 0.34655396080439127
0.5205764781869897, 0.34655396080439127
0.21639698948051023, 0.45175018231987507
0.21639698948051023, 0.45175018231987507
0.21639698948051023, 0.45175018231987507
0.21639698948051023, 0.45175018231987507
0.21639698948051023, 0.45175018231987507
0.21639698948051023, 0.45175018231987507
0.21639698948051023, 0.45175018231987507
0.21639698948051023, 0.45175018231987507
0.21639698948051023, 0.45175018231987507
0.21639698948051023, 0.45175018231987507
0.6754603922057988, 0.6451525066255135
0.6754603922057988, 0.6451525066255135
0.6754603922057988, 0.6451525066255135
0.6754603922057988, 0.6451525066255135
0.6754603922057988, 0.6451525066255135
0.6754603922057988, 0.6451525066255135
0.6754603922057988, 0.6451525066255135
0.6754603922057988, 0.6451525066255135
0.6754603922057988, 0.6451525066255135
0.6754603922057988, 0.6451525066255135
0.7489870736996207, 0.3288021440723099
0.7489870736996207, 0.3288021440723099
0.7489870736996207, 0.3288021440723099
0.7489870736996207, 0.3288021440723099
0.7489870736996207, 0.3288021440723099
0.7489870736996207, 0.3288021440723099
0.7489870736996207, 0.3288021440723099
0.7489870736996207, 0.3288021440723099
0.7489870736996207, 0.3288021440723099
0.7489870736996207, 0.3288021440723099
0.6279448808570867, 0.03296146185835225
0.6279448808570867, 0.03296146185835225
0.6279448808570867, 0.03296146185835225
0.6279448808570867, 0.03296146185835225
0.6279448808570867, 0.03296146185835225
0.6279448808570867, 0.03296146185835225
0.6279448808570867, 0.03296146185835225
0.6279448808570867, 0.03296146185835225
0.6279448808570867, 0.03296146185835225
0.6279448808570867, 0.03296146185835225
0.1910498667832956, 0.3354044884087375
0.1910498667832956, 0.3354044884087375
0.1910498667832956, 0.3354044884087375
0.1910498667832956, 0.3354044884087375
0.1910498667832956, 0.3354044884087375
0.1910498667832956, 0.3354044884087375
0.1910498667832956, 0.3354044884087375
0.1910498667832956, 0.3354044884087375
0.1910498667832956, 0.3354044884087375
0.1910498667832956, 0.3354044884087375
0.025387370233299622, 0.7372554437832028
0.025387370233299622, 0.7372554437832028
0.025387370233299622, 0.7372554437832028
0.025387370233299622, 0.7372554437832028
0.025387370233299622, 0.7372554437832028
0.025387370233299622, 0.7372554437832028
0.025387370233299622, 0.7372554437832028
0.025387370233299622, 0.7372554437832028
0.025387370233299622, 0.7372554437832028
0.025387370233299622, 0.7372554437832028
0.8783587500543704, 0.5103339336657242
0.8783587500543704, 0.5103339336657242
0.8783587500543704, 0.5103339336657242
0.8783587500543704, 0.5103339336657242
0.8783587500543704, 0.5103339336657242
0.8783587500543704, 0.5103339336657242
0.8783587500543704, 0.5103339336657242
0.8783587500543704, 0.5103339336657242
0.8783587500543704, 0.5103339336657242
0.8783587500543704, 0.5103339336657242
0.20715810058051942, 0.3006760203893827
0.20715810058051942, 0.3006760203893827
0.20715810058051942, 0.3006760203893827
0.20715810058051942, 0.3006760203893827
0.20715810058051942, 0.3006760203893827
0.20715810058051942, 0.3006760203893827
0.20715810058051942, 0.3006760203893827
0.20715810058051942, 0.3006760203893827
0.20715810058051942, 0.3006760203893827
0.20715810058051942, 0.3006760203893827
0.05930959779235956, 0.9662913495836338
0.05930959779235956, 0.9662913495836338
0.05930959779235956, 0.9662913495836338
0.05930959779235956, 0.9662913495836338
0.05930959779235956, 0.9662913495836338
0.05930959779235956, 0.9662913495836338
0.05930959779235956, 0.9662913495836338
0.05930959779235956, 0.9662913495836338
0.05930959779235956, 0.9662913495836338
0.05930959779235956, 0.9662913495836338
