1e-05
0.7125893748426948, 0.3178843809442955
0.7125893748426948, 0.3178843809442955
0.7125893748426948, 0.3178843809442955
0.7125893748426948, 0.3178843809442955
0.7125893748426948, 0.3178843809442955
0.7125893748426948, 0.3178843809442955
0.7125893748426948, 0.3178843809442955
0.7125893748426948, 0.3178843809442955
0.7125893748426948, 0.3178843809442955
0.7125893748426948, 0.3178843809442955
0.6223512139303646, 0.21567562141798835
0.6223512139303646, 0.21567562141798835
0.6223512139303646, 0.21567562141798835
0.6223512139303646, 0.21567562141798835
0.6223512139303646, 0.21567562141798835
0.6223512139303646, 0.21567562141798835
0.6223512139303646, 0.21567562141798835
0.6223512139303646, 0.21567562141798835
0.6223512139303646, 0.21567562141798835
0.6223512139303646, 0.21567562141798835
0.07617426575016473, 0.7678487912009676
0.07617426575016473, 0.7678487912009676
0.07617426575016473, 0.7678487912009676
0.07617426575016473, 0.7678487912009676
0.07617426575016473, 0.7678487912009676
0.07617426575016473, 0.7678487912009676
0.07617426575016473, 0.7678487912009676
0.07617426575016473, 0.7678487912009676
0.07617426575016473, 0.7678487912009676
0.07617426575016473, 0.7678487912009676
0.8188644768250066, 0.17239580479325112
0.8188644768250066, 0.17239580479325112
0.8188644768250066, 0.17239580479325112
0.8188644768250066, 0.17239580479325112
0.8188644768250066, 0.17239580479325112
0.8188644768250066, 0.17239580479325112
0.8188644768250066, 0.17239580479325112
0.8188644768250066, 0.17239580479325112
0.8188644768250066, 0.17239580479325112
0.8188644768250066, 0.17239580479325112
0.8092891560056352, 0.7370521927809658
0.8092891560056352, 0.7370521927809658
0.8092891560056352, 0.7370521927809658
0.8092891560056352, 0.7370521927809658
0.8092891560056352, 0.7370521927809658
0.8092891560056352, 0.7370521927809658
0.8092891560056352, 0.7370521927809658
0.8092891560056352, 0.7370521927809658
0.8092891560056352, 0.7370521927809658
0.8092891560056352, 0.7370521927809658
0.7328041928681612, 0.27293928547851165
0.7328041928681612, 0.27293928547851165
0.7328041928681612, 0.27293928547851165
0.7328041928681612, 0.27293928547851165
0.7328041928681612, 0.27293928547851165
0.7328041928681612, 0.27293928547851165
0.7328041928681612, 0.27293928547851165
0.7328041928681612, 0.27293928547851165
0.7328041928681612, 0.27293928547851165
0.7328041928681612, 0.27293928547851165
0.9810909990601646, 0.36263124103544164
0.9810909990601646, 0.36263124103544164
0.9810909990601646, 0.36263124103544164
0.9810909990601646, 0.36263124103544164
0.9810909990601646, 0.36263124103544164
0.9810909990601646, 0.36263124103544164
0.9810909990601646, 0.36263124103544164
0.9810909990601646, 0.36263124103544164
0.9810909990601646, 0.36263124103544164
0.9810909990601646, 0.36263124103544164
0.29699164691698077, 0.3841614620398045
0.29699164691698077, 0.3841614620398045
0.29699164691698077, 0.3841614620398045
0.29699164691698077, 0.3841614620398045
0.29699164691698077, 0.3841614620398045
0.29699164691698077, 0.3841614620398045
0.29699164691698077, 0.3841614620398045
0.29699164691698077, 0.3841614620398045
0.29699164691698077, 0.3841614620398045
0.29699164691698077, 0.3841614620398045
0.6471885706817162, 0.32616034877842703
0.6471885706817162, 0.32616034877842703
0.6471885706817162, 0.32616034877842703
0.6471885706817162, 0.32616034877842703
0.6471885706817162, 0.32616034877842703
0.6471885706817162, 0.32616034877842703
0.6471885706817162, 0.32616034877842703
0.6471885706817162, 0.32616034877842703
0.6471885706817162, 0.32616034877842703
0.6471885706817162, 0.32616034877842703
0.794684278548628, 0.35138613013421327
0.794684278548628, 0.35138613013421327
0.794684278548628, 0.35138613013421327
0.794684278548628, 0.35138613013421327
0.794684278548628, 0.35138613013421327
0.794684278548628, 0.35138613013421327
0.794684278548628, 0.35138613013421327
0.794684278548628, 0.35138613013421327
0.794684278548628, 0.35138613013421327
0.794684278548628, 0.35138613013421327
