1e-05
0.3814752448924996, 0.34107647373575767
0.3814752448924996, 0.34107647373575767
0.3814752448924996, 0.34107647373575767
0.3814752448924996, 0.34107647373575767
0.3814752448924996, 0.34107647373575767
0.3814752448924996, 0.34107647373575767
0.3814752448924996, 0.34107647373575767
0.3814752448924996, 0.34107647373575767
0.3814752448924996, 0.34107647373575767
0.3814752448924996, 0.34107647373575767
0.05617964972074252, 0.17199760933188613
0.05617964972074252, 0.17199760933188613
0.05617964972074252, 0.17199760933188613
0.05617964972074252, 0.17199760933188613
0.05617964972074252, 0.17199760933188613
0.05617964972074252, 0.17199760933188613
0.05617964972074252, 0.17199760933188613
0.05617964972074252, 0.17199760933188613
0.05617964972074252, 0.17199760933188613
0.05617964972074252, 0.17199760933188613
0.8140689381173242, 0.2034689449300383
0.8140689381173242, 0.2034689449300383
0.8140689381173242, 0.2034689449300383
0.8140689381173242, 0.2034689449300383
0.8140689381173242, 0.2034689449300383
0.8140689381173242, 0.2034689449300383
0.8140689381173242, 0.2034689449300383
0.8140689381173242, 0.2034689449300383
0.8140689381173242, 0.2034689449300383
0.8140689381173242, 0.2034689449300383
0.23411188247214487, 0.8874928601969619
0.23411188247214487, 0.8874928601969619
0.23411188247214487, 0.8874928601969619
0.23411188247214487, 0.8874928601969619
0.23411188247214487, 0.8874928601969619
0.23411188247214487, 0.8874928601969619
0.23411188247214487, 0.8874928601969619
0.23411188247214487, 0.8874928601969619
0.23411188247214487, 0.8874928601969619
0.23411188247214487, 0.8874928601969619
0.9642044693382094, 0.8342490747492016
0.9642044693382094, 0.8342490747492016
0.9642044693382094, 0.8342490747492016
0.9642044693382094, 0.8342490747492016
0.9642044693382094, 0.8342490747492016
0.9642044693382094, 0.8342490747492016
0.9642044693382094, 0.8342490747492016
0.9642044693382094, 0.8342490747492016
0.9642044693382094, 0.8342490747492016
0.9642044693382094, 0.8342490747492016
0.17941182054497362, 0.28128042151261956
0.17941182054497362, 0.28128042151261956
0.17941182054497362, 0.28128042151261956
0.17941182054497362, 0.28128042151261956
0.17941182054497362, 0.28128042151261956
0.17941182054497362, 0.28128042151261956
0.17941182054497362, 0.28128042151261956
0.17941182054497362, 0.28128042151261956
0.17941182054497362, 0.28128042151261956
0.17941182054497362, 0.28128042151261956
0.36076038725772475, 0.6074796690677964
0.36076038725772475, 0.6074796690677964
0.36076038725772475, 0.6074796690677964
0.36076038725772475, 0.6074796690677964
0.36076038725772475, 0.6074796690677964
0.36076038725772475, 0.6074796690677964
0.36076038725772475, 0.6074796690677964
0.36076038725772475, 0.6074796690677964
0.36076038725772475, 0.6074796690677964
0.36076038725772475, 0.6074796690677964
0.4360201079479039, 0.44987142503757926
0.4360201079479039, 0.44987142503757926
0.4360201079479039, 0.44987142503757926
0.4360201079479039, 0.44987142503757926
0.4360201079479039, 0.44987142503757926
0.4360201079479039, 0.44987142503757926
0.4360201079479039, 0.44987142503757926
0.4360201079479039, 0.44987142503757926
0.4360201079479039, 0.44987142503757926
0.4360201079479039, 0.44987142503757926
0.635352847428725, 0.07504386187351786
0.635352847428725, 0.07504386187351786
0.635352847428725, 0.07504386187351786
0.635352847428725, 0.07504386187351786
0.635352847428725, 0.07504386187351786
0.635352847428725, 0.07504386187351786
0.635352847428725, 0.07504386187351786
0.635352847428725, 0.07504386187351786
0.635352847428725, 0.07504386187351786
0.635352847428725, 0.07504386187351786
0.8420469604630896, 0.040032058267959636
0.8420469604630896, 0.040032058267959636
0.8420469604630896, 0.040032058267959636
0.8420469604630896, 0.040032058267959636
0.8420469604630896, 0.040032058267959636
0.8420469604630896, 0.040032058267959636
0.8420469604630896, 0.040032058267959636
0.8420469604630896, 0.040032058267959636
0.8420469604630896, 0.040032058267959636
0.8420469604630896, 0.040032058267959636
