1e-05
0.24892394538798868, 0.31801682986040025
0.24892394538798868, 0.31801682986040025
0.24892394538798868, 0.31801682986040025
0.24892394538798868, 0.31801682986040025
0.24892394538798868, 0.31801682986040025
0.24892394538798868, 0.31801682986040025
0.24892394538798868, 0.31801682986040025
0.24892394538798868, 0.31801682986040025
0.24892394538798868, 0.31801682986040025
0.24892394538798868, 0.31801682986040025
0.38574240680167704, 0.6294607544947889
0.38574240680167704, 0.6294607544947889
0.38574240680167704, 0.6294607544947889
0.38574240680167704, 0.6294607544947889
0.38574240680167704, 0.6294607544947889
0.38574240680167704, 0.6294607544947889
0.38574240680167704, 0.6294607544947889
0.38574240680167704, 0.6294607544947889
0.38574240680167704, 0.6294607544947889
0.38574240680167704, 0.6294607544947889
0.9602842902140181, 0.15916921212608026
0.9602842902140181, 0.15916921212608026
0.9602842902140181, 0.15916921212608026
0.9602842902140181, 0.15916921212608026
0.9602842902140181, 0.15916921212608026
0.9602842902140181, 0.15916921212608026
0.9602842902140181, 0.15916921212608026
0.9602842902140181, 0.15916921212608026
0.9602842902140181, 0.15916921212608026
0.9602842902140181, 0.15916921212608026
0.024855175468008084, 0.48701694106635685
0.024855175468008084, 0.48701694106635685
0.024855175468008084, 0.48701694106635685
0.024855175468008084, 0.48701694106635685
0.024855175468008084, 0.48701694106635685
0.024855175468008084, 0.48701694106635685
0.024855175468008084, 0.48701694106635685
0.024855175468008084, 0.48701694106635685
0.024855175468008084, 0.48701694106635685
0.024855175468008084, 0.48701694106635685
0.012592655124789243, 0.791755042950229
0.012592655124789243, 0.791755042950229
0.012592655124789243, 0.791755042950229
0.012592655124789243, 0.791755042950229
0.012592655124789243, 0.791755042950229
0.012592655124789243, 0.791755042950229
0.012592655124789243, 0.791755042950229
0.012592655124789243, 0.791755042950229
0.012592655124789243, 0.791755042950229
0.012592655124789243, 0.791755042950229
0.21236348613664136, 0.718401652145007
0.21236348613664136, 0.718401652145007
0.21236348613664136, 0.718401652145007
0.21236348613664136, 0.718401652145007
0.21236348613664136, 0.718401652145007
0.21236348613664136, 0.718401652145007
0.21236348613664136, 0.718401652145007
0.21236348613664136, 0.718401652145007
0.21236348613664136, 0.718401652145007
0.21236348613664136, 0.718401652145007
0.20583770314905525, 0.16103385499907208
0.20583770314905525, 0.16103385499907208
0.20583770314905525, 0.16103385499907208
0.20583770314905525, 0.16103385499907208
0.20583770314905525, 0.16103385499907208
0.20583770314905525, 0.16103385499907208
0.20583770314905525, 0.16103385499907208
0.20583770314905525, 0.16103385499907208
0.20583770314905525, 0.16103385499907208
0.20583770314905525, 0.16103385499907208
0.9236865378886264, 0.20275794603417252
0.9236865378886264, 0.20275794603417252
0.9236865378886264, 0.20275794603417252
0.9236865378886264, 0.20275794603417252
0.9236865378886264, 0.20275794603417252
0.9236865378886264, 0.20275794603417252
0.9236865378886264, 0.20275794603417252
0.9236865378886264, 0.20275794603417252
0.9236865378886264, 0.20275794603417252
0.9236865378886264, 0.20275794603417252
0.9599270690497617, 0.4085279572024405
0.9599270690497617, 0.4085279572024405
0.9599270690497617, 0.4085279572024405
0.9599270690497617, 0.4085279572024405
0.9599270690497617, 0.4085279572024405
0.9599270690497617, 0.4085279572024405
0.9599270690497617, 0.4085279572024405
0.9599270690497617, 0.4085279572024405
0.9599270690497617, 0.4085279572024405
0.9599270690497617, 0.4085279572024405
0.9939047369605103, 0.5203244650424375
0.9939047369605103, 0.5203244650424375
0.9939047369605103, 0.5203244650424375
0.9939047369605103, 0.5203244650424375
0.9939047369605103, 0.5203244650424375
0.9939047369605103, 0.5203244650424375
0.9939047369605103, 0.5203244650424375
0.9939047369605103, 0.5203244650424375
0.9939047369605103, 0.5203244650424375
0.9939047369605103, 0.5203244650424375
