1e-05
0.14881424069313087, 0.39022660383161345
0.14881424069313087, 0.39022660383161345
0.14881424069313087, 0.39022660383161345
0.14881424069313087, 0.39022660383161345
0.14881424069313087, 0.39022660383161345
0.14881424069313087, 0.39022660383161345
0.14881424069313087, 0.39022660383161345
0.14881424069313087, 0.39022660383161345
0.14881424069313087, 0.39022660383161345
0.14881424069313087, 0.39022660383161345
0.9852050384723261, 0.8917465369538795
0.9852050384723261, 0.8917465369538795
0.9852050384723261, 0.8917465369538795
0.9852050384723261, 0.8917465369538795
0.9852050384723261, 0.8917465369538795
0.9852050384723261, 0.8917465369538795
0.9852050384723261, 0.8917465369538795
0.9852050384723261, 0.8917465369538795
0.9852050384723261, 0.8917465369538795
0.9852050384723261, 0.8917465369538795
0.3276652506437038, 0.9763293615832039
0.3276652506437038, 0.9763293615832039
0.3276652506437038, 0.9763293615832039
0.3276652506437038, 0.9763293615832039
0.3276652506437038, 0.9763293615832039
0.3276652506437038, 0.9763293615832039
0.3276652506437038, 0.9763293615832039
0.3276652506437038, 0.9763293615832039
0.3276652506437038, 0.9763293615832039
0.3276652506437038, 0.9763293615832039
0.0030942989790956332, 0.8543167946383827
0.0030942989790956332, 0.8543167946383827
0.0030942989790956332, 0.8543167946383827
0.0030942989790956332, 0.8543167946383827
0.0030942989790956332, 0.8543167946383827
0.0030942989790956332, 0.8543167946383827
0.0030942989790956332, 0.8543167946383827
0.0030942989790956332, 0.8543167946383827
0.0030942989790956332, 0.8543167946383827
0.0030942989790956332, 0.8543167946383827
0.797050037739884, 0.18977695638047454
0.797050037739884, 0.18977695638047454
0.797050037739884, 0.18977695638047454
0.797050037739884, 0.18977695638047454
0.797050037739884, 0.18977695638047454
0.797050037739884, 0.18977695638047454
0.797050037739884, 0.18977695638047454
0.797050037739884, 0.18977695638047454
0.797050037739884, 0.18977695638047454
0.797050037739884, 0.18977695638047454
0.7065904599252526, 0.3902067257559636
0.7065904599252526, 0.3902067257559636
0.7065904599252526, 0.3902067257559636
0.7065904599252526, 0.3902067257559636
0.7065904599252526, 0.3902067257559636
0.7065904599252526, 0.3902067257559636
0.7065904599252526, 0.3902067257559636
0.7065904599252526, 0.3902067257559636
0.7065904599252526, 0.3902067257559636
0.7065904599252526, 0.3902067257559636
0.8328733133220089, 0.1937455444764059
0.8328733133220089, 0.1937455444764059
0.8328733133220089, 0.1937455444764059
0.8328733133220089, 0.1937455444764059
0.8328733133220089, 0.1937455444764059
0.8328733133220089, 0.1937455444764059
0.8328733133220089, 0.1937455444764059
0.8328733133220089, 0.1937455444764059
0.8328733133220089, 0.1937455444764059
0.8328733133220089, 0.1937455444764059
0.6268737024147651, 0.5006853485050902
0.6268737024147651, 0.5006853485050902
0.6268737024147651, 0.5006853485050902
0.6268737024147651, 0.5006853485050902
0.6268737024147651, 0.5006853485050902
0.6268737024147651, 0.5006853485050902
0.6268737024147651, 0.5006853485050902
0.6268737024147651, 0.5006853485050902
0.6268737024147651, 0.5006853485050902
0.6268737024147651, 0.5006853485050902
0.40698332979039553, 0.3577710122268398
0.40698332979039553, 0.3577710122268398
0.40698332979039553, 0.3577710122268398
0.40698332979039553, 0.3577710122268398
0.40698332979039553, 0.3577710122268398
0.40698332979039553, 0.3577710122268398
0.40698332979039553, 0.3577710122268398
0.40698332979039553, 0.3577710122268398
0.40698332979039553, 0.3577710122268398
0.40698332979039553, 0.3577710122268398
0.690463967101554, 0.20675520128425096
0.690463967101554, 0.20675520128425096
0.690463967101554, 0.20675520128425096
0.690463967101554, 0.20675520128425096
0.690463967101554, 0.20675520128425096
0.690463967101554, 0.20675520128425096
0.690463967101554, 0.20675520128425096
0.690463967101554, 0.20675520128425096
0.690463967101554, 0.20675520128425096
0.690463967101554, 0.20675520128425096
