1e-05
0.4956355048409411, 0.07803016265728346
0.4956355048409411, 0.07803016265728346
0.4956355048409411, 0.07803016265728346
0.4956355048409411, 0.07803016265728346
0.4956355048409411, 0.07803016265728346
0.4956355048409411, 0.07803016265728346
0.4956355048409411, 0.07803016265728346
0.4956355048409411, 0.07803016265728346
0.4956355048409411, 0.07803016265728346
0.4956355048409411, 0.07803016265728346
0.1936474201310664, 0.3548719038985635
0.1936474201310664, 0.3548719038985635
0.1936474201310664, 0.3548719038985635
0.1936474201310664, 0.3548719038985635
0.1936474201310664, 0.3548719038985635
0.1936474201310664, 0.3548719038985635
0.1936474201310664, 0.3548719038985635
0.1936474201310664, 0.3548719038985635
0.1936474201310664, 0.3548719038985635
0.1936474201310664, 0.3548719038985635
0.6571728591094819, 0.46065178610025115
0.6571728591094819, 0.46065178610025115
0.6571728591094819, 0.46065178610025115
0.6571728591094819, 0.46065178610025115
0.6571728591094819, 0.46065178610025115
0.6571728591094819, 0.46065178610025115
0.6571728591094819, 0.46065178610025115
0.6571728591094819, 0.46065178610025115
0.6571728591094819, 0.46065178610025115
0.6571728591094819, 0.46065178610025115
0.38213132003463857, 0.16637566173466023
0.38213132003463857, 0.16637566173466023
0.38213132003463857, 0.16637566173466023
0.38213132003463857, 0.16637566173466023
0.38213132003463857, 0.16637566173466023
0.38213132003463857, 0.16637566173466023
0.38213132003463857, 0.16637566173466023
0.38213132003463857, 0.16637566173466023
0.38213132003463857, 0.16637566173466023
0.38213132003463857, 0.16637566173466023
0.5369734899202387, 0.17258188131129937
0.5369734899202387, 0.17258188131129937
0.5369734899202387, 0.17258188131129937
0.5369734899202387, 0.17258188131129937
0.5369734899202387, 0.17258188131129937
0.5369734899202387, 0.17258188131129937
0.5369734899202387, 0.17258188131129937
0.5369734899202387, 0.17258188131129937
0.5369734899202387, 0.17258188131129937
0.5369734899202387, 0.17258188131129937
0.34961242354448685, 0.11603762170305298
0.34961242354448685, 0.11603762170305298
0.34961242354448685, 0.11603762170305298
0.34961242354448685, 0.11603762170305298
0.34961242354448685, 0.11603762170305298
0.34961242354448685, 0.11603762170305298
0.34961242354448685, 0.11603762170305298
0.34961242354448685, 0.11603762170305298
0.34961242354448685, 0.11603762170305298
0.34961242354448685, 0.11603762170305298
0.40597629978858363, 0.5303380328735884
0.40597629978858363, 0.5303380328735884
0.40597629978858363, 0.5303380328735884
0.40597629978858363, 0.5303380328735884
0.40597629978858363, 0.5303380328735884
0.40597629978858363, 0.5303380328735884
0.40597629978858363, 0.5303380328735884
0.40597629978858363, 0.5303380328735884
0.40597629978858363, 0.5303380328735884
0.40597629978858363, 0.5303380328735884
0.5893341902875809, 0.5201406451215179
0.5893341902875809, 0.5201406451215179
0.5893341902875809, 0.5201406451215179
0.5893341902875809, 0.5201406451215179
0.5893341902875809, 0.5201406451215179
0.5893341902875809, 0.5201406451215179
0.5893341902875809, 0.5201406451215179
0.5893341902875809, 0.5201406451215179
0.5893341902875809, 0.5201406451215179
0.5893341902875809, 0.5201406451215179
0.762714257921212, 0.6671228940134712
0.762714257921212, 0.6671228940134712
0.762714257921212, 0.6671228940134712
0.762714257921212, 0.6671228940134712
0.762714257921212, 0.6671228940134712
0.762714257921212, 0.6671228940134712
0.762714257921212, 0.6671228940134712
0.762714257921212, 0.6671228940134712
0.762714257921212, 0.6671228940134712
0.762714257921212, 0.6671228940134712
0.6410165303382935, 0.7978648206299331
0.6410165303382935, 0.7978648206299331
0.6410165303382935, 0.7978648206299331
0.6410165303382935, 0.7978648206299331
0.6410165303382935, 0.7978648206299331
0.6410165303382935, 0.7978648206299331
0.6410165303382935, 0.7978648206299331
0.6410165303382935, 0.7978648206299331
0.6410165303382935, 0.7978648206299331
0.6410165303382935, 0.7978648206299331
