1e-05
0.8674928131813456, 0.7498221438755519
0.8674928131813456, 0.7498221438755519
0.8674928131813456, 0.7498221438755519
0.8674928131813456, 0.7498221438755519
0.8674928131813456, 0.7498221438755519
0.8674928131813456, 0.7498221438755519
0.8674928131813456, 0.7498221438755519
0.8674928131813456, 0.7498221438755519
0.8674928131813456, 0.7498221438755519
0.8674928131813456, 0.7498221438755519
0.020729341422008885, 0.18361980709722459
0.020729341422008885, 0.18361980709722459
0.020729341422008885, 0.18361980709722459
0.020729341422008885, 0.18361980709722459
0.020729341422008885, 0.18361980709722459
0.020729341422008885, 0.18361980709722459
0.020729341422008885, 0.18361980709722459
0.020729341422008885, 0.18361980709722459
0.020729341422008885, 0.18361980709722459
0.020729341422008885, 0.18361980709722459
0.586211744245936, 0.8633400964361071
0.586211744245936, 0.8633400964361071
0.586211744245936, 0.8633400964361071
0.586211744245936, 0.8633400964361071
0.586211744245936, 0.8633400964361071
0.586211744245936, 0.8633400964361071
0.586211744245936, 0.8633400964361071
0.586211744245936, 0.8633400964361071
0.586211744245936, 0.8633400964361071
0.586211744245936, 0.8633400964361071
0.08947332420431253, 0.6004299538854947
0.08947332420431253, 0.6004299538854947
0.08947332420431253, 0.6004299538854947
0.08947332420431253, 0.6004299538854947
0.08947332420431253, 0.6004299538854947
0.08947332420431253, 0.6004299538854947
0.08947332420431253, 0.6004299538854947
0.08947332420431253, 0.6004299538854947
0.08947332420431253, 0.6004299538854947
0.08947332420431253, 0.6004299538854947
0.2890273823045775, 0.6356594816108703
0.2890273823045775, 0.6356594816108703
0.2890273823045775, 0.6356594816108703
0.2890273823045775, 0.6356594816108703
0.2890273823045775, 0.6356594816108703
0.2890273823045775, 0.6356594816108703
0.2890273823045775, 0.6356594816108703
0.2890273823045775, 0.6356594816108703
0.2890273823045775, 0.6356594816108703
0.2890273823045775, 0.6356594816108703
0.060096222140960553, 0.05007570918805182
0.060096222140960553, 0.05007570918805182
0.060096222140960553, 0.05007570918805182
0.060096222140960553, 0.05007570918805182
0.060096222140960553, 0.05007570918805182
0.060096222140960553, 0.05007570918805182
0.060096222140960553, 0.05007570918805182
0.060096222140960553, 0.05007570918805182
0.060096222140960553, 0.05007570918805182
0.060096222140960553, 0.05007570918805182
0.9389339813291449, 0.3029177681146762
0.9389339813291449, 0.3029177681146762
0.9389339813291449, 0.3029177681146762
0.9389339813291449, 0.3029177681146762
0.9389339813291449, 0.3029177681146762
0.9389339813291449, 0.3029177681146762
0.9389339813291449, 0.3029177681146762
0.9389339813291449, 0.3029177681146762
0.9389339813291449, 0.3029177681146762
0.9389339813291449, 0.3029177681146762
0.3597216860511152, 0.4266924441738815
0.3597216860511152, 0.4266924441738815
0.3597216860511152, 0.4266924441738815
0.3597216860511152, 0.4266924441738815
0.3597216860511152, 0.4266924441738815
0.3597216860511152, 0.4266924441738815
0.3597216860511152, 0.4266924441738815
0.3597216860511152, 0.4266924441738815
0.3597216860511152, 0.4266924441738815
0.3597216860511152, 0.4266924441738815
0.9637834323012903, 0.9823980365768062
0.9637834323012903, 0.9823980365768062
0.9637834323012903, 0.9823980365768062
0.9637834323012903, 0.9823980365768062
0.9637834323012903, 0.9823980365768062
0.9637834323012903, 0.9823980365768062
0.9637834323012903, 0.9823980365768062
0.9637834323012903, 0.9823980365768062
0.9637834323012903, 0.9823980365768062
0.9637834323012903, 0.9823980365768062
0.7220055529404027, 0.23430705614441283
0.7220055529404027, 0.23430705614441283
0.7220055529404027, 0.23430705614441283
0.7220055529404027, 0.23430705614441283
0.7220055529404027, 0.23430705614441283
0.7220055529404027, 0.23430705614441283
0.7220055529404027, 0.23430705614441283
0.7220055529404027, 0.23430705614441283
0.7220055529404027, 0.23430705614441283
0.7220055529404027, 0.23430705614441283
