1e-05
0.3017035164938092, 0.7396469729045767
0.3017035164938092, 0.7396469729045767
0.3017035164938092, 0.7396469729045767
0.3017035164938092, 0.7396469729045767
0.3017035164938092, 0.7396469729045767
0.3017035164938092, 0.7396469729045767
0.3017035164938092, 0.7396469729045767
0.3017035164938092, 0.7396469729045767
0.3017035164938092, 0.7396469729045767
0.3017035164938092, 0.7396469729045767
0.08130748897897366, 0.8745055364144364
0.08130748897897366, 0.8745055364144364
0.08130748897897366, 0.8745055364144364
0.08130748897897366, 0.8745055364144364
0.08130748897897366, 0.8745055364144364
0.08130748897897366, 0.8745055364144364
0.08130748897897366, 0.8745055364144364
0.08130748897897366, 0.8745055364144364
0.08130748897897366, 0.8745055364144364
0.08130748897897366, 0.8745055364144364
0.8183847635761367, 0.7237863302390017
0.8183847635761367, 0.7237863302390017
0.8183847635761367, 0.7237863302390017
0.8183847635761367, 0.7237863302390017
0.8183847635761367, 0.7237863302390017
0.8183847635761367, 0.7237863302390017
0.8183847635761367, 0.7237863302390017
0.8183847635761367, 0.7237863302390017
0.8183847635761367, 0.7237863302390017
0.8183847635761367, 0.7237863302390017
0.04153373550520856, 0.18448080481372442
0.04153373550520856, 0.18448080481372442
0.04153373550520856, 0.18448080481372442
0.04153373550520856, 0.18448080481372442
0.04153373550520856, 0.18448080481372442
0.04153373550520856, 0.18448080481372442
0.04153373550520856, 0.18448080481372442
0.04153373550520856, 0.18448080481372442
0.04153373550520856, 0.18448080481372442
0.04153373550520856, 0.18448080481372442
0.40888870548846346, 0.8563407835840173
0.40888870548846346, 0.8563407835840173
0.40888870548846346, 0.8563407835840173
0.40888870548846346, 0.8563407835840173
0.40888870548846346, 0.8563407835840173
0.40888870548846346, 0.8563407835840173
0.40888870548846346, 0.8563407835840173
0.40888870548846346, 0.8563407835840173
0.40888870548846346, 0.8563407835840173
0.40888870548846346, 0.8563407835840173
0.6243199086453598, 0.40103917716090587
0.6243199086453598, 0.40103917716090587
0.6243199086453598, 0.40103917716090587
0.6243199086453598, 0.40103917716090587
0.6243199086453598, 0.40103917716090587
0.6243199086453598, 0.40103917716090587
0.6243199086453598, 0.40103917716090587
0.6243199086453598, 0.40103917716090587
0.6243199086453598, 0.40103917716090587
0.6243199086453598, 0.40103917716090587
0.8043240855939106, 0.5875886162940769
0.8043240855939106, 0.5875886162940769
0.8043240855939106, 0.5875886162940769
0.8043240855939106, 0.5875886162940769
0.8043240855939106, 0.5875886162940769
0.8043240855939106, 0.5875886162940769
0.8043240855939106, 0.5875886162940769
0.8043240855939106, 0.5875886162940769
0.8043240855939106, 0.5875886162940769
0.8043240855939106, 0.5875886162940769
0.4227751680842716, 0.30405568691799933
0.4227751680842716, 0.30405568691799933
0.4227751680842716, 0.30405568691799933
0.4227751680842716, 0.30405568691799933
0.4227751680842716, 0.30405568691799933
0.4227751680842716, 0.30405568691799933
0.4227751680842716, 0.30405568691799933
0.4227751680842716, 0.30405568691799933
0.4227751680842716, 0.30405568691799933
0.4227751680842716, 0.30405568691799933
0.02475479449061624, 0.7031279968626419
0.02475479449061624, 0.7031279968626419
0.02475479449061624, 0.7031279968626419
0.02475479449061624, 0.7031279968626419
0.02475479449061624, 0.7031279968626419
0.02475479449061624, 0.7031279968626419
0.02475479449061624, 0.7031279968626419
0.02475479449061624, 0.7031279968626419
0.02475479449061624, 0.7031279968626419
0.02475479449061624, 0.7031279968626419
0.7038261588974002, 0.45558690800934465
0.7038261588974002, 0.45558690800934465
0.7038261588974002, 0.45558690800934465
0.7038261588974002, 0.45558690800934465
0.7038261588974002, 0.45558690800934465
0.7038261588974002, 0.45558690800934465
0.7038261588974002, 0.45558690800934465
0.7038261588974002, 0.45558690800934465
0.7038261588974002, 0.45558690800934465
0.7038261588974002, 0.45558690800934465
