1e-05
0.4933324249248019, 0.5091830352844019
0.4933324249248019, 0.5091830352844019
0.4933324249248019, 0.5091830352844019
0.4933324249248019, 0.5091830352844019
0.4933324249248019, 0.5091830352844019
0.4933324249248019, 0.5091830352844019
0.4933324249248019, 0.5091830352844019
0.4933324249248019, 0.5091830352844019
0.4933324249248019, 0.5091830352844019
0.4933324249248019, 0.5091830352844019
0.05271057061629392, 0.8036873006933128
0.05271057061629392, 0.8036873006933128
0.05271057061629392, 0.8036873006933128
0.05271057061629392, 0.8036873006933128
0.05271057061629392, 0.8036873006933128
0.05271057061629392, 0.8036873006933128
0.05271057061629392, 0.8036873006933128
0.05271057061629392, 0.8036873006933128
0.05271057061629392, 0.8036873006933128
0.05271057061629392, 0.8036873006933128
0.3327382896419925, 0.5832451746465305
0.3327382896419925, 0.5832451746465305
0.3327382896419925, 0.5832451746465305
0.3327382896419925, 0.5832451746465305
0.3327382896419925, 0.5832451746465305
0.3327382896419925, 0.5832451746465305
0.3327382896419925, 0.5832451746465305
0.3327382896419925, 0.5832451746465305
0.3327382896419925, 0.5832451746465305
0.3327382896419925, 0.5832451746465305
0.8883350311816366, 0.9053777973037412
0.8883350311816366, 0.9053777973037412
0.8883350311816366, 0.9053777973037412
0.8883350311816366, 0.9053777973037412
0.8883350311816366, 0.9053777973037412
0.8883350311816366, 0.9053777973037412
0.8883350311816366, 0.9053777973037412
0.8883350311816366, 0.9053777973037412
0.8883350311816366, 0.9053777973037412
0.8883350311816366, 0.9053777973037412
0.072471950232324, 0.7234816342838072
0.072471950232324, 0.7234816342838072
0.072471950232324, 0.7234816342838072
0.072471950232324, 0.7234816342838072
0.072471950232324, 0.7234816342838072
0.072471950232324, 0.7234816342838072
0.072471950232324, 0.7234816342838072
0.072471950232324, 0.7234816342838072
0.072471950232324, 0.7234816342838072
0.072471950232324, 0.7234816342838072
0.33484355064749005, 0.20653923456637424
0.33484355064749005, 0.20653923456637424
0.33484355064749005, 0.20653923456637424
0.33484355064749005, 0.20653923456637424
0.33484355064749005, 0.20653923456637424
0.33484355064749005, 0.20653923456637424
0.33484355064749005, 0.20653923456637424
0.33484355064749005, 0.20653923456637424
0.33484355064749005, 0.20653923456637424
0.33484355064749005, 0.20653923456637424
0.14693714439228012, 0.8827199556147566
0.14693714439228012, 0.8827199556147566
0.14693714439228012, 0.8827199556147566
0.14693714439228012, 0.8827199556147566
0.14693714439228012, 0.8827199556147566
0.14693714439228012, 0.8827199556147566
0.14693714439228012, 0.8827199556147566
0.14693714439228012, 0.8827199556147566
0.14693714439228012, 0.8827199556147566
0.14693714439228012, 0.8827199556147566
0.9022885939585801, 0.6207932789595048
0.9022885939585801, 0.6207932789595048
0.9022885939585801, 0.6207932789595048
0.9022885939585801, 0.6207932789595048
0.9022885939585801, 0.6207932789595048
0.9022885939585801, 0.6207932789595048
0.9022885939585801, 0.6207932789595048
0.9022885939585801, 0.6207932789595048
0.9022885939585801, 0.6207932789595048
0.9022885939585801, 0.6207932789595048
0.6789069720705451, 0.02792526429484432
0.6789069720705451, 0.02792526429484432
0.6789069720705451, 0.02792526429484432
0.6789069720705451, 0.02792526429484432
0.6789069720705451, 0.02792526429484432
0.6789069720705451, 0.02792526429484432
0.6789069720705451, 0.02792526429484432
0.6789069720705451, 0.02792526429484432
0.6789069720705451, 0.02792526429484432
0.6789069720705451, 0.02792526429484432
0.31708604197776, 0.6134952062637932
0.31708604197776, 0.6134952062637932
0.31708604197776, 0.6134952062637932
0.31708604197776, 0.6134952062637932
0.31708604197776, 0.6134952062637932
0.31708604197776, 0.6134952062637932
0.31708604197776, 0.6134952062637932
0.31708604197776, 0.6134952062637932
0.31708604197776, 0.6134952062637932
0.31708604197776, 0.6134952062637932
