1e-05
0.14749273987817613, 0.43366292787604044
0.14749273987817613, 0.43366292787604044
0.14749273987817613, 0.43366292787604044
0.14749273987817613, 0.43366292787604044
0.14749273987817613, 0.43366292787604044
0.14749273987817613, 0.43366292787604044
0.14749273987817613, 0.43366292787604044
0.14749273987817613, 0.43366292787604044
0.14749273987817613, 0.43366292787604044
0.14749273987817613, 0.43366292787604044
0.7437882140222273, 0.37478744162926836
0.7437882140222273, 0.37478744162926836
0.7437882140222273, 0.37478744162926836
0.7437882140222273, 0.37478744162926836
0.7437882140222273, 0.37478744162926836
0.7437882140222273, 0.37478744162926836
0.7437882140222273, 0.37478744162926836
0.7437882140222273, 0.37478744162926836
0.7437882140222273, 0.37478744162926836
0.7437882140222273, 0.37478744162926836
0.17780409043890288, 0.3222512763799634
0.17780409043890288, 0.3222512763799634
0.17780409043890288, 0.3222512763799634
0.17780409043890288, 0.3222512763799634
0.17780409043890288, 0.3222512763799634
0.17780409043890288, 0.3222512763799634
0.17780409043890288, 0.3222512763799634
0.17780409043890288, 0.3222512763799634
0.17780409043890288, 0.3222512763799634
0.17780409043890288, 0.3222512763799634
0.3180195760420558, 0.9703351603001711
0.3180195760420558, 0.9703351603001711
0.3180195760420558, 0.9703351603001711
0.3180195760420558, 0.9703351603001711
0.3180195760420558, 0.9703351603001711
0.3180195760420558, 0.9703351603001711
0.3180195760420558, 0.9703351603001711
0.3180195760420558, 0.9703351603001711
0.3180195760420558, 0.9703351603001711
0.3180195760420558, 0.9703351603001711
0.06247880116679094, 0.22388753441760723
0.06247880116679094, 0.22388753441760723
0.06247880116679094, 0.22388753441760723
0.06247880116679094, 0.22388753441760723
0.06247880116679094, 0.22388753441760723
0.06247880116679094, 0.22388753441760723
0.06247880116679094, 0.22388753441760723
0.06247880116679094, 0.22388753441760723
0.06247880116679094, 0.22388753441760723
0.06247880116679094, 0.22388753441760723
0.8248205420978899, 0.5523845481006203
0.8248205420978899, 0.5523845481006203
0.8248205420978899, 0.5523845481006203
0.8248205420978899, 0.5523845481006203
0.8248205420978899, 0.5523845481006203
0.8248205420978899, 0.5523845481006203
0.8248205420978899, 0.5523845481006203
0.8248205420978899, 0.5523845481006203
0.8248205420978899, 0.5523845481006203
0.8248205420978899, 0.5523845481006203
0.3926001180504498, 0.9244799264786742
0.3926001180504498, 0.9244799264786742
0.3926001180504498, 0.9244799264786742
0.3926001180504498, 0.9244799264786742
0.3926001180504498, 0.9244799264786742
0.3926001180504498, 0.9244799264786742
0.3926001180504498, 0.9244799264786742
0.3926001180504498, 0.9244799264786742
0.3926001180504498, 0.9244799264786742
0.3926001180504498, 0.9244799264786742
0.8731919400637611, 0.744403925678042
0.8731919400637611, 0.744403925678042
0.8731919400637611, 0.744403925678042
0.8731919400637611, 0.744403925678042
0.8731919400637611, 0.744403925678042
0.8731919400637611, 0.744403925678042
0.8731919400637611, 0.744403925678042
0.8731919400637611, 0.744403925678042
0.8731919400637611, 0.744403925678042
0.8731919400637611, 0.744403925678042
0.8503729530673741, 0.34352093527529404
0.8503729530673741, 0.34352093527529404
0.8503729530673741, 0.34352093527529404
0.8503729530673741, 0.34352093527529404
0.8503729530673741, 0.34352093527529404
0.8503729530673741, 0.34352093527529404
0.8503729530673741, 0.34352093527529404
0.8503729530673741, 0.34352093527529404
0.8503729530673741, 0.34352093527529404
0.8503729530673741, 0.34352093527529404
0.021534347028152157, 0.42943288793543066
0.021534347028152157, 0.42943288793543066
0.021534347028152157, 0.42943288793543066
0.021534347028152157, 0.42943288793543066
0.021534347028152157, 0.42943288793543066
0.021534347028152157, 0.42943288793543066
0.021534347028152157, 0.42943288793543066
0.021534347028152157, 0.42943288793543066
0.021534347028152157, 0.42943288793543066
0.021534347028152157, 0.42943288793543066
