1e-05
0.20156282354157162, 0.37409073168980256
0.988969952598078, 0.47620038539324794
0.29025148108127985, 0.022231368815258556
0.6464796780910348, 0.8510043458185587
0.9132238952996233, 0.9731381079386171
0.14074948879302207, 0.6636177698895679
0.32524080329633565, 0.3643226364750566
0.02557317896831568, 0.030768455916562854
0.4824871738638199, 0.7748225519489031
0.09347495176112008, 0.027191128513486706
0.8865910335765915, 0.8736778174073416
0.12547082957858302, 0.10128380173714269
0.1002303903178613, 0.1926743676549998
0.45116710541230265, 0.30292590858484014
0.22984447900402516, 0.6512770643648255
0.11913413319698074, 0.14681624309661978
0.6280415388410809, 0.580599977781986
0.172379729686299, 0.6135814611708778
0.05214354137787969, 0.8637132553066353
0.5625042043645135, 0.905229990247783
0.2831850179689641, 0.24600556113764316
0.9090442204513104, 0.9233534129676714
0.0004973384190976038, 0.4882534046537982
0.49370872818963285, 0.12949173431960226
0.6180839194278084, 0.6977632728347615
0.339246654912549, 0.5061945159931608
0.693414002804764, 0.8046677407941283
0.26070762527950464, 0.42332589703279655
0.14021383272652432, 0.28537691809952226
0.10436872618434179, 0.3274358836298553
0.157524014593325, 0.7229808452122973
0.9338345458340176, 0.1559431005504618
0.8216980675357258, 0.23019129740070787
0.8286812379087714, 0.4182859086081765
0.5825940101773042, 0.08245922044735077
0.8828892016106145, 0.5010928840811919
0.06574982345755431, 0.8292150619490263
0.11865551234065874, 0.986670080728246
0.5011144590039819, 0.9026567834556856
0.6440065108931733, 0.8263747346907461
0.2162732721140863, 0.03633766606350075
0.9502373642669669, 0.7169478392531516
0.6411065480678718, 0.6578882324735498
0.37272396308535827, 0.28763768645110854
0.4284053383191718, 0.33333967250804963
0.8941342345226342, 0.09435261428033048
0.005293825621309534, 0.48353775522683207
0.018678339431592805, 0.5048321202040958
0.8426180956107263, 0.038212930553093716
0.24475690825208063, 0.3786892874389889
0.8358671193838495, 0.7393856729911225
0.6629609624041879, 0.5525257723844524
0.07413181455961693, 0.7138434444376017
0.4495637081497297, 0.6774443303279115
0.04755245540500064, 0.09617162768695797
0.4285043417041977, 0.9865604637912401
0.17419924967097267, 0.78941327274234
0.5697061456281427, 0.9456630870466054
0.8294664968710115, 0.5388401020144411
0.550305870812221, 0.5178328591852108
0.9014727584840011, 0.47405105561434
0.4310651455735993, 0.6243198911881023
0.6578775811055056, 0.5600968660727073
0.11577398314078968, 0.6611990085564489
0.9109484313139625, 0.40626844649155813
0.20996374752639935, 0.11474267448028586
0.6100829573675683, 0.18994854674648687
0.44821039321404343, 0.21589411058740493
0.9513705624994168, 0.6845213829388613
0.46096178695562484, 0.0071564035000413195
0.2331962899229435, 0.06762948736975183
0.44447418923819515, 0.7983996377624304
0.4484604240386785, 0.7837596557973341
0.7241532269853428, 0.41098637567939766
0.10175604840069219, 0.5696829288646412
0.8582068304227728, 0.10957251312034688
0.08745839282251655, 0.8807624361859875
0.3681613442052467, 0.8139122412190595
0.4227710414408503, 0.28010576160271516
0.6370157001423528, 0.282038707727679
0.7613299617625167, 0.10108116370826892
0.950232105338012, 0.09190237548431157
0.41559360196687656, 0.36437740707184285
0.8284011487651315, 0.33178245910055204
0.6903097318727196, 0.9812240790055582
0.8902142080998361, 0.099962573695064
0.9664242597830482, 0.6301675883395995
0.11521343356103464, 0.4421811138947338
0.23742156668992453, 0.828288590916074
0.6949933408607434, 0.849573098064244
0.4259624586581612, 0.4080597165064829
0.7631632249342709, 0.999188755711822
0.49134934904684024, 0.7307486770043711
0.553178684622589, 0.433996753688217
0.8299763017826461, 0.9856321302348079
0.9008865010160676, 0.9456003971707362
0.0047035627626828, 0.5743463772603875
0.23742283441486223, 0.2836813858390739
0.7893745254448318, 0.7909105065632241
0.28418371453856195, 0.4844172172313521
