1e-05
0.7977282414923119, 0.481828568579207
0.7977282414923119, 0.481828568579207
0.7977282414923119, 0.481828568579207
0.7977282414923119, 0.481828568579207
0.7977282414923119, 0.481828568579207
0.7977282414923119, 0.481828568579207
0.7977282414923119, 0.481828568579207
0.7977282414923119, 0.481828568579207
0.7977282414923119, 0.481828568579207
0.7977282414923119, 0.481828568579207
0.1409563348870846, 0.6268915438165925
0.1409563348870846, 0.6268915438165925
0.1409563348870846, 0.6268915438165925
0.1409563348870846, 0.6268915438165925
0.1409563348870846, 0.6268915438165925
0.1409563348870846, 0.6268915438165925
0.1409563348870846, 0.6268915438165925
0.1409563348870846, 0.6268915438165925
0.1409563348870846, 0.6268915438165925
0.1409563348870846, 0.6268915438165925
0.640001365927455, 0.4346392375564284
0.640001365927455, 0.4346392375564284
0.640001365927455, 0.4346392375564284
0.640001365927455, 0.4346392375564284
0.640001365927455, 0.4346392375564284
0.640001365927455, 0.4346392375564284
0.640001365927455, 0.4346392375564284
0.640001365927455, 0.4346392375564284
0.640001365927455, 0.4346392375564284
0.640001365927455, 0.4346392375564284
0.0026533430200597063, 0.5548862366295787
0.0026533430200597063, 0.5548862366295787
0.0026533430200597063, 0.5548862366295787
0.0026533430200597063, 0.5548862366295787
0.0026533430200597063, 0.5548862366295787
0.0026533430200597063, 0.5548862366295787
0.0026533430200597063, 0.5548862366295787
0.0026533430200597063, 0.5548862366295787
0.0026533430200597063, 0.5548862366295787
0.0026533430200597063, 0.5548862366295787
0.9478726453000147, 0.782349047834359
0.9478726453000147, 0.782349047834359
0.9478726453000147, 0.782349047834359
0.9478726453000147, 0.782349047834359
0.9478726453000147, 0.782349047834359
0.9478726453000147, 0.782349047834359
0.9478726453000147, 0.782349047834359
0.9478726453000147, 0.782349047834359
0.9478726453000147, 0.782349047834359
0.9478726453000147, 0.782349047834359
0.6085431048071104, 0.4967701893377454
0.6085431048071104, 0.4967701893377454
0.6085431048071104, 0.4967701893377454
0.6085431048071104, 0.4967701893377454
0.6085431048071104, 0.4967701893377454
0.6085431048071104, 0.4967701893377454
0.6085431048071104, 0.4967701893377454
0.6085431048071104, 0.4967701893377454
0.6085431048071104, 0.4967701893377454
0.6085431048071104, 0.4967701893377454
0.14113818789507715, 0.3401121044633256
0.14113818789507715, 0.3401121044633256
0.14113818789507715, 0.3401121044633256
0.14113818789507715, 0.3401121044633256
0.14113818789507715, 0.3401121044633256
0.14113818789507715, 0.3401121044633256
0.14113818789507715, 0.3401121044633256
0.14113818789507715, 0.3401121044633256
0.14113818789507715, 0.3401121044633256
0.14113818789507715, 0.3401121044633256
0.12653191320803536, 0.004018652129762712
0.12653191320803536, 0.004018652129762712
0.12653191320803536, 0.004018652129762712
0.12653191320803536, 0.004018652129762712
0.12653191320803536, 0.004018652129762712
0.12653191320803536, 0.004018652129762712
0.12653191320803536, 0.004018652129762712
0.12653191320803536, 0.004018652129762712
0.12653191320803536, 0.004018652129762712
0.12653191320803536, 0.004018652129762712
0.568897370972801, 0.2345113486812339
0.568897370972801, 0.2345113486812339
0.568897370972801, 0.2345113486812339
0.568897370972801, 0.2345113486812339
0.568897370972801, 0.2345113486812339
0.568897370972801, 0.2345113486812339
0.568897370972801, 0.2345113486812339
0.568897370972801, 0.2345113486812339
0.568897370972801, 0.2345113486812339
0.568897370972801, 0.2345113486812339
0.03901413436843726, 0.507544451236524
0.03901413436843726, 0.507544451236524
0.03901413436843726, 0.507544451236524
0.03901413436843726, 0.507544451236524
0.03901413436843726, 0.507544451236524
0.03901413436843726, 0.507544451236524
0.03901413436843726, 0.507544451236524
0.03901413436843726, 0.507544451236524
0.03901413436843726, 0.507544451236524
0.03901413436843726, 0.507544451236524
