1e-05
0.05163950244688498, 0.8122431686247948
0.05163950244688498, 0.8122431686247948
0.05163950244688498, 0.8122431686247948
0.05163950244688498, 0.8122431686247948
0.05163950244688498, 0.8122431686247948
0.05163950244688498, 0.8122431686247948
0.05163950244688498, 0.8122431686247948
0.05163950244688498, 0.8122431686247948
0.05163950244688498, 0.8122431686247948
0.05163950244688498, 0.8122431686247948
0.8754292173629132, 0.8561991386642174
0.8754292173629132, 0.8561991386642174
0.8754292173629132, 0.8561991386642174
0.8754292173629132, 0.8561991386642174
0.8754292173629132, 0.8561991386642174
0.8754292173629132, 0.8561991386642174
0.8754292173629132, 0.8561991386642174
0.8754292173629132, 0.8561991386642174
0.8754292173629132, 0.8561991386642174
0.8754292173629132, 0.8561991386642174
0.4574453621601575, 0.2549916950455612
0.4574453621601575, 0.2549916950455612
0.4574453621601575, 0.2549916950455612
0.4574453621601575, 0.2549916950455612
0.4574453621601575, 0.2549916950455612
0.4574453621601575, 0.2549916950455612
0.4574453621601575, 0.2549916950455612
0.4574453621601575, 0.2549916950455612
0.4574453621601575, 0.2549916950455612
0.4574453621601575, 0.2549916950455612
0.41423289145471653, 0.08090865753924481
0.41423289145471653, 0.08090865753924481
0.41423289145471653, 0.08090865753924481
0.41423289145471653, 0.08090865753924481
0.41423289145471653, 0.08090865753924481
0.41423289145471653, 0.08090865753924481
0.41423289145471653, 0.08090865753924481
0.41423289145471653, 0.08090865753924481
0.41423289145471653, 0.08090865753924481
0.41423289145471653, 0.08090865753924481
0.46068640244190817, 0.16115532387508114
0.46068640244190817, 0.16115532387508114
0.46068640244190817, 0.16115532387508114
0.46068640244190817, 0.16115532387508114
0.46068640244190817, 0.16115532387508114
0.46068640244190817, 0.16115532387508114
0.46068640244190817, 0.16115532387508114
0.46068640244190817, 0.16115532387508114
0.46068640244190817, 0.16115532387508114
0.46068640244190817, 0.16115532387508114
0.5862899879999247, 0.1829428304055155
0.5862899879999247, 0.1829428304055155
0.5862899879999247, 0.1829428304055155
0.5862899879999247, 0.1829428304055155
0.5862899879999247, 0.1829428304055155
0.5862899879999247, 0.1829428304055155
0.5862899879999247, 0.1829428304055155
0.5862899879999247, 0.1829428304055155
0.5862899879999247, 0.1829428304055155
0.5862899879999247, 0.1829428304055155
0.6519181633268286, 0.9184053567064976
0.6519181633268286, 0.9184053567064976
0.6519181633268286, 0.9184053567064976
0.6519181633268286, 0.9184053567064976
0.6519181633268286, 0.9184053567064976
0.6519181633268286, 0.9184053567064976
0.6519181633268286, 0.9184053567064976
0.6519181633268286, 0.9184053567064976
0.6519181633268286, 0.9184053567064976
0.6519181633268286, 0.9184053567064976
0.4819267540387133, 0.7597717743319347
0.4819267540387133, 0.7597717743319347
0.4819267540387133, 0.7597717743319347
0.4819267540387133, 0.7597717743319347
0.4819267540387133, 0.7597717743319347
0.4819267540387133, 0.7597717743319347
0.4819267540387133, 0.7597717743319347
0.4819267540387133, 0.7597717743319347
0.4819267540387133, 0.7597717743319347
0.4819267540387133, 0.7597717743319347
0.3069453060186691, 0.36857048030432304
0.3069453060186691, 0.36857048030432304
0.3069453060186691, 0.36857048030432304
0.3069453060186691, 0.36857048030432304
0.3069453060186691, 0.36857048030432304
0.3069453060186691, 0.36857048030432304
0.3069453060186691, 0.36857048030432304
0.3069453060186691, 0.36857048030432304
0.3069453060186691, 0.36857048030432304
0.3069453060186691, 0.36857048030432304
0.07064321913462879, 0.3515356277874916
0.07064321913462879, 0.3515356277874916
0.07064321913462879, 0.3515356277874916
0.07064321913462879, 0.3515356277874916
0.07064321913462879, 0.3515356277874916
0.07064321913462879, 0.3515356277874916
0.07064321913462879, 0.3515356277874916
0.07064321913462879, 0.3515356277874916
0.07064321913462879, 0.3515356277874916
0.07064321913462879, 0.3515356277874916
