1e-05
0.4618124979668894, 0.6204935044397386
0.4618124979668894, 0.6204935044397386
0.4618124979668894, 0.6204935044397386
0.4618124979668894, 0.6204935044397386
0.4618124979668894, 0.6204935044397386
0.4618124979668894, 0.6204935044397386
0.4618124979668894, 0.6204935044397386
0.4618124979668894, 0.6204935044397386
0.4618124979668894, 0.6204935044397386
0.4618124979668894, 0.6204935044397386
0.5421871560242535, 0.21097496930045012
0.5421871560242535, 0.21097496930045012
0.5421871560242535, 0.21097496930045012
0.5421871560242535, 0.21097496930045012
0.5421871560242535, 0.21097496930045012
0.5421871560242535, 0.21097496930045012
0.5421871560242535, 0.21097496930045012
0.5421871560242535, 0.21097496930045012
0.5421871560242535, 0.21097496930045012
0.5421871560242535, 0.21097496930045012
0.9834589403282677, 0.34144936767874545
0.9834589403282677, 0.34144936767874545
0.9834589403282677, 0.34144936767874545
0.9834589403282677, 0.34144936767874545
0.9834589403282677, 0.34144936767874545
0.9834589403282677, 0.34144936767874545
0.9834589403282677, 0.34144936767874545
0.9834589403282677, 0.34144936767874545
0.9834589403282677, 0.34144936767874545
0.9834589403282677, 0.34144936767874545
0.08038573869336241, 0.34837418250219576
0.08038573869336241, 0.34837418250219576
0.08038573869336241, 0.34837418250219576
0.08038573869336241, 0.34837418250219576
0.08038573869336241, 0.34837418250219576
0.08038573869336241, 0.34837418250219576
0.08038573869336241, 0.34837418250219576
0.08038573869336241, 0.34837418250219576
0.08038573869336241, 0.34837418250219576
0.08038573869336241, 0.34837418250219576
0.4751439561067269, 0.9231565730164697
0.4751439561067269, 0.9231565730164697
0.4751439561067269, 0.9231565730164697
0.4751439561067269, 0.9231565730164697
0.4751439561067269, 0.9231565730164697
0.4751439561067269, 0.9231565730164697
0.4751439561067269, 0.9231565730164697
0.4751439561067269, 0.9231565730164697
0.4751439561067269, 0.9231565730164697
0.4751439561067269, 0.9231565730164697
0.1406233291021458, 0.9524767203537746
0.1406233291021458, 0.9524767203537746
0.1406233291021458, 0.9524767203537746
0.1406233291021458, 0.9524767203537746
0.1406233291021458, 0.9524767203537746
0.1406233291021458, 0.9524767203537746
0.1406233291021458, 0.9524767203537746
0.1406233291021458, 0.9524767203537746
0.1406233291021458, 0.9524767203537746
0.1406233291021458, 0.9524767203537746
0.18275081228437018, 0.16636601183227484
0.18275081228437018, 0.16636601183227484
0.18275081228437018, 0.16636601183227484
0.18275081228437018, 0.16636601183227484
0.18275081228437018, 0.16636601183227484
0.18275081228437018, 0.16636601183227484
0.18275081228437018, 0.16636601183227484
0.18275081228437018, 0.16636601183227484
0.18275081228437018, 0.16636601183227484
0.18275081228437018, 0.16636601183227484
0.5636772183592736, 0.5159358774216696
0.5636772183592736, 0.5159358774216696
0.5636772183592736, 0.5159358774216696
0.5636772183592736, 0.5159358774216696
0.5636772183592736, 0.5159358774216696
0.5636772183592736, 0.5159358774216696
0.5636772183592736, 0.5159358774216696
0.5636772183592736, 0.5159358774216696
0.5636772183592736, 0.5159358774216696
0.5636772183592736, 0.5159358774216696
0.6579963463167874, 0.7876216706557376
0.6579963463167874, 0.7876216706557376
0.6579963463167874, 0.7876216706557376
0.6579963463167874, 0.7876216706557376
0.6579963463167874, 0.7876216706557376
0.6579963463167874, 0.7876216706557376
0.6579963463167874, 0.7876216706557376
0.6579963463167874, 0.7876216706557376
0.6579963463167874, 0.7876216706557376
0.6579963463167874, 0.7876216706557376
0.47693555961490786, 0.3382184558190422
0.47693555961490786, 0.3382184558190422
0.47693555961490786, 0.3382184558190422
0.47693555961490786, 0.3382184558190422
0.47693555961490786, 0.3382184558190422
0.47693555961490786, 0.3382184558190422
0.47693555961490786, 0.3382184558190422
0.47693555961490786, 0.3382184558190422
0.47693555961490786, 0.3382184558190422
0.47693555961490786, 0.3382184558190422
