1e-05
0.1091168641632807, 0.8951543096583463
0.1091168641632807, 0.8951543096583463
0.1091168641632807, 0.8951543096583463
0.1091168641632807, 0.8951543096583463
0.1091168641632807, 0.8951543096583463
0.1091168641632807, 0.8951543096583463
0.1091168641632807, 0.8951543096583463
0.1091168641632807, 0.8951543096583463
0.1091168641632807, 0.8951543096583463
0.1091168641632807, 0.8951543096583463
0.13504060913589888, 0.5729927915170813
0.13504060913589888, 0.5729927915170813
0.13504060913589888, 0.5729927915170813
0.13504060913589888, 0.5729927915170813
0.13504060913589888, 0.5729927915170813
0.13504060913589888, 0.5729927915170813
0.13504060913589888, 0.5729927915170813
0.13504060913589888, 0.5729927915170813
0.13504060913589888, 0.5729927915170813
0.13504060913589888, 0.5729927915170813
0.42082487098630805, 0.03450329083357706
0.42082487098630805, 0.03450329083357706
0.42082487098630805, 0.03450329083357706
0.42082487098630805, 0.03450329083357706
0.42082487098630805, 0.03450329083357706
0.42082487098630805, 0.03450329083357706
0.42082487098630805, 0.03450329083357706
0.42082487098630805, 0.03450329083357706
0.42082487098630805, 0.03450329083357706
0.42082487098630805, 0.03450329083357706
0.4103078729410595, 0.9441071306570088
0.4103078729410595, 0.9441071306570088
0.4103078729410595, 0.9441071306570088
0.4103078729410595, 0.9441071306570088
0.4103078729410595, 0.9441071306570088
0.4103078729410595, 0.9441071306570088
0.4103078729410595, 0.9441071306570088
0.4103078729410595, 0.9441071306570088
0.4103078729410595, 0.9441071306570088
0.4103078729410595, 0.9441071306570088
0.6556668684654753, 0.15002406203120278
0.6556668684654753, 0.15002406203120278
0.6556668684654753, 0.15002406203120278
0.6556668684654753, 0.15002406203120278
0.6556668684654753, 0.15002406203120278
0.6556668684654753, 0.15002406203120278
0.6556668684654753, 0.15002406203120278
0.6556668684654753, 0.15002406203120278
0.6556668684654753, 0.15002406203120278
0.6556668684654753, 0.15002406203120278
0.007401065757936642, 0.3064768244166597
0.007401065757936642, 0.3064768244166597
0.007401065757936642, 0.3064768244166597
0.007401065757936642, 0.3064768244166597
0.007401065757936642, 0.3064768244166597
0.007401065757936642, 0.3064768244166597
0.007401065757936642, 0.3064768244166597
0.007401065757936642, 0.3064768244166597
0.007401065757936642, 0.3064768244166597
0.007401065757936642, 0.3064768244166597
0.7873476224460406, 0.552181561647477
0.7873476224460406, 0.552181561647477
0.7873476224460406, 0.552181561647477
0.7873476224460406, 0.552181561647477
0.7873476224460406, 0.552181561647477
0.7873476224460406, 0.552181561647477
0.7873476224460406, 0.552181561647477
0.7873476224460406, 0.552181561647477
0.7873476224460406, 0.552181561647477
0.7873476224460406, 0.552181561647477
0.3462013099201283, 0.28397227329270947
0.3462013099201283, 0.28397227329270947
0.3462013099201283, 0.28397227329270947
0.3462013099201283, 0.28397227329270947
0.3462013099201283, 0.28397227329270947
0.3462013099201283, 0.28397227329270947
0.3462013099201283, 0.28397227329270947
0.3462013099201283, 0.28397227329270947
0.3462013099201283, 0.28397227329270947
0.3462013099201283, 0.28397227329270947
0.7257059682137244, 0.6888840369850323
0.7257059682137244, 0.6888840369850323
0.7257059682137244, 0.6888840369850323
0.7257059682137244, 0.6888840369850323
0.7257059682137244, 0.6888840369850323
0.7257059682137244, 0.6888840369850323
0.7257059682137244, 0.6888840369850323
0.7257059682137244, 0.6888840369850323
0.7257059682137244, 0.6888840369850323
0.7257059682137244, 0.6888840369850323
0.0165430212783072, 0.9150198319170566
0.0165430212783072, 0.9150198319170566
0.0165430212783072, 0.9150198319170566
0.0165430212783072, 0.9150198319170566
0.0165430212783072, 0.9150198319170566
0.0165430212783072, 0.9150198319170566
0.0165430212783072, 0.9150198319170566
0.0165430212783072, 0.9150198319170566
0.0165430212783072, 0.9150198319170566
0.0165430212783072, 0.9150198319170566
