1e-05
0.9895588346436437, 0.8263193928312955
0.9895588346436437, 0.8263193928312955
0.9895588346436437, 0.8263193928312955
0.9895588346436437, 0.8263193928312955
0.9895588346436437, 0.8263193928312955
0.9895588346436437, 0.8263193928312955
0.9895588346436437, 0.8263193928312955
0.9895588346436437, 0.8263193928312955
0.9895588346436437, 0.8263193928312955
0.9895588346436437, 0.8263193928312955
0.22956583604220038, 0.7355335170003022
0.22956583604220038, 0.7355335170003022
0.22956583604220038, 0.7355335170003022
0.22956583604220038, 0.7355335170003022
0.22956583604220038, 0.7355335170003022
0.22956583604220038, 0.7355335170003022
0.22956583604220038, 0.7355335170003022
0.22956583604220038, 0.7355335170003022
0.22956583604220038, 0.7355335170003022
0.22956583604220038, 0.7355335170003022
0.4250610236471517, 0.8052318195434686
0.4250610236471517, 0.8052318195434686
0.4250610236471517, 0.8052318195434686
0.4250610236471517, 0.8052318195434686
0.4250610236471517, 0.8052318195434686
0.4250610236471517, 0.8052318195434686
0.4250610236471517, 0.8052318195434686
0.4250610236471517, 0.8052318195434686
0.4250610236471517, 0.8052318195434686
0.4250610236471517, 0.8052318195434686
0.8914250922246882, 0.3769204749845976
0.8914250922246882, 0.3769204749845976
0.8914250922246882, 0.3769204749845976
0.8914250922246882, 0.3769204749845976
0.8914250922246882, 0.3769204749845976
0.8914250922246882, 0.3769204749845976
0.8914250922246882, 0.3769204749845976
0.8914250922246882, 0.3769204749845976
0.8914250922246882, 0.3769204749845976
0.8914250922246882, 0.3769204749845976
0.7121657687060546, 0.35424371398410703
0.7121657687060546, 0.35424371398410703
0.7121657687060546, 0.35424371398410703
0.7121657687060546, 0.35424371398410703
0.7121657687060546, 0.35424371398410703
0.7121657687060546, 0.35424371398410703
0.7121657687060546, 0.35424371398410703
0.7121657687060546, 0.35424371398410703
0.7121657687060546, 0.35424371398410703
0.7121657687060546, 0.35424371398410703
0.490245626396249, 0.31890088422189355
0.490245626396249, 0.31890088422189355
0.490245626396249, 0.31890088422189355
0.490245626396249, 0.31890088422189355
0.490245626396249, 0.31890088422189355
0.490245626396249, 0.31890088422189355
0.490245626396249, 0.31890088422189355
0.490245626396249, 0.31890088422189355
0.490245626396249, 0.31890088422189355
0.490245626396249, 0.31890088422189355
0.5980539406824265, 0.38988286114580184
0.5980539406824265, 0.38988286114580184
0.5980539406824265, 0.38988286114580184
0.5980539406824265, 0.38988286114580184
0.5980539406824265, 0.38988286114580184
0.5980539406824265, 0.38988286114580184
0.5980539406824265, 0.38988286114580184
0.5980539406824265, 0.38988286114580184
0.5980539406824265, 0.38988286114580184
0.5980539406824265, 0.38988286114580184
0.9663582009999613, 0.06296905082215631
0.9663582009999613, 0.06296905082215631
0.9663582009999613, 0.06296905082215631
0.9663582009999613, 0.06296905082215631
0.9663582009999613, 0.06296905082215631
0.9663582009999613, 0.06296905082215631
0.9663582009999613, 0.06296905082215631
0.9663582009999613, 0.06296905082215631
0.9663582009999613, 0.06296905082215631
0.9663582009999613, 0.06296905082215631
0.8787053257274271, 0.18338128705257017
0.8787053257274271, 0.18338128705257017
0.8787053257274271, 0.18338128705257017
0.8787053257274271, 0.18338128705257017
0.8787053257274271, 0.18338128705257017
0.8787053257274271, 0.18338128705257017
0.8787053257274271, 0.18338128705257017
0.8787053257274271, 0.18338128705257017
0.8787053257274271, 0.18338128705257017
0.8787053257274271, 0.18338128705257017
0.7754909331939933, 0.6349571560355978
0.7754909331939933, 0.6349571560355978
0.7754909331939933, 0.6349571560355978
0.7754909331939933, 0.6349571560355978
0.7754909331939933, 0.6349571560355978
0.7754909331939933, 0.6349571560355978
0.7754909331939933, 0.6349571560355978
0.7754909331939933, 0.6349571560355978
0.7754909331939933, 0.6349571560355978
0.7754909331939933, 0.6349571560355978
