1e-05
0.7365472959662662, 0.3930954032561089
0.7365472959662662, 0.3930954032561089
0.7365472959662662, 0.3930954032561089
0.7365472959662662, 0.3930954032561089
0.7365472959662662, 0.3930954032561089
0.7365472959662662, 0.3930954032561089
0.7365472959662662, 0.3930954032561089
0.7365472959662662, 0.3930954032561089
0.7365472959662662, 0.3930954032561089
0.7365472959662662, 0.3930954032561089
0.3316716551655621, 0.9970200331127774
0.3316716551655621, 0.9970200331127774
0.3316716551655621, 0.9970200331127774
0.3316716551655621, 0.9970200331127774
0.3316716551655621, 0.9970200331127774
0.3316716551655621, 0.9970200331127774
0.3316716551655621, 0.9970200331127774
0.3316716551655621, 0.9970200331127774
0.3316716551655621, 0.9970200331127774
0.3316716551655621, 0.9970200331127774
0.17515484655183833, 0.5667531076461927
0.17515484655183833, 0.5667531076461927
0.17515484655183833, 0.5667531076461927
0.17515484655183833, 0.5667531076461927
0.17515484655183833, 0.5667531076461927
0.17515484655183833, 0.5667531076461927
0.17515484655183833, 0.5667531076461927
0.17515484655183833, 0.5667531076461927
0.17515484655183833, 0.5667531076461927
0.17515484655183833, 0.5667531076461927
0.04665608645269903, 0.9929317101227519
0.04665608645269903, 0.9929317101227519
0.04665608645269903, 0.9929317101227519
0.04665608645269903, 0.9929317101227519
0.04665608645269903, 0.9929317101227519
0.04665608645269903, 0.9929317101227519
0.04665608645269903, 0.9929317101227519
0.04665608645269903, 0.9929317101227519
0.04665608645269903, 0.9929317101227519
0.04665608645269903, 0.9929317101227519
0.702896918910023, 0.9838969261487807
0.702896918910023, 0.9838969261487807
0.702896918910023, 0.9838969261487807
0.702896918910023, 0.9838969261487807
0.702896918910023, 0.9838969261487807
0.702896918910023, 0.9838969261487807
0.702896918910023, 0.9838969261487807
0.702896918910023, 0.9838969261487807
0.702896918910023, 0.9838969261487807
0.702896918910023, 0.9838969261487807
0.8856626426537931, 0.390129016354124
0.8856626426537931, 0.390129016354124
0.8856626426537931, 0.390129016354124
0.8856626426537931, 0.390129016354124
0.8856626426537931, 0.390129016354124
0.8856626426537931, 0.390129016354124
0.8856626426537931, 0.390129016354124
0.8856626426537931, 0.390129016354124
0.8856626426537931, 0.390129016354124
0.8856626426537931, 0.390129016354124
0.052740134233738356, 0.04627372144276176
0.052740134233738356, 0.04627372144276176
0.052740134233738356, 0.04627372144276176
0.052740134233738356, 0.04627372144276176
0.052740134233738356, 0.04627372144276176
0.052740134233738356, 0.04627372144276176
0.052740134233738356, 0.04627372144276176
0.052740134233738356, 0.04627372144276176
0.052740134233738356, 0.04627372144276176
0.052740134233738356, 0.04627372144276176
0.5673525405583152, 0.7510854619515133
0.5673525405583152, 0.7510854619515133
0.5673525405583152, 0.7510854619515133
0.5673525405583152, 0.7510854619515133
0.5673525405583152, 0.7510854619515133
0.5673525405583152, 0.7510854619515133
0.5673525405583152, 0.7510854619515133
0.5673525405583152, 0.7510854619515133
0.5673525405583152, 0.7510854619515133
0.5673525405583152, 0.7510854619515133
0.38422393936914256, 0.49093070963564167
0.38422393936914256, 0.49093070963564167
0.38422393936914256, 0.49093070963564167
0.38422393936914256, 0.49093070963564167
0.38422393936914256, 0.49093070963564167
0.38422393936914256, 0.49093070963564167
0.38422393936914256, 0.49093070963564167
0.38422393936914256, 0.49093070963564167
0.38422393936914256, 0.49093070963564167
0.38422393936914256, 0.49093070963564167
0.783791745425705, 0.7886444851352692
0.783791745425705, 0.7886444851352692
0.783791745425705, 0.7886444851352692
0.783791745425705, 0.7886444851352692
0.783791745425705, 0.7886444851352692
0.783791745425705, 0.7886444851352692
0.783791745425705, 0.7886444851352692
0.783791745425705, 0.7886444851352692
0.783791745425705, 0.7886444851352692
0.783791745425705, 0.7886444851352692
