1e-05
0.779529073606037, 0.04828284093122992
0.779529073606037, 0.04828284093122992
0.779529073606037, 0.04828284093122992
0.779529073606037, 0.04828284093122992
0.779529073606037, 0.04828284093122992
0.779529073606037, 0.04828284093122992
0.779529073606037, 0.04828284093122992
0.779529073606037, 0.04828284093122992
0.779529073606037, 0.04828284093122992
0.779529073606037, 0.04828284093122992
0.963369142141628, 0.018474096041411592
0.963369142141628, 0.018474096041411592
0.963369142141628, 0.018474096041411592
0.963369142141628, 0.018474096041411592
0.963369142141628, 0.018474096041411592
0.963369142141628, 0.018474096041411592
0.963369142141628, 0.018474096041411592
0.963369142141628, 0.018474096041411592
0.963369142141628, 0.018474096041411592
0.963369142141628, 0.018474096041411592
0.5124656145501644, 0.9516091941911795
0.5124656145501644, 0.9516091941911795
0.5124656145501644, 0.9516091941911795
0.5124656145501644, 0.9516091941911795
0.5124656145501644, 0.9516091941911795
0.5124656145501644, 0.9516091941911795
0.5124656145501644, 0.9516091941911795
0.5124656145501644, 0.9516091941911795
0.5124656145501644, 0.9516091941911795
0.5124656145501644, 0.9516091941911795
0.45024184816732593, 0.8274976101830763
0.45024184816732593, 0.8274976101830763
0.45024184816732593, 0.8274976101830763
0.45024184816732593, 0.8274976101830763
0.45024184816732593, 0.8274976101830763
0.45024184816732593, 0.8274976101830763
0.45024184816732593, 0.8274976101830763
0.45024184816732593, 0.8274976101830763
0.45024184816732593, 0.8274976101830763
0.45024184816732593, 0.8274976101830763
0.42374839239683937, 0.0075388706131498395
0.42374839239683937, 0.0075388706131498395
0.42374839239683937, 0.0075388706131498395
0.42374839239683937, 0.0075388706131498395
0.42374839239683937, 0.0075388706131498395
0.42374839239683937, 0.0075388706131498395
0.42374839239683937, 0.0075388706131498395
0.42374839239683937, 0.0075388706131498395
0.42374839239683937, 0.0075388706131498395
0.42374839239683937, 0.0075388706131498395
0.7088892998284321, 0.8460685368912898
0.7088892998284321, 0.8460685368912898
0.7088892998284321, 0.8460685368912898
0.7088892998284321, 0.8460685368912898
0.7088892998284321, 0.8460685368912898
0.7088892998284321, 0.8460685368912898
0.7088892998284321, 0.8460685368912898
0.7088892998284321, 0.8460685368912898
0.7088892998284321, 0.8460685368912898
0.7088892998284321, 0.8460685368912898
0.5370381332000326, 0.5580083340610837
0.5370381332000326, 0.5580083340610837
0.5370381332000326, 0.5580083340610837
0.5370381332000326, 0.5580083340610837
0.5370381332000326, 0.5580083340610837
0.5370381332000326, 0.5580083340610837
0.5370381332000326, 0.5580083340610837
0.5370381332000326, 0.5580083340610837
0.5370381332000326, 0.5580083340610837
0.5370381332000326, 0.5580083340610837
0.18740914286168886, 0.724404123117439
0.18740914286168886, 0.724404123117439
0.18740914286168886, 0.724404123117439
0.18740914286168886, 0.724404123117439
0.18740914286168886, 0.724404123117439
0.18740914286168886, 0.724404123117439
0.18740914286168886, 0.724404123117439
0.18740914286168886, 0.724404123117439
0.18740914286168886, 0.724404123117439
0.18740914286168886, 0.724404123117439
0.8333996727992034, 0.3660033003272062
0.8333996727992034, 0.3660033003272062
0.8333996727992034, 0.3660033003272062
0.8333996727992034, 0.3660033003272062
0.8333996727992034, 0.3660033003272062
0.8333996727992034, 0.3660033003272062
0.8333996727992034, 0.3660033003272062
0.8333996727992034, 0.3660033003272062
0.8333996727992034, 0.3660033003272062
0.8333996727992034, 0.3660033003272062
0.11842199891703897, 0.8164730380803695
0.11842199891703897, 0.8164730380803695
0.11842199891703897, 0.8164730380803695
0.11842199891703897, 0.8164730380803695
0.11842199891703897, 0.8164730380803695
0.11842199891703897, 0.8164730380803695
0.11842199891703897, 0.8164730380803695
0.11842199891703897, 0.8164730380803695
0.11842199891703897, 0.8164730380803695
0.11842199891703897, 0.8164730380803695
