1e-05
0.11729412220528035, 0.09204765192325726
0.11729412220528035, 0.09204765192325726
0.11729412220528035, 0.09204765192325726
0.11729412220528035, 0.09204765192325726
0.11729412220528035, 0.09204765192325726
0.11729412220528035, 0.09204765192325726
0.11729412220528035, 0.09204765192325726
0.11729412220528035, 0.09204765192325726
0.11729412220528035, 0.09204765192325726
0.11729412220528035, 0.09204765192325726
0.41482503313501085, 0.13406550182986787
0.41482503313501085, 0.13406550182986787
0.41482503313501085, 0.13406550182986787
0.41482503313501085, 0.13406550182986787
0.41482503313501085, 0.13406550182986787
0.41482503313501085, 0.13406550182986787
0.41482503313501085, 0.13406550182986787
0.41482503313501085, 0.13406550182986787
0.41482503313501085, 0.13406550182986787
0.41482503313501085, 0.13406550182986787
0.5497786337275486, 0.7788735576848307
0.5497786337275486, 0.7788735576848307
0.5497786337275486, 0.7788735576848307
0.5497786337275486, 0.7788735576848307
0.5497786337275486, 0.7788735576848307
0.5497786337275486, 0.7788735576848307
0.5497786337275486, 0.7788735576848307
0.5497786337275486, 0.7788735576848307
0.5497786337275486, 0.7788735576848307
0.5497786337275486, 0.7788735576848307
0.13445580103266053, 0.11321199694880146
0.13445580103266053, 0.11321199694880146
0.13445580103266053, 0.11321199694880146
0.13445580103266053, 0.11321199694880146
0.13445580103266053, 0.11321199694880146
0.13445580103266053, 0.11321199694880146
0.13445580103266053, 0.11321199694880146
0.13445580103266053, 0.11321199694880146
0.13445580103266053, 0.11321199694880146
0.13445580103266053, 0.11321199694880146
0.2731335856999355, 0.41696881189272006
0.2731335856999355, 0.41696881189272006
0.2731335856999355, 0.41696881189272006
0.2731335856999355, 0.41696881189272006
0.2731335856999355, 0.41696881189272006
0.2731335856999355, 0.41696881189272006
0.2731335856999355, 0.41696881189272006
0.2731335856999355, 0.41696881189272006
0.2731335856999355, 0.41696881189272006
0.2731335856999355, 0.41696881189272006
0.9437865695759214, 0.3094917354695421
0.9437865695759214, 0.3094917354695421
0.9437865695759214, 0.3094917354695421
0.9437865695759214, 0.3094917354695421
0.9437865695759214, 0.3094917354695421
0.9437865695759214, 0.3094917354695421
0.9437865695759214, 0.3094917354695421
0.9437865695759214, 0.3094917354695421
0.9437865695759214, 0.3094917354695421
0.9437865695759214, 0.3094917354695421
0.6882042871397753, 0.8931835088854795
0.6882042871397753, 0.8931835088854795
0.6882042871397753, 0.8931835088854795
0.6882042871397753, 0.8931835088854795
0.6882042871397753, 0.8931835088854795
0.6882042871397753, 0.8931835088854795
0.6882042871397753, 0.8931835088854795
0.6882042871397753, 0.8931835088854795
0.6882042871397753, 0.8931835088854795
0.6882042871397753, 0.8931835088854795
0.7386613272673015, 0.6999798873073162
0.7386613272673015, 0.6999798873073162
0.7386613272673015, 0.6999798873073162
0.7386613272673015, 0.6999798873073162
0.7386613272673015, 0.6999798873073162
0.7386613272673015, 0.6999798873073162
0.7386613272673015, 0.6999798873073162
0.7386613272673015, 0.6999798873073162
0.7386613272673015, 0.6999798873073162
0.7386613272673015, 0.6999798873073162
0.9308912116253025, 0.6732129952984516
0.9308912116253025, 0.6732129952984516
0.9308912116253025, 0.6732129952984516
0.9308912116253025, 0.6732129952984516
0.9308912116253025, 0.6732129952984516
0.9308912116253025, 0.6732129952984516
0.9308912116253025, 0.6732129952984516
0.9308912116253025, 0.6732129952984516
0.9308912116253025, 0.6732129952984516
0.9308912116253025, 0.6732129952984516
0.9248681102688763, 0.5212996256683703
0.9248681102688763, 0.5212996256683703
0.9248681102688763, 0.5212996256683703
0.9248681102688763, 0.5212996256683703
0.9248681102688763, 0.5212996256683703
0.9248681102688763, 0.5212996256683703
0.9248681102688763, 0.5212996256683703
0.9248681102688763, 0.5212996256683703
0.9248681102688763, 0.5212996256683703
0.9248681102688763, 0.5212996256683703
