1e-05
0.5884165334755358, 0.13433641497965187
0.5884165334755358, 0.13433641497965187
0.5884165334755358, 0.13433641497965187
0.5884165334755358, 0.13433641497965187
0.5884165334755358, 0.13433641497965187
0.5884165334755358, 0.13433641497965187
0.5884165334755358, 0.13433641497965187
0.5884165334755358, 0.13433641497965187
0.5884165334755358, 0.13433641497965187
0.5884165334755358, 0.13433641497965187
0.32902679300675586, 0.6150088245272828
0.32902679300675586, 0.6150088245272828
0.32902679300675586, 0.6150088245272828
0.32902679300675586, 0.6150088245272828
0.32902679300675586, 0.6150088245272828
0.32902679300675586, 0.6150088245272828
0.32902679300675586, 0.6150088245272828
0.32902679300675586, 0.6150088245272828
0.32902679300675586, 0.6150088245272828
0.32902679300675586, 0.6150088245272828
0.5820889881677281, 0.6236133993517966
0.5820889881677281, 0.6236133993517966
0.5820889881677281, 0.6236133993517966
0.5820889881677281, 0.6236133993517966
0.5820889881677281, 0.6236133993517966
0.5820889881677281, 0.6236133993517966
0.5820889881677281, 0.6236133993517966
0.5820889881677281, 0.6236133993517966
0.5820889881677281, 0.6236133993517966
0.5820889881677281, 0.6236133993517966
0.22023584578705846, 0.9955901071070365
0.22023584578705846, 0.9955901071070365
0.22023584578705846, 0.9955901071070365
0.22023584578705846, 0.9955901071070365
0.22023584578705846, 0.9955901071070365
0.22023584578705846, 0.9955901071070365
0.22023584578705846, 0.9955901071070365
0.22023584578705846, 0.9955901071070365
0.22023584578705846, 0.9955901071070365
0.22023584578705846, 0.9955901071070365
0.596984845064972, 0.00030328828007875064
0.596984845064972, 0.00030328828007875064
0.596984845064972, 0.00030328828007875064
0.596984845064972, 0.00030328828007875064
0.596984845064972, 0.00030328828007875064
0.596984845064972, 0.00030328828007875064
0.596984845064972, 0.00030328828007875064
0.596984845064972, 0.00030328828007875064
0.596984845064972, 0.00030328828007875064
0.596984845064972, 0.00030328828007875064
0.7272656174759865, 0.9072878922798383
0.7272656174759865, 0.9072878922798383
0.7272656174759865, 0.9072878922798383
0.7272656174759865, 0.9072878922798383
0.7272656174759865, 0.9072878922798383
0.7272656174759865, 0.9072878922798383
0.7272656174759865, 0.9072878922798383
0.7272656174759865, 0.9072878922798383
0.7272656174759865, 0.9072878922798383
0.7272656174759865, 0.9072878922798383
0.3044397769073639, 0.40425491476946473
0.3044397769073639, 0.40425491476946473
0.3044397769073639, 0.40425491476946473
0.3044397769073639, 0.40425491476946473
0.3044397769073639, 0.40425491476946473
0.3044397769073639, 0.40425491476946473
0.3044397769073639, 0.40425491476946473
0.3044397769073639, 0.40425491476946473
0.3044397769073639, 0.40425491476946473
0.3044397769073639, 0.40425491476946473
0.16716423422926718, 0.23750972576373997
0.16716423422926718, 0.23750972576373997
0.16716423422926718, 0.23750972576373997
0.16716423422926718, 0.23750972576373997
0.16716423422926718, 0.23750972576373997
0.16716423422926718, 0.23750972576373997
0.16716423422926718, 0.23750972576373997
0.16716423422926718, 0.23750972576373997
0.16716423422926718, 0.23750972576373997
0.16716423422926718, 0.23750972576373997
0.6933352702955239, 0.8762220438744668
0.6933352702955239, 0.8762220438744668
0.6933352702955239, 0.8762220438744668
0.6933352702955239, 0.8762220438744668
0.6933352702955239, 0.8762220438744668
0.6933352702955239, 0.8762220438744668
0.6933352702955239, 0.8762220438744668
0.6933352702955239, 0.8762220438744668
0.6933352702955239, 0.8762220438744668
0.6933352702955239, 0.8762220438744668
0.17735953534212257, 0.46154457808011606
0.17735953534212257, 0.46154457808011606
0.17735953534212257, 0.46154457808011606
0.17735953534212257, 0.46154457808011606
0.17735953534212257, 0.46154457808011606
0.17735953534212257, 0.46154457808011606
0.17735953534212257, 0.46154457808011606
0.17735953534212257, 0.46154457808011606
0.17735953534212257, 0.46154457808011606
0.17735953534212257, 0.46154457808011606
