1e-05
0.8191633588711174, 0.14434902687766094
0.8191633588711174, 0.14434902687766094
0.8191633588711174, 0.14434902687766094
0.8191633588711174, 0.14434902687766094
0.8191633588711174, 0.14434902687766094
0.8191633588711174, 0.14434902687766094
0.8191633588711174, 0.14434902687766094
0.8191633588711174, 0.14434902687766094
0.8191633588711174, 0.14434902687766094
0.8191633588711174, 0.14434902687766094
0.5476962545439491, 0.3870526103633818
0.5476962545439491, 0.3870526103633818
0.5476962545439491, 0.3870526103633818
0.5476962545439491, 0.3870526103633818
0.5476962545439491, 0.3870526103633818
0.5476962545439491, 0.3870526103633818
0.5476962545439491, 0.3870526103633818
0.5476962545439491, 0.3870526103633818
0.5476962545439491, 0.3870526103633818
0.5476962545439491, 0.3870526103633818
0.7971025216986772, 0.779232713126896
0.7971025216986772, 0.779232713126896
0.7971025216986772, 0.779232713126896
0.7971025216986772, 0.779232713126896
0.7971025216986772, 0.779232713126896
0.7971025216986772, 0.779232713126896
0.7971025216986772, 0.779232713126896
0.7971025216986772, 0.779232713126896
0.7971025216986772, 0.779232713126896
0.7971025216986772, 0.779232713126896
0.5690613506750514, 0.6002109410408184
0.5690613506750514, 0.6002109410408184
0.5690613506750514, 0.6002109410408184
0.5690613506750514, 0.6002109410408184
0.5690613506750514, 0.6002109410408184
0.5690613506750514, 0.6002109410408184
0.5690613506750514, 0.6002109410408184
0.5690613506750514, 0.6002109410408184
0.5690613506750514, 0.6002109410408184
0.5690613506750514, 0.6002109410408184
0.718340436959046, 0.4378155800814394
0.718340436959046, 0.4378155800814394
0.718340436959046, 0.4378155800814394
0.718340436959046, 0.4378155800814394
0.718340436959046, 0.4378155800814394
0.718340436959046, 0.4378155800814394
0.718340436959046, 0.4378155800814394
0.718340436959046, 0.4378155800814394
0.718340436959046, 0.4378155800814394
0.718340436959046, 0.4378155800814394
0.7531020460364793, 0.9330851165221214
0.7531020460364793, 0.9330851165221214
0.7531020460364793, 0.9330851165221214
0.7531020460364793, 0.9330851165221214
0.7531020460364793, 0.9330851165221214
0.7531020460364793, 0.9330851165221214
0.7531020460364793, 0.9330851165221214
0.7531020460364793, 0.9330851165221214
0.7531020460364793, 0.9330851165221214
0.7531020460364793, 0.9330851165221214
0.0025685711404120903, 0.27828920272416524
0.0025685711404120903, 0.27828920272416524
0.0025685711404120903, 0.27828920272416524
0.0025685711404120903, 0.27828920272416524
0.0025685711404120903, 0.27828920272416524
0.0025685711404120903, 0.27828920272416524
0.0025685711404120903, 0.27828920272416524
0.0025685711404120903, 0.27828920272416524
0.0025685711404120903, 0.27828920272416524
0.0025685711404120903, 0.27828920272416524
0.9058362193563381, 0.5790988437525317
0.9058362193563381, 0.5790988437525317
0.9058362193563381, 0.5790988437525317
0.9058362193563381, 0.5790988437525317
0.9058362193563381, 0.5790988437525317
0.9058362193563381, 0.5790988437525317
0.9058362193563381, 0.5790988437525317
0.9058362193563381, 0.5790988437525317
0.9058362193563381, 0.5790988437525317
0.9058362193563381, 0.5790988437525317
0.10287891329051124, 0.39618979468837023
0.10287891329051124, 0.39618979468837023
0.10287891329051124, 0.39618979468837023
0.10287891329051124, 0.39618979468837023
0.10287891329051124, 0.39618979468837023
0.10287891329051124, 0.39618979468837023
0.10287891329051124, 0.39618979468837023
0.10287891329051124, 0.39618979468837023
0.10287891329051124, 0.39618979468837023
0.10287891329051124, 0.39618979468837023
0.7145507954860459, 0.5516460468572146
0.7145507954860459, 0.5516460468572146
0.7145507954860459, 0.5516460468572146
0.7145507954860459, 0.5516460468572146
0.7145507954860459, 0.5516460468572146
0.7145507954860459, 0.5516460468572146
0.7145507954860459, 0.5516460468572146
0.7145507954860459, 0.5516460468572146
0.7145507954860459, 0.5516460468572146
0.7145507954860459, 0.5516460468572146
