1e-05
0.969316351317714, 0.3026631509337889
0.969316351317714, 0.3026631509337889
0.969316351317714, 0.3026631509337889
0.969316351317714, 0.3026631509337889
0.969316351317714, 0.3026631509337889
0.969316351317714, 0.3026631509337889
0.969316351317714, 0.3026631509337889
0.969316351317714, 0.3026631509337889
0.969316351317714, 0.3026631509337889
0.969316351317714, 0.3026631509337889
0.7920567841580718, 0.7629966812614272
0.7920567841580718, 0.7629966812614272
0.7920567841580718, 0.7629966812614272
0.7920567841580718, 0.7629966812614272
0.7920567841580718, 0.7629966812614272
0.7920567841580718, 0.7629966812614272
0.7920567841580718, 0.7629966812614272
0.7920567841580718, 0.7629966812614272
0.7920567841580718, 0.7629966812614272
0.7920567841580718, 0.7629966812614272
0.08530174684003533, 0.9155932028586347
0.08530174684003533, 0.9155932028586347
0.08530174684003533, 0.9155932028586347
0.08530174684003533, 0.9155932028586347
0.08530174684003533, 0.9155932028586347
0.08530174684003533, 0.9155932028586347
0.08530174684003533, 0.9155932028586347
0.08530174684003533, 0.9155932028586347
0.08530174684003533, 0.9155932028586347
0.08530174684003533, 0.9155932028586347
0.5920696989695629, 0.0714076650067571
0.5920696989695629, 0.0714076650067571
0.5920696989695629, 0.0714076650067571
0.5920696989695629, 0.0714076650067571
0.5920696989695629, 0.0714076650067571
0.5920696989695629, 0.0714076650067571
0.5920696989695629, 0.0714076650067571
0.5920696989695629, 0.0714076650067571
0.5920696989695629, 0.0714076650067571
0.5920696989695629, 0.0714076650067571
0.17364207364432338, 0.9445160013645758
0.17364207364432338, 0.9445160013645758
0.17364207364432338, 0.9445160013645758
0.17364207364432338, 0.9445160013645758
0.17364207364432338, 0.9445160013645758
0.17364207364432338, 0.9445160013645758
0.17364207364432338, 0.9445160013645758
0.17364207364432338, 0.9445160013645758
0.17364207364432338, 0.9445160013645758
0.17364207364432338, 0.9445160013645758
0.13738227223304023, 0.62638518715203
0.13738227223304023, 0.62638518715203
0.13738227223304023, 0.62638518715203
0.13738227223304023, 0.62638518715203
0.13738227223304023, 0.62638518715203
0.13738227223304023, 0.62638518715203
0.13738227223304023, 0.62638518715203
0.13738227223304023, 0.62638518715203
0.13738227223304023, 0.62638518715203
0.13738227223304023, 0.62638518715203
0.5000353615168965, 0.8602766643640368
0.5000353615168965, 0.8602766643640368
0.5000353615168965, 0.8602766643640368
0.5000353615168965, 0.8602766643640368
0.5000353615168965, 0.8602766643640368
0.5000353615168965, 0.8602766643640368
0.5000353615168965, 0.8602766643640368
0.5000353615168965, 0.8602766643640368
0.5000353615168965, 0.8602766643640368
0.5000353615168965, 0.8602766643640368
0.942631913014556, 0.959337034730531
0.942631913014556, 0.959337034730531
0.942631913014556, 0.959337034730531
0.942631913014556, 0.959337034730531
0.942631913014556, 0.959337034730531
0.942631913014556, 0.959337034730531
0.942631913014556, 0.959337034730531
0.942631913014556, 0.959337034730531
0.942631913014556, 0.959337034730531
0.942631913014556, 0.959337034730531
0.7178931464464308, 0.07683622171547277
0.7178931464464308, 0.07683622171547277
0.7178931464464308, 0.07683622171547277
0.7178931464464308, 0.07683622171547277
0.7178931464464308, 0.07683622171547277
0.7178931464464308, 0.07683622171547277
0.7178931464464308, 0.07683622171547277
0.7178931464464308, 0.07683622171547277
0.7178931464464308, 0.07683622171547277
0.7178931464464308, 0.07683622171547277
0.4265093313169904, 0.638351520596398
0.4265093313169904, 0.638351520596398
0.4265093313169904, 0.638351520596398
0.4265093313169904, 0.638351520596398
0.4265093313169904, 0.638351520596398
0.4265093313169904, 0.638351520596398
0.4265093313169904, 0.638351520596398
0.4265093313169904, 0.638351520596398
0.4265093313169904, 0.638351520596398
0.4265093313169904, 0.638351520596398
