0.001
0.1978635296410608, 0.8554176330805985
0.028217047883685176, 0.5549671179118355
0.8534633170397959, 0.4855108220850738
0.7050743337862965, 0.8237755638565157
0.5965229419693582, 0.43269740234691145
0.9153653734197679, 0.6759851171645607
0.992818902974126, 0.4527162029218199
0.8330735912445484, 0.9404710425292876
0.6549897151444253, 0.9673176821217132
0.7387552581846838, 0.98634138410211
0.6906514332822642, 0.8344348647015268
0.6043358215711221, 0.697946727934198
0.7067743077029591, 0.015335190042228497
0.9752568995391349, 0.5426384937191799
0.07041222016581417, 0.06554806876683172
0.8786537462503679, 0.2138691408160034
0.23905599586302984, 0.7082112032699047
