1e-05
0.9748379330090159, 0.7145274345620014
0.9748379330090159, 0.7145274345620014
0.9748379330090159, 0.7145274345620014
0.9748379330090159, 0.7145274345620014
0.9748379330090159, 0.7145274345620014
0.9748379330090159, 0.7145274345620014
0.9748379330090159, 0.7145274345620014
0.9748379330090159, 0.7145274345620014
0.9748379330090159, 0.7145274345620014
0.9748379330090159, 0.7145274345620014
0.8148641351034296, 0.4991939334670097
0.8148641351034296, 0.4991939334670097
0.8148641351034296, 0.4991939334670097
0.8148641351034296, 0.4991939334670097
0.8148641351034296, 0.4991939334670097
0.8148641351034296, 0.4991939334670097
0.8148641351034296, 0.4991939334670097
0.8148641351034296, 0.4991939334670097
0.8148641351034296, 0.4991939334670097
0.8148641351034296, 0.4991939334670097
0.13512246507529668, 0.2773287696830692
0.13512246507529668, 0.2773287696830692
0.13512246507529668, 0.2773287696830692
0.13512246507529668, 0.2773287696830692
0.13512246507529668, 0.2773287696830692
0.13512246507529668, 0.2773287696830692
0.13512246507529668, 0.2773287696830692
0.13512246507529668, 0.2773287696830692
0.13512246507529668, 0.2773287696830692
0.13512246507529668, 0.2773287696830692
0.8195767251035293, 0.22118389467141075
0.8195767251035293, 0.22118389467141075
0.8195767251035293, 0.22118389467141075
0.8195767251035293, 0.22118389467141075
0.8195767251035293, 0.22118389467141075
0.8195767251035293, 0.22118389467141075
0.8195767251035293, 0.22118389467141075
0.8195767251035293, 0.22118389467141075
0.8195767251035293, 0.22118389467141075
0.8195767251035293, 0.22118389467141075
0.6177840466832174, 0.2530506510807288
0.6177840466832174, 0.2530506510807288
0.6177840466832174, 0.2530506510807288
0.6177840466832174, 0.2530506510807288
0.6177840466832174, 0.2530506510807288
0.6177840466832174, 0.2530506510807288
0.6177840466832174, 0.2530506510807288
0.6177840466832174, 0.2530506510807288
0.6177840466832174, 0.2530506510807288
0.6177840466832174, 0.2530506510807288
0.2032442399322778, 0.9209036956672968
0.2032442399322778, 0.9209036956672968
0.2032442399322778, 0.9209036956672968
0.2032442399322778, 0.9209036956672968
0.2032442399322778, 0.9209036956672968
0.2032442399322778, 0.9209036956672968
0.2032442399322778, 0.9209036956672968
0.2032442399322778, 0.9209036956672968
0.2032442399322778, 0.9209036956672968
0.2032442399322778, 0.9209036956672968
0.015715260437350276, 0.7367441812306762
0.015715260437350276, 0.7367441812306762
0.015715260437350276, 0.7367441812306762
0.015715260437350276, 0.7367441812306762
0.015715260437350276, 0.7367441812306762
0.015715260437350276, 0.7367441812306762
0.015715260437350276, 0.7367441812306762
0.015715260437350276, 0.7367441812306762
0.015715260437350276, 0.7367441812306762
0.015715260437350276, 0.7367441812306762
0.0609476450416514, 0.5002814726665216
0.0609476450416514, 0.5002814726665216
0.0609476450416514, 0.5002814726665216
0.0609476450416514, 0.5002814726665216
0.0609476450416514, 0.5002814726665216
0.0609476450416514, 0.5002814726665216
0.0609476450416514, 0.5002814726665216
0.0609476450416514, 0.5002814726665216
0.0609476450416514, 0.5002814726665216
0.0609476450416514, 0.5002814726665216
0.0875929278431572, 0.5553876820374332
0.0875929278431572, 0.5553876820374332
0.0875929278431572, 0.5553876820374332
0.0875929278431572, 0.5553876820374332
0.0875929278431572, 0.5553876820374332
0.0875929278431572, 0.5553876820374332
0.0875929278431572, 0.5553876820374332
0.0875929278431572, 0.5553876820374332
0.0875929278431572, 0.5553876820374332
0.0875929278431572, 0.5553876820374332
0.39083485483863256, 0.6353021658703298
0.39083485483863256, 0.6353021658703298
0.39083485483863256, 0.6353021658703298
0.39083485483863256, 0.6353021658703298
0.39083485483863256, 0.6353021658703298
0.39083485483863256, 0.6353021658703298
0.39083485483863256, 0.6353021658703298
0.39083485483863256, 0.6353021658703298
0.39083485483863256, 0.6353021658703298
0.39083485483863256, 0.6353021658703298
