1e-05
0.27751149491262084, 0.8660681364110246
0.27751149491262084, 0.8660681364110246
0.27751149491262084, 0.8660681364110246
0.27751149491262084, 0.8660681364110246
0.27751149491262084, 0.8660681364110246
0.27751149491262084, 0.8660681364110246
0.27751149491262084, 0.8660681364110246
0.27751149491262084, 0.8660681364110246
0.27751149491262084, 0.8660681364110246
0.27751149491262084, 0.8660681364110246
0.6854839976364694, 0.2200572426874735
0.6854839976364694, 0.2200572426874735
0.6854839976364694, 0.2200572426874735
0.6854839976364694, 0.2200572426874735
0.6854839976364694, 0.2200572426874735
0.6854839976364694, 0.2200572426874735
0.6854839976364694, 0.2200572426874735
0.6854839976364694, 0.2200572426874735
0.6854839976364694, 0.2200572426874735
0.6854839976364694, 0.2200572426874735
0.08269506394757864, 0.8074993063324475
0.08269506394757864, 0.8074993063324475
0.08269506394757864, 0.8074993063324475
0.08269506394757864, 0.8074993063324475
0.08269506394757864, 0.8074993063324475
0.08269506394757864, 0.8074993063324475
0.08269506394757864, 0.8074993063324475
0.08269506394757864, 0.8074993063324475
0.08269506394757864, 0.8074993063324475
0.08269506394757864, 0.8074993063324475
0.983653549158548, 0.4092705517438566
0.983653549158548, 0.4092705517438566
0.983653549158548, 0.4092705517438566
0.983653549158548, 0.4092705517438566
0.983653549158548, 0.4092705517438566
0.983653549158548, 0.4092705517438566
0.983653549158548, 0.4092705517438566
0.983653549158548, 0.4092705517438566
0.983653549158548, 0.4092705517438566
0.983653549158548, 0.4092705517438566
0.6385571391607151, 0.025913355933696702
0.6385571391607151, 0.025913355933696702
0.6385571391607151, 0.025913355933696702
0.6385571391607151, 0.025913355933696702
0.6385571391607151, 0.025913355933696702
0.6385571391607151, 0.025913355933696702
0.6385571391607151, 0.025913355933696702
0.6385571391607151, 0.025913355933696702
0.6385571391607151, 0.025913355933696702
0.6385571391607151, 0.025913355933696702
0.19587962180663154, 0.571571695667499
0.19587962180663154, 0.571571695667499
0.19587962180663154, 0.571571695667499
0.19587962180663154, 0.571571695667499
0.19587962180663154, 0.571571695667499
0.19587962180663154, 0.571571695667499
0.19587962180663154, 0.571571695667499
0.19587962180663154, 0.571571695667499
0.19587962180663154, 0.571571695667499
0.19587962180663154, 0.571571695667499
0.7438936202684109, 0.5960471964411681
0.7438936202684109, 0.5960471964411681
0.7438936202684109, 0.5960471964411681
0.7438936202684109, 0.5960471964411681
0.7438936202684109, 0.5960471964411681
0.7438936202684109, 0.5960471964411681
0.7438936202684109, 0.5960471964411681
0.7438936202684109, 0.5960471964411681
0.7438936202684109, 0.5960471964411681
0.7438936202684109, 0.5960471964411681
0.7950907163403762, 0.5215837219083654
0.7950907163403762, 0.5215837219083654
0.7950907163403762, 0.5215837219083654
0.7950907163403762, 0.5215837219083654
0.7950907163403762, 0.5215837219083654
0.7950907163403762, 0.5215837219083654
0.7950907163403762, 0.5215837219083654
0.7950907163403762, 0.5215837219083654
0.7950907163403762, 0.5215837219083654
0.7950907163403762, 0.5215837219083654
0.5358041450885115, 0.4437292950020303
0.5358041450885115, 0.4437292950020303
0.5358041450885115, 0.4437292950020303
0.5358041450885115, 0.4437292950020303
0.5358041450885115, 0.4437292950020303
0.5358041450885115, 0.4437292950020303
0.5358041450885115, 0.4437292950020303
0.5358041450885115, 0.4437292950020303
0.5358041450885115, 0.4437292950020303
0.5358041450885115, 0.4437292950020303
0.021238990460174967, 0.50924088452394
0.021238990460174967, 0.50924088452394
0.021238990460174967, 0.50924088452394
0.021238990460174967, 0.50924088452394
0.021238990460174967, 0.50924088452394
0.021238990460174967, 0.50924088452394
0.021238990460174967, 0.50924088452394
0.021238990460174967, 0.50924088452394
0.021238990460174967, 0.50924088452394
0.021238990460174967, 0.50924088452394
