1e-05
0.5303919983316434, 0.7626372056180973
0.5303919983316434, 0.7626372056180973
0.5303919983316434, 0.7626372056180973
0.5303919983316434, 0.7626372056180973
0.5303919983316434, 0.7626372056180973
0.5303919983316434, 0.7626372056180973
0.5303919983316434, 0.7626372056180973
0.5303919983316434, 0.7626372056180973
0.5303919983316434, 0.7626372056180973
0.5303919983316434, 0.7626372056180973
0.6907151997429533, 0.8548000417782801
0.6907151997429533, 0.8548000417782801
0.6907151997429533, 0.8548000417782801
0.6907151997429533, 0.8548000417782801
0.6907151997429533, 0.8548000417782801
0.6907151997429533, 0.8548000417782801
0.6907151997429533, 0.8548000417782801
0.6907151997429533, 0.8548000417782801
0.6907151997429533, 0.8548000417782801
0.6907151997429533, 0.8548000417782801
0.3802318701888442, 0.8612386793767698
0.3802318701888442, 0.8612386793767698
0.3802318701888442, 0.8612386793767698
0.3802318701888442, 0.8612386793767698
0.3802318701888442, 0.8612386793767698
0.3802318701888442, 0.8612386793767698
0.3802318701888442, 0.8612386793767698
0.3802318701888442, 0.8612386793767698
0.3802318701888442, 0.8612386793767698
0.3802318701888442, 0.8612386793767698
0.8632777489292385, 0.605680841401154
0.8632777489292385, 0.605680841401154
0.8632777489292385, 0.605680841401154
0.8632777489292385, 0.605680841401154
0.8632777489292385, 0.605680841401154
0.8632777489292385, 0.605680841401154
0.8632777489292385, 0.605680841401154
0.8632777489292385, 0.605680841401154
0.8632777489292385, 0.605680841401154
0.8632777489292385, 0.605680841401154
0.025675904494763202, 0.2594598835517654
0.025675904494763202, 0.2594598835517654
0.025675904494763202, 0.2594598835517654
0.025675904494763202, 0.2594598835517654
0.025675904494763202, 0.2594598835517654
0.025675904494763202, 0.2594598835517654
0.025675904494763202, 0.2594598835517654
0.025675904494763202, 0.2594598835517654
0.025675904494763202, 0.2594598835517654
0.025675904494763202, 0.2594598835517654
0.8786435633327213, 0.9533419338269652
0.8786435633327213, 0.9533419338269652
0.8786435633327213, 0.9533419338269652
0.8786435633327213, 0.9533419338269652
0.8786435633327213, 0.9533419338269652
0.8786435633327213, 0.9533419338269652
0.8786435633327213, 0.9533419338269652
0.8786435633327213, 0.9533419338269652
0.8786435633327213, 0.9533419338269652
0.8786435633327213, 0.9533419338269652
0.820959343125671, 0.9994476473019325
0.820959343125671, 0.9994476473019325
0.820959343125671, 0.9994476473019325
0.820959343125671, 0.9994476473019325
0.820959343125671, 0.9994476473019325
0.820959343125671, 0.9994476473019325
0.820959343125671, 0.9994476473019325
0.820959343125671, 0.9994476473019325
0.820959343125671, 0.9994476473019325
0.820959343125671, 0.9994476473019325
0.3900294670896771, 0.2637489208493372
0.3900294670896771, 0.2637489208493372
0.3900294670896771, 0.2637489208493372
0.3900294670896771, 0.2637489208493372
0.3900294670896771, 0.2637489208493372
0.3900294670896771, 0.2637489208493372
0.3900294670896771, 0.2637489208493372
0.3900294670896771, 0.2637489208493372
0.3900294670896771, 0.2637489208493372
0.3900294670896771, 0.2637489208493372
0.3998054147047897, 0.6554882518103042
0.3998054147047897, 0.6554882518103042
0.3998054147047897, 0.6554882518103042
0.3998054147047897, 0.6554882518103042
0.3998054147047897, 0.6554882518103042
0.3998054147047897, 0.6554882518103042
0.3998054147047897, 0.6554882518103042
0.3998054147047897, 0.6554882518103042
0.3998054147047897, 0.6554882518103042
0.3998054147047897, 0.6554882518103042
0.44503351769337507, 0.9486032979716141
0.44503351769337507, 0.9486032979716141
0.44503351769337507, 0.9486032979716141
0.44503351769337507, 0.9486032979716141
0.44503351769337507, 0.9486032979716141
0.44503351769337507, 0.9486032979716141
0.44503351769337507, 0.9486032979716141
0.44503351769337507, 0.9486032979716141
0.44503351769337507, 0.9486032979716141
0.44503351769337507, 0.9486032979716141
