1e-05
0.42028625470841985, 0.01987359073727457
0.42028625470841985, 0.01987359073727457
0.42028625470841985, 0.01987359073727457
0.42028625470841985, 0.01987359073727457
0.42028625470841985, 0.01987359073727457
0.42028625470841985, 0.01987359073727457
0.42028625470841985, 0.01987359073727457
0.42028625470841985, 0.01987359073727457
0.42028625470841985, 0.01987359073727457
0.42028625470841985, 0.01987359073727457
0.3716987758091369, 0.9970548929896514
0.3716987758091369, 0.9970548929896514
0.3716987758091369, 0.9970548929896514
0.3716987758091369, 0.9970548929896514
0.3716987758091369, 0.9970548929896514
0.3716987758091369, 0.9970548929896514
0.3716987758091369, 0.9970548929896514
0.3716987758091369, 0.9970548929896514
0.3716987758091369, 0.9970548929896514
0.3716987758091369, 0.9970548929896514
0.5394762404096405, 0.9596247971840507
0.5394762404096405, 0.9596247971840507
0.5394762404096405, 0.9596247971840507
0.5394762404096405, 0.9596247971840507
0.5394762404096405, 0.9596247971840507
0.5394762404096405, 0.9596247971840507
0.5394762404096405, 0.9596247971840507
0.5394762404096405, 0.9596247971840507
0.5394762404096405, 0.9596247971840507
0.5394762404096405, 0.9596247971840507
0.6937938242171627, 0.5083679344850854
0.6937938242171627, 0.5083679344850854
0.6937938242171627, 0.5083679344850854
0.6937938242171627, 0.5083679344850854
0.6937938242171627, 0.5083679344850854
0.6937938242171627, 0.5083679344850854
0.6937938242171627, 0.5083679344850854
0.6937938242171627, 0.5083679344850854
0.6937938242171627, 0.5083679344850854
0.6937938242171627, 0.5083679344850854
0.05914397210984501, 0.7162168051790639
0.05914397210984501, 0.7162168051790639
0.05914397210984501, 0.7162168051790639
0.05914397210984501, 0.7162168051790639
0.05914397210984501, 0.7162168051790639
0.05914397210984501, 0.7162168051790639
0.05914397210984501, 0.7162168051790639
0.05914397210984501, 0.7162168051790639
0.05914397210984501, 0.7162168051790639
0.05914397210984501, 0.7162168051790639
0.6053881004550505, 0.4663823787770841
0.6053881004550505, 0.4663823787770841
0.6053881004550505, 0.4663823787770841
0.6053881004550505, 0.4663823787770841
0.6053881004550505, 0.4663823787770841
0.6053881004550505, 0.4663823787770841
0.6053881004550505, 0.4663823787770841
0.6053881004550505, 0.4663823787770841
0.6053881004550505, 0.4663823787770841
0.6053881004550505, 0.4663823787770841
0.1826003509690104, 0.7058548936220502
0.1826003509690104, 0.7058548936220502
0.1826003509690104, 0.7058548936220502
0.1826003509690104, 0.7058548936220502
0.1826003509690104, 0.7058548936220502
0.1826003509690104, 0.7058548936220502
0.1826003509690104, 0.7058548936220502
0.1826003509690104, 0.7058548936220502
0.1826003509690104, 0.7058548936220502
0.1826003509690104, 0.7058548936220502
0.8231306556516553, 0.5269735094653267
0.8231306556516553, 0.5269735094653267
0.8231306556516553, 0.5269735094653267
0.8231306556516553, 0.5269735094653267
0.8231306556516553, 0.5269735094653267
0.8231306556516553, 0.5269735094653267
0.8231306556516553, 0.5269735094653267
0.8231306556516553, 0.5269735094653267
0.8231306556516553, 0.5269735094653267
0.8231306556516553, 0.5269735094653267
0.8952947353306742, 0.7068556157635285
0.8952947353306742, 0.7068556157635285
0.8952947353306742, 0.7068556157635285
0.8952947353306742, 0.7068556157635285
0.8952947353306742, 0.7068556157635285
0.8952947353306742, 0.7068556157635285
0.8952947353306742, 0.7068556157635285
0.8952947353306742, 0.7068556157635285
0.8952947353306742, 0.7068556157635285
0.8952947353306742, 0.7068556157635285
0.9638173299858219, 0.7115840095099273
0.9638173299858219, 0.7115840095099273
0.9638173299858219, 0.7115840095099273
0.9638173299858219, 0.7115840095099273
0.9638173299858219, 0.7115840095099273
0.9638173299858219, 0.7115840095099273
0.9638173299858219, 0.7115840095099273
0.9638173299858219, 0.7115840095099273
0.9638173299858219, 0.7115840095099273
0.9638173299858219, 0.7115840095099273
