0.1
0.36176747401460874, 0.13983448321438463
0.5778113499277813, 0.016603360902508912
0.8560021563438335, 0.0027984163852315946
0.8440825086049744, 0.29306444268075393
0.41033554652365045, 0.9275472232605927
0.2020601322623783, 0.8575830387502844
0.5473438826557433, 0.9494738068435326
0.2956495254389282, 0.40935636510187234
0.7348269206625497, 0.75192032940658
0.9971922725059058, 0.6901549851194217
0.1862576706593314, 0.8593480915405374
0.5630511250186409, 0.47285773843124446
0.9962172573943168, 0.34327946146399835
0.31172671464346025, 0.9639076688664873
0.3123419498554889, 0.8318995304343448
0.4410946608461931, 0.6242714792536497
0.19772112266226882, 0.26475809145483853
0.8582954825635053, 0.02352444499692352
0.7334855380394663, 0.33686270423299813
0.8255491010173773, 0.5338909668545824
0.26748875896682056, 0.5467431318307463
0.9691268557857092, 0.7528594893785591
0.8146008892199073, 0.5179561718839872
0.07392051481043294, 0.08325232826064077
0.044112666450578764, 0.9543177600921956
0.9946561619269854, 0.466963000372306
0.1390029917120994, 0.19802538157297744
0.9964256314840689, 0.6256005760147385
0.19349544052204193, 0.6056360420670235
0.3082292070485384, 0.2598030324654772
0.3063346549163848, 0.06355574679733778
0.9308298544112286, 0.6697849749957268
0.00910867578595198, 0.2611757961320271
0.19923376258848946, 0.6271680455423329
0.15172458327598382, 0.9542296947996548
0.8893071578434104, 0.7346260994526915
0.2107509568707452, 0.29460155299153845
0.28714754219190586, 0.816589261092905
0.35651325106198284, 0.6445268759216187
0.6884010394558373, 0.9030457708641761
0.7102268068946452, 0.007849360412643613
0.26267544040661917, 0.2347053716994405
0.33192596564994925, 0.06557672441552465
0.5119017397787127, 0.39215005880889675
0.27760461043432605, 0.42561483454351956
0.30125049323055, 0.15644516495579863
0.8774786996409335, 0.16853491571620305
0.11902374261348492, 0.21661585732953326
0.054176197914962976, 0.7140210020818992
0.05773078558938771, 0.2720750129108259
0.2977121731777077, 0.6804256452637603
0.6153216422407903, 0.23954871544330847
0.6348614981904344, 0.7206060783941406
0.8095005159608448, 0.29994837613864744
0.620947402382173, 0.04359851871295917
0.11850109744798543, 0.6637247522095047
0.05226196789011062, 0.4535339730036503
0.9333497182272829, 0.9159901097398776
0.9593119680494525, 0.1490493637738851
0.5932205725465393, 0.4900390447881924
0.9443572876132419, 0.981467090485626
0.9202325487968697, 0.9211711257305308
0.45623617540127703, 0.6131770375586766
0.6681409257025205, 0.6398112252673647
0.07087816217298959, 0.3901440931329164
0.5032534104605446, 0.2780027002333446
0.8144239442826672, 0.7625582769186275
0.17718248491830613, 0.5918306700910866
0.019259777258827326, 0.014762981074556536
0.35468640526979045, 0.04676407158249918
0.5166489064227411, 0.9328909416466362
0.49998639950016643, 0.2872324081315709
0.8082935505087047, 0.32814351386678187
0.7198162422212597, 0.28686683025000115
0.8718177596003133, 0.10785992507857212
0.9543451866817603, 0.9040269584071707
0.8043120361153308, 0.20118578256127573
0.4208015389087951, 0.7490077049327915
0.94684827350071, 0.8165661678753843
0.7553209679480136, 0.9287752221942469
0.8684851265808792, 0.5143973745060476
0.5143536818859091, 0.4389658848588286
