1e-05
0.7907013127575995, 0.7725329088214725
0.7907013127575995, 0.7725329088214725
0.7907013127575995, 0.7725329088214725
0.7907013127575995, 0.7725329088214725
0.7907013127575995, 0.7725329088214725
0.7907013127575995, 0.7725329088214725
0.7907013127575995, 0.7725329088214725
0.7907013127575995, 0.7725329088214725
0.7907013127575995, 0.7725329088214725
0.7907013127575995, 0.7725329088214725
0.9073928516118686, 0.7943663539437407
0.9073928516118686, 0.7943663539437407
0.9073928516118686, 0.7943663539437407
0.9073928516118686, 0.7943663539437407
0.9073928516118686, 0.7943663539437407
0.9073928516118686, 0.7943663539437407
0.9073928516118686, 0.7943663539437407
0.9073928516118686, 0.7943663539437407
0.9073928516118686, 0.7943663539437407
0.9073928516118686, 0.7943663539437407
0.8168225369128521, 0.851769866105421
0.8168225369128521, 0.851769866105421
0.8168225369128521, 0.851769866105421
0.8168225369128521, 0.851769866105421
0.8168225369128521, 0.851769866105421
0.8168225369128521, 0.851769866105421
0.8168225369128521, 0.851769866105421
0.8168225369128521, 0.851769866105421
0.8168225369128521, 0.851769866105421
0.8168225369128521, 0.851769866105421
0.5964849616346163, 0.6029075290142687
0.5964849616346163, 0.6029075290142687
0.5964849616346163, 0.6029075290142687
0.5964849616346163, 0.6029075290142687
0.5964849616346163, 0.6029075290142687
0.5964849616346163, 0.6029075290142687
0.5964849616346163, 0.6029075290142687
0.5964849616346163, 0.6029075290142687
0.5964849616346163, 0.6029075290142687
0.5964849616346163, 0.6029075290142687
0.6641110368499684, 0.8844340097613279
0.6641110368499684, 0.8844340097613279
0.6641110368499684, 0.8844340097613279
0.6641110368499684, 0.8844340097613279
0.6641110368499684, 0.8844340097613279
0.6641110368499684, 0.8844340097613279
0.6641110368499684, 0.8844340097613279
0.6641110368499684, 0.8844340097613279
0.6641110368499684, 0.8844340097613279
0.6641110368499684, 0.8844340097613279
0.6242103733692048, 0.9946297613424733
0.6242103733692048, 0.9946297613424733
0.6242103733692048, 0.9946297613424733
0.6242103733692048, 0.9946297613424733
0.6242103733692048, 0.9946297613424733
0.6242103733692048, 0.9946297613424733
0.6242103733692048, 0.9946297613424733
0.6242103733692048, 0.9946297613424733
0.6242103733692048, 0.9946297613424733
0.6242103733692048, 0.9946297613424733
0.8990530875799827, 0.9910384609667799
0.8990530875799827, 0.9910384609667799
0.8990530875799827, 0.9910384609667799
0.8990530875799827, 0.9910384609667799
0.8990530875799827, 0.9910384609667799
0.8990530875799827, 0.9910384609667799
0.8990530875799827, 0.9910384609667799
0.8990530875799827, 0.9910384609667799
0.8990530875799827, 0.9910384609667799
0.8990530875799827, 0.9910384609667799
0.8944317248031549, 0.6072185176966335
0.8944317248031549, 0.6072185176966335
0.8944317248031549, 0.6072185176966335
0.8944317248031549, 0.6072185176966335
0.8944317248031549, 0.6072185176966335
0.8944317248031549, 0.6072185176966335
0.8944317248031549, 0.6072185176966335
0.8944317248031549, 0.6072185176966335
0.8944317248031549, 0.6072185176966335
0.8944317248031549, 0.6072185176966335
0.6032390792350032, 0.1017871215175542
0.6032390792350032, 0.1017871215175542
0.6032390792350032, 0.1017871215175542
0.6032390792350032, 0.1017871215175542
0.6032390792350032, 0.1017871215175542
0.6032390792350032, 0.1017871215175542
0.6032390792350032, 0.1017871215175542
0.6032390792350032, 0.1017871215175542
0.6032390792350032, 0.1017871215175542
0.6032390792350032, 0.1017871215175542
0.8480879340981309, 0.6101903014741092
0.8480879340981309, 0.6101903014741092
0.8480879340981309, 0.6101903014741092
0.8480879340981309, 0.6101903014741092
0.8480879340981309, 0.6101903014741092
0.8480879340981309, 0.6101903014741092
0.8480879340981309, 0.6101903014741092
0.8480879340981309, 0.6101903014741092
0.8480879340981309, 0.6101903014741092
0.8480879340981309, 0.6101903014741092
