1e-05
0.6812225692489602, 0.43927530337741694
0.6812225692489602, 0.43927530337741694
0.6812225692489602, 0.43927530337741694
0.6812225692489602, 0.43927530337741694
0.6812225692489602, 0.43927530337741694
0.6812225692489602, 0.43927530337741694
0.6812225692489602, 0.43927530337741694
0.6812225692489602, 0.43927530337741694
0.6812225692489602, 0.43927530337741694
0.6812225692489602, 0.43927530337741694
0.7438340404754887, 0.5539889561303584
0.7438340404754887, 0.5539889561303584
0.7438340404754887, 0.5539889561303584
0.7438340404754887, 0.5539889561303584
0.7438340404754887, 0.5539889561303584
0.7438340404754887, 0.5539889561303584
0.7438340404754887, 0.5539889561303584
0.7438340404754887, 0.5539889561303584
0.7438340404754887, 0.5539889561303584
0.7438340404754887, 0.5539889561303584
0.04621077602477419, 0.11444631880735401
0.04621077602477419, 0.11444631880735401
0.04621077602477419, 0.11444631880735401
0.04621077602477419, 0.11444631880735401
0.04621077602477419, 0.11444631880735401
0.04621077602477419, 0.11444631880735401
0.04621077602477419, 0.11444631880735401
0.04621077602477419, 0.11444631880735401
0.04621077602477419, 0.11444631880735401
0.04621077602477419, 0.11444631880735401
0.022850807283041896, 0.7590652505435154
0.022850807283041896, 0.7590652505435154
0.022850807283041896, 0.7590652505435154
0.022850807283041896, 0.7590652505435154
0.022850807283041896, 0.7590652505435154
0.022850807283041896, 0.7590652505435154
0.022850807283041896, 0.7590652505435154
0.022850807283041896, 0.7590652505435154
0.022850807283041896, 0.7590652505435154
0.022850807283041896, 0.7590652505435154
0.07194513741865727, 0.9455613735971781
0.07194513741865727, 0.9455613735971781
0.07194513741865727, 0.9455613735971781
0.07194513741865727, 0.9455613735971781
0.07194513741865727, 0.9455613735971781
0.07194513741865727, 0.9455613735971781
0.07194513741865727, 0.9455613735971781
0.07194513741865727, 0.9455613735971781
0.07194513741865727, 0.9455613735971781
0.07194513741865727, 0.9455613735971781
0.13613881931177774, 0.9746916077502554
0.13613881931177774, 0.9746916077502554
0.13613881931177774, 0.9746916077502554
0.13613881931177774, 0.9746916077502554
0.13613881931177774, 0.9746916077502554
0.13613881931177774, 0.9746916077502554
0.13613881931177774, 0.9746916077502554
0.13613881931177774, 0.9746916077502554
0.13613881931177774, 0.9746916077502554
0.13613881931177774, 0.9746916077502554
0.15184804149780184, 0.724649542632547
0.15184804149780184, 0.724649542632547
0.15184804149780184, 0.724649542632547
0.15184804149780184, 0.724649542632547
0.15184804149780184, 0.724649542632547
0.15184804149780184, 0.724649542632547
0.15184804149780184, 0.724649542632547
0.15184804149780184, 0.724649542632547
0.15184804149780184, 0.724649542632547
0.15184804149780184, 0.724649542632547
0.4120867392740215, 0.26530170471991543
0.4120867392740215, 0.26530170471991543
0.4120867392740215, 0.26530170471991543
0.4120867392740215, 0.26530170471991543
0.4120867392740215, 0.26530170471991543
0.4120867392740215, 0.26530170471991543
0.4120867392740215, 0.26530170471991543
0.4120867392740215, 0.26530170471991543
0.4120867392740215, 0.26530170471991543
0.4120867392740215, 0.26530170471991543
0.7585027026435762, 0.15888636083370467
0.7585027026435762, 0.15888636083370467
0.7585027026435762, 0.15888636083370467
0.7585027026435762, 0.15888636083370467
0.7585027026435762, 0.15888636083370467
0.7585027026435762, 0.15888636083370467
0.7585027026435762, 0.15888636083370467
0.7585027026435762, 0.15888636083370467
0.7585027026435762, 0.15888636083370467
0.7585027026435762, 0.15888636083370467
0.5063804164086316, 0.5291861545668645
0.5063804164086316, 0.5291861545668645
0.5063804164086316, 0.5291861545668645
0.5063804164086316, 0.5291861545668645
0.5063804164086316, 0.5291861545668645
0.5063804164086316, 0.5291861545668645
0.5063804164086316, 0.5291861545668645
0.5063804164086316, 0.5291861545668645
0.5063804164086316, 0.5291861545668645
0.5063804164086316, 0.5291861545668645
