1e-05
0.7523155776894975, 0.5627217431276876
0.7523155776894975, 0.5627217431276876
0.7523155776894975, 0.5627217431276876
0.7523155776894975, 0.5627217431276876
0.7523155776894975, 0.5627217431276876
0.7523155776894975, 0.5627217431276876
0.7523155776894975, 0.5627217431276876
0.7523155776894975, 0.5627217431276876
0.7523155776894975, 0.5627217431276876
0.7523155776894975, 0.5627217431276876
0.19248867711086393, 0.3136833831125375
0.19248867711086393, 0.3136833831125375
0.19248867711086393, 0.3136833831125375
0.19248867711086393, 0.3136833831125375
0.19248867711086393, 0.3136833831125375
0.19248867711086393, 0.3136833831125375
0.19248867711086393, 0.3136833831125375
0.19248867711086393, 0.3136833831125375
0.19248867711086393, 0.3136833831125375
0.19248867711086393, 0.3136833831125375
0.08066399294838555, 0.9763616639738814
0.08066399294838555, 0.9763616639738814
0.08066399294838555, 0.9763616639738814
0.08066399294838555, 0.9763616639738814
0.08066399294838555, 0.9763616639738814
0.08066399294838555, 0.9763616639738814
0.08066399294838555, 0.9763616639738814
0.08066399294838555, 0.9763616639738814
0.08066399294838555, 0.9763616639738814
0.08066399294838555, 0.9763616639738814
0.23097993021537566, 0.46207980297544937
0.23097993021537566, 0.46207980297544937
0.23097993021537566, 0.46207980297544937
0.23097993021537566, 0.46207980297544937
0.23097993021537566, 0.46207980297544937
0.23097993021537566, 0.46207980297544937
0.23097993021537566, 0.46207980297544937
0.23097993021537566, 0.46207980297544937
0.23097993021537566, 0.46207980297544937
0.23097993021537566, 0.46207980297544937
0.18499376145886115, 0.5926385694592254
0.18499376145886115, 0.5926385694592254
0.18499376145886115, 0.5926385694592254
0.18499376145886115, 0.5926385694592254
0.18499376145886115, 0.5926385694592254
0.18499376145886115, 0.5926385694592254
0.18499376145886115, 0.5926385694592254
0.18499376145886115, 0.5926385694592254
0.18499376145886115, 0.5926385694592254
0.18499376145886115, 0.5926385694592254
0.9660217521486751, 0.603452097120223
0.9660217521486751, 0.603452097120223
0.9660217521486751, 0.603452097120223
0.9660217521486751, 0.603452097120223
0.9660217521486751, 0.603452097120223
0.9660217521486751, 0.603452097120223
0.9660217521486751, 0.603452097120223
0.9660217521486751, 0.603452097120223
0.9660217521486751, 0.603452097120223
0.9660217521486751, 0.603452097120223
0.41261773781613387, 0.07037477339494602
0.41261773781613387, 0.07037477339494602
0.41261773781613387, 0.07037477339494602
0.41261773781613387, 0.07037477339494602
0.41261773781613387, 0.07037477339494602
0.41261773781613387, 0.07037477339494602
0.41261773781613387, 0.07037477339494602
0.41261773781613387, 0.07037477339494602
0.41261773781613387, 0.07037477339494602
0.41261773781613387, 0.07037477339494602
0.4828740321469517, 0.6561714366426049
0.4828740321469517, 0.6561714366426049
0.4828740321469517, 0.6561714366426049
0.4828740321469517, 0.6561714366426049
0.4828740321469517, 0.6561714366426049
0.4828740321469517, 0.6561714366426049
0.4828740321469517, 0.6561714366426049
0.4828740321469517, 0.6561714366426049
0.4828740321469517, 0.6561714366426049
0.4828740321469517, 0.6561714366426049
0.03785404299553119, 0.9124281376973237
0.03785404299553119, 0.9124281376973237
0.03785404299553119, 0.9124281376973237
0.03785404299553119, 0.9124281376973237
0.03785404299553119, 0.9124281376973237
0.03785404299553119, 0.9124281376973237
0.03785404299553119, 0.9124281376973237
0.03785404299553119, 0.9124281376973237
0.03785404299553119, 0.9124281376973237
0.03785404299553119, 0.9124281376973237
0.34483751558451603, 0.39017858318128684
0.34483751558451603, 0.39017858318128684
0.34483751558451603, 0.39017858318128684
0.34483751558451603, 0.39017858318128684
0.34483751558451603, 0.39017858318128684
0.34483751558451603, 0.39017858318128684
0.34483751558451603, 0.39017858318128684
0.34483751558451603, 0.39017858318128684
0.34483751558451603, 0.39017858318128684
0.34483751558451603, 0.39017858318128684
