1e-05
0.02435842576959335, 0.6988738717575723
0.02435842576959335, 0.6988738717575723
0.02435842576959335, 0.6988738717575723
0.02435842576959335, 0.6988738717575723
0.02435842576959335, 0.6988738717575723
0.02435842576959335, 0.6988738717575723
0.02435842576959335, 0.6988738717575723
0.02435842576959335, 0.6988738717575723
0.02435842576959335, 0.6988738717575723
0.02435842576959335, 0.6988738717575723
0.3437902665982294, 0.6393657672118065
0.3437902665982294, 0.6393657672118065
0.3437902665982294, 0.6393657672118065
0.3437902665982294, 0.6393657672118065
0.3437902665982294, 0.6393657672118065
0.3437902665982294, 0.6393657672118065
0.3437902665982294, 0.6393657672118065
0.3437902665982294, 0.6393657672118065
0.3437902665982294, 0.6393657672118065
0.3437902665982294, 0.6393657672118065
0.8528271548060197, 0.5815533603994393
0.8528271548060197, 0.5815533603994393
0.8528271548060197, 0.5815533603994393
0.8528271548060197, 0.5815533603994393
0.8528271548060197, 0.5815533603994393
0.8528271548060197, 0.5815533603994393
0.8528271548060197, 0.5815533603994393
0.8528271548060197, 0.5815533603994393
0.8528271548060197, 0.5815533603994393
0.8528271548060197, 0.5815533603994393
0.7471826686503139, 0.5123044766437724
0.7471826686503139, 0.5123044766437724
0.7471826686503139, 0.5123044766437724
0.7471826686503139, 0.5123044766437724
0.7471826686503139, 0.5123044766437724
0.7471826686503139, 0.5123044766437724
0.7471826686503139, 0.5123044766437724
0.7471826686503139, 0.5123044766437724
0.7471826686503139, 0.5123044766437724
0.7471826686503139, 0.5123044766437724
0.922764193889528, 0.7734976251199905
0.922764193889528, 0.7734976251199905
0.922764193889528, 0.7734976251199905
0.922764193889528, 0.7734976251199905
0.922764193889528, 0.7734976251199905
0.922764193889528, 0.7734976251199905
0.922764193889528, 0.7734976251199905
0.922764193889528, 0.7734976251199905
0.922764193889528, 0.7734976251199905
0.922764193889528, 0.7734976251199905
0.5289649923875893, 0.9809876743764879
0.5289649923875893, 0.9809876743764879
0.5289649923875893, 0.9809876743764879
0.5289649923875893, 0.9809876743764879
0.5289649923875893, 0.9809876743764879
0.5289649923875893, 0.9809876743764879
0.5289649923875893, 0.9809876743764879
0.5289649923875893, 0.9809876743764879
0.5289649923875893, 0.9809876743764879
0.5289649923875893, 0.9809876743764879
0.2615322350358761, 0.5480016402085106
0.2615322350358761, 0.5480016402085106
0.2615322350358761, 0.5480016402085106
0.2615322350358761, 0.5480016402085106
0.2615322350358761, 0.5480016402085106
0.2615322350358761, 0.5480016402085106
0.2615322350358761, 0.5480016402085106
0.2615322350358761, 0.5480016402085106
0.2615322350358761, 0.5480016402085106
0.2615322350358761, 0.5480016402085106
0.760383361866434, 0.37247237609729733
0.760383361866434, 0.37247237609729733
0.760383361866434, 0.37247237609729733
0.760383361866434, 0.37247237609729733
0.760383361866434, 0.37247237609729733
0.760383361866434, 0.37247237609729733
0.760383361866434, 0.37247237609729733
0.760383361866434, 0.37247237609729733
0.760383361866434, 0.37247237609729733
0.760383361866434, 0.37247237609729733
0.13082547528878952, 0.38322906831719816
0.13082547528878952, 0.38322906831719816
0.13082547528878952, 0.38322906831719816
0.13082547528878952, 0.38322906831719816
0.13082547528878952, 0.38322906831719816
0.13082547528878952, 0.38322906831719816
0.13082547528878952, 0.38322906831719816
0.13082547528878952, 0.38322906831719816
0.13082547528878952, 0.38322906831719816
0.13082547528878952, 0.38322906831719816
0.25220238652420945, 0.17446102042325573
0.25220238652420945, 0.17446102042325573
0.25220238652420945, 0.17446102042325573
0.25220238652420945, 0.17446102042325573
0.25220238652420945, 0.17446102042325573
0.25220238652420945, 0.17446102042325573
0.25220238652420945, 0.17446102042325573
0.25220238652420945, 0.17446102042325573
0.25220238652420945, 0.17446102042325573
0.25220238652420945, 0.17446102042325573
