1e-05
0.0861821342816399, 0.18690393635549674
0.82580730678107, 0.4443368060876408
0.2175422739364815, 0.14993803865701794
0.2796678010271435, 0.3206863326957763
0.859859548573809, 0.6573444917154997
0.9172490175526077, 0.5772703538666951
0.7026506989596233, 0.3249446400563839
0.9153369712147696, 0.0928864857692131
0.3062604558354387, 0.059140637447714806
0.6793080924137351, 0.1031767098553329
0.688280546634255, 0.3312964125267478
0.33976681105247775, 0.492464471225988
0.7257853405775382, 0.40636016153772947
0.8052756338141115, 0.9237625851404061
0.2834781680139181, 0.818590905259255
0.5365262036876833, 0.18847068044970672
0.5815798472335377, 0.1373616018775773
0.6109245716604919, 0.9532358466034346
0.8804416923088858, 0.7441481194137347
0.43432695246484765, 0.31225482502573954
0.2649894280044993, 0.9893246983304268
0.6655186812754922, 0.703461725536885
0.6487819665315323, 0.47049053012740627
0.28941740284825346, 0.9607833808753075
0.05812979090466652, 0.7535947478444314
0.9551956971755249, 0.93684959623793
0.8304576226362811, 0.6183616660302859
0.3651097665545764, 0.16261721320510725
0.40394391471456526, 0.08406109817894114
0.0605605964414917, 0.8577088987079452
0.4284739823426491, 0.23683080678736035
0.23060346569308865, 0.06926824679777932
0.6245998286040829, 0.5028724085935042
0.6877045111289649, 0.5530356072220355
0.3963227733554192, 0.022822113644985764
0.8807372450114659, 0.39384094958030824
0.5989688986568242, 0.5864393193386823
0.5781850255311807, 0.36945522342838033
0.17528029970500336, 0.22029233805928805
0.7975802174230043, 0.42131117481135194
0.47530379660101574, 0.6503809257244173
0.3450923723999497, 0.11241375540063059
0.5191835372528093, 0.3654200849241944
0.6419673762752204, 0.04782650225203122
0.5849275344790726, 0.993441288842306
0.5417938920893013, 0.2715648506015329
0.7090646589096941, 0.3692026884238624
0.30797617755618834, 0.9362570444806975
0.21134476089831145, 0.10234735393454486
0.9226292500502784, 0.9984183191901023
0.08847272188170763, 0.7001815040549852
0.020733048656444653, 0.5160256368843595
0.4391771375439094, 0.7549315768894458
0.19012264316290894, 0.35963531052582964
0.3281615588044834, 0.31460403929264347
0.5713967018104273, 0.9228432277487133
0.3121786732677607, 0.9367034117652401
0.5515745460015292, 0.5800569631177146
0.7850760802657358, 0.9184744930217111
0.11690303815480796, 0.7539582877768674
0.20154837882492593, 0.5916839592043321
0.5089976243030522, 0.5515038926824842
0.8428209749194069, 0.2899798788020743
0.1496214822070756, 0.014284585739325673
0.32767609338261927, 0.26793176662251494
0.6323383273939177, 0.316469480599593
0.8498306189596349, 0.3199904553924888
0.1772941336664431, 0.2166045067298099
0.16664713468746495, 0.5198436688131198
0.9109028610708267, 0.34350322778268205
0.8874278207048639, 0.8051939252994371
0.9448865693450376, 0.9928682196401092
0.8356829410529437, 0.9405985954683864
0.32396370988579326, 0.39910864829979986
0.8074434621321362, 0.6018583079853895
0.7123649005861546, 0.8396048030072513
0.29671287737167906, 0.8315009702566606
0.7069248147233098, 0.5244655047708798
0.31038664078400446, 0.5422754665326094
0.2940345640149036, 0.8580660610411881
0.6264997486740522, 0.2627240435905649
0.7176219418822447, 0.32301437087600404
0.3139224193575274, 0.9667298351253382
0.9459346302233604, 0.890086578314227
0.42352097262553445, 0.3803956086888811
0.6230512413135048, 0.20672628916220892
0.19005964614019621, 0.5133858360260546
0.5839668359661573, 0.9640766215337041
0.4370492263424145, 0.42522364678204405
0.6393064446879415, 0.8601899635253385
0.7903519335433093, 0.3388379740486779
0.8645679554770287, 0.8686741471580822
0.1506068916900719, 0.02463739170872914
0.7562826637783403, 0.50699552655556
0.8311392196230633, 0.7743746841596946
0.5715391777169309, 0.1592509367501853
0.746868894739546, 0.5661956242943788
0.0636997579680364, 0.9748830463123621
0.23146361477274213, 0.8234286628701123
0.5300875877278743, 0.3460090802506507
