1e-05
0.5320402823650128, 0.9967370768375259
0.5320402823650128, 0.9967370768375259
0.5320402823650128, 0.9967370768375259
0.5320402823650128, 0.9967370768375259
0.5320402823650128, 0.9967370768375259
0.5320402823650128, 0.9967370768375259
0.5320402823650128, 0.9967370768375259
0.5320402823650128, 0.9967370768375259
0.5320402823650128, 0.9967370768375259
0.5320402823650128, 0.9967370768375259
0.8329023752946548, 0.9437771434146658
0.8329023752946548, 0.9437771434146658
0.8329023752946548, 0.9437771434146658
0.8329023752946548, 0.9437771434146658
0.8329023752946548, 0.9437771434146658
0.8329023752946548, 0.9437771434146658
0.8329023752946548, 0.9437771434146658
0.8329023752946548, 0.9437771434146658
0.8329023752946548, 0.9437771434146658
0.8329023752946548, 0.9437771434146658
0.4810135797372208, 0.9174645810665162
0.4810135797372208, 0.9174645810665162
0.4810135797372208, 0.9174645810665162
0.4810135797372208, 0.9174645810665162
0.4810135797372208, 0.9174645810665162
0.4810135797372208, 0.9174645810665162
0.4810135797372208, 0.9174645810665162
0.4810135797372208, 0.9174645810665162
0.4810135797372208, 0.9174645810665162
0.4810135797372208, 0.9174645810665162
0.5701033414936365, 0.47589085291432953
0.5701033414936365, 0.47589085291432953
0.5701033414936365, 0.47589085291432953
0.5701033414936365, 0.47589085291432953
0.5701033414936365, 0.47589085291432953
0.5701033414936365, 0.47589085291432953
0.5701033414936365, 0.47589085291432953
0.5701033414936365, 0.47589085291432953
0.5701033414936365, 0.47589085291432953
0.5701033414936365, 0.47589085291432953
0.4464939754055399, 0.49290037135613796
0.4464939754055399, 0.49290037135613796
0.4464939754055399, 0.49290037135613796
0.4464939754055399, 0.49290037135613796
0.4464939754055399, 0.49290037135613796
0.4464939754055399, 0.49290037135613796
0.4464939754055399, 0.49290037135613796
0.4464939754055399, 0.49290037135613796
0.4464939754055399, 0.49290037135613796
0.4464939754055399, 0.49290037135613796
0.7709568714398967, 0.5837808219355611
0.7709568714398967, 0.5837808219355611
0.7709568714398967, 0.5837808219355611
0.7709568714398967, 0.5837808219355611
0.7709568714398967, 0.5837808219355611
0.7709568714398967, 0.5837808219355611
0.7709568714398967, 0.5837808219355611
0.7709568714398967, 0.5837808219355611
0.7709568714398967, 0.5837808219355611
0.7709568714398967, 0.5837808219355611
0.8126388622413976, 0.7736789971490076
0.8126388622413976, 0.7736789971490076
0.8126388622413976, 0.7736789971490076
0.8126388622413976, 0.7736789971490076
0.8126388622413976, 0.7736789971490076
0.8126388622413976, 0.7736789971490076
0.8126388622413976, 0.7736789971490076
0.8126388622413976, 0.7736789971490076
0.8126388622413976, 0.7736789971490076
0.8126388622413976, 0.7736789971490076
0.7985418352949593, 0.3137656754881213
0.7985418352949593, 0.3137656754881213
0.7985418352949593, 0.3137656754881213
0.7985418352949593, 0.3137656754881213
0.7985418352949593, 0.3137656754881213
0.7985418352949593, 0.3137656754881213
0.7985418352949593, 0.3137656754881213
0.7985418352949593, 0.3137656754881213
0.7985418352949593, 0.3137656754881213
0.7985418352949593, 0.3137656754881213
0.5343963458838698, 0.4110028312071008
0.5343963458838698, 0.4110028312071008
0.5343963458838698, 0.4110028312071008
0.5343963458838698, 0.4110028312071008
0.5343963458838698, 0.4110028312071008
0.5343963458838698, 0.4110028312071008
0.5343963458838698, 0.4110028312071008
0.5343963458838698, 0.4110028312071008
0.5343963458838698, 0.4110028312071008
0.5343963458838698, 0.4110028312071008
0.916817014337831, 0.39146094406533805
0.916817014337831, 0.39146094406533805
0.916817014337831, 0.39146094406533805
0.916817014337831, 0.39146094406533805
0.916817014337831, 0.39146094406533805
0.916817014337831, 0.39146094406533805
0.916817014337831, 0.39146094406533805
0.916817014337831, 0.39146094406533805
0.916817014337831, 0.39146094406533805
0.916817014337831, 0.39146094406533805
