1e-05
0.8217226381654279, 0.5675472481032531
0.8217226381654279, 0.5675472481032531
0.8217226381654279, 0.5675472481032531
0.8217226381654279, 0.5675472481032531
0.8217226381654279, 0.5675472481032531
0.8217226381654279, 0.5675472481032531
0.8217226381654279, 0.5675472481032531
0.8217226381654279, 0.5675472481032531
0.8217226381654279, 0.5675472481032531
0.8217226381654279, 0.5675472481032531
0.663144937130426, 0.0944676129601294
0.663144937130426, 0.0944676129601294
0.663144937130426, 0.0944676129601294
0.663144937130426, 0.0944676129601294
0.663144937130426, 0.0944676129601294
0.663144937130426, 0.0944676129601294
0.663144937130426, 0.0944676129601294
0.663144937130426, 0.0944676129601294
0.663144937130426, 0.0944676129601294
0.663144937130426, 0.0944676129601294
0.7562773255968511, 0.5614601289112249
0.7562773255968511, 0.5614601289112249
0.7562773255968511, 0.5614601289112249
0.7562773255968511, 0.5614601289112249
0.7562773255968511, 0.5614601289112249
0.7562773255968511, 0.5614601289112249
0.7562773255968511, 0.5614601289112249
0.7562773255968511, 0.5614601289112249
0.7562773255968511, 0.5614601289112249
0.7562773255968511, 0.5614601289112249
0.7882563544394764, 0.11270137396264646
0.7882563544394764, 0.11270137396264646
0.7882563544394764, 0.11270137396264646
0.7882563544394764, 0.11270137396264646
0.7882563544394764, 0.11270137396264646
0.7882563544394764, 0.11270137396264646
0.7882563544394764, 0.11270137396264646
0.7882563544394764, 0.11270137396264646
0.7882563544394764, 0.11270137396264646
0.7882563544394764, 0.11270137396264646
0.81540629340323, 0.304380969976195
0.81540629340323, 0.304380969976195
0.81540629340323, 0.304380969976195
0.81540629340323, 0.304380969976195
0.81540629340323, 0.304380969976195
0.81540629340323, 0.304380969976195
0.81540629340323, 0.304380969976195
0.81540629340323, 0.304380969976195
0.81540629340323, 0.304380969976195
0.81540629340323, 0.304380969976195
0.16885966573986944, 0.5004227034841926
0.16885966573986944, 0.5004227034841926
0.16885966573986944, 0.5004227034841926
0.16885966573986944, 0.5004227034841926
0.16885966573986944, 0.5004227034841926
0.16885966573986944, 0.5004227034841926
0.16885966573986944, 0.5004227034841926
0.16885966573986944, 0.5004227034841926
0.16885966573986944, 0.5004227034841926
0.16885966573986944, 0.5004227034841926
0.8208590468078909, 0.5421028628970028
0.8208590468078909, 0.5421028628970028
0.8208590468078909, 0.5421028628970028
0.8208590468078909, 0.5421028628970028
0.8208590468078909, 0.5421028628970028
0.8208590468078909, 0.5421028628970028
0.8208590468078909, 0.5421028628970028
0.8208590468078909, 0.5421028628970028
0.8208590468078909, 0.5421028628970028
0.8208590468078909, 0.5421028628970028
0.5506722615908619, 0.7334154135585559
0.5506722615908619, 0.7334154135585559
0.5506722615908619, 0.7334154135585559
0.5506722615908619, 0.7334154135585559
0.5506722615908619, 0.7334154135585559
0.5506722615908619, 0.7334154135585559
0.5506722615908619, 0.7334154135585559
0.5506722615908619, 0.7334154135585559
0.5506722615908619, 0.7334154135585559
0.5506722615908619, 0.7334154135585559
0.22858436693136552, 0.31032519570286776
0.22858436693136552, 0.31032519570286776
0.22858436693136552, 0.31032519570286776
0.22858436693136552, 0.31032519570286776
0.22858436693136552, 0.31032519570286776
0.22858436693136552, 0.31032519570286776
0.22858436693136552, 0.31032519570286776
0.22858436693136552, 0.31032519570286776
0.22858436693136552, 0.31032519570286776
0.22858436693136552, 0.31032519570286776
0.7197433335389443, 0.35798335087071853
0.7197433335389443, 0.35798335087071853
0.7197433335389443, 0.35798335087071853
0.7197433335389443, 0.35798335087071853
0.7197433335389443, 0.35798335087071853
0.7197433335389443, 0.35798335087071853
0.7197433335389443, 0.35798335087071853
0.7197433335389443, 0.35798335087071853
0.7197433335389443, 0.35798335087071853
0.7197433335389443, 0.35798335087071853
