1e-05
0.3250673217365341, 0.8273148407545405
0.3250673217365341, 0.8273148407545405
0.3250673217365341, 0.8273148407545405
0.3250673217365341, 0.8273148407545405
0.3250673217365341, 0.8273148407545405
0.3250673217365341, 0.8273148407545405
0.3250673217365341, 0.8273148407545405
0.3250673217365341, 0.8273148407545405
0.3250673217365341, 0.8273148407545405
0.3250673217365341, 0.8273148407545405
0.05839193933847309, 0.8785880501534431
0.05839193933847309, 0.8785880501534431
0.05839193933847309, 0.8785880501534431
0.05839193933847309, 0.8785880501534431
0.05839193933847309, 0.8785880501534431
0.05839193933847309, 0.8785880501534431
0.05839193933847309, 0.8785880501534431
0.05839193933847309, 0.8785880501534431
0.05839193933847309, 0.8785880501534431
0.05839193933847309, 0.8785880501534431
0.687703713598566, 0.026725543543899777
0.687703713598566, 0.026725543543899777
0.687703713598566, 0.026725543543899777
0.687703713598566, 0.026725543543899777
0.687703713598566, 0.026725543543899777
0.687703713598566, 0.026725543543899777
0.687703713598566, 0.026725543543899777
0.687703713598566, 0.026725543543899777
0.687703713598566, 0.026725543543899777
0.687703713598566, 0.026725543543899777
0.9003587195594015, 0.8789493032048542
0.9003587195594015, 0.8789493032048542
0.9003587195594015, 0.8789493032048542
0.9003587195594015, 0.8789493032048542
0.9003587195594015, 0.8789493032048542
0.9003587195594015, 0.8789493032048542
0.9003587195594015, 0.8789493032048542
0.9003587195594015, 0.8789493032048542
0.9003587195594015, 0.8789493032048542
0.9003587195594015, 0.8789493032048542
0.128482106745181, 0.5873357348523454
0.128482106745181, 0.5873357348523454
0.128482106745181, 0.5873357348523454
0.128482106745181, 0.5873357348523454
0.128482106745181, 0.5873357348523454
0.128482106745181, 0.5873357348523454
0.128482106745181, 0.5873357348523454
0.128482106745181, 0.5873357348523454
0.128482106745181, 0.5873357348523454
0.128482106745181, 0.5873357348523454
0.15757620313128373, 0.6051524521807073
0.15757620313128373, 0.6051524521807073
0.15757620313128373, 0.6051524521807073
0.15757620313128373, 0.6051524521807073
0.15757620313128373, 0.6051524521807073
0.15757620313128373, 0.6051524521807073
0.15757620313128373, 0.6051524521807073
0.15757620313128373, 0.6051524521807073
0.15757620313128373, 0.6051524521807073
0.15757620313128373, 0.6051524521807073
0.627403117062873, 0.17930160199516865
0.627403117062873, 0.17930160199516865
0.627403117062873, 0.17930160199516865
0.627403117062873, 0.17930160199516865
0.627403117062873, 0.17930160199516865
0.627403117062873, 0.17930160199516865
0.627403117062873, 0.17930160199516865
0.627403117062873, 0.17930160199516865
0.627403117062873, 0.17930160199516865
0.627403117062873, 0.17930160199516865
0.8135013188830178, 0.6851789014836995
0.8135013188830178, 0.6851789014836995
0.8135013188830178, 0.6851789014836995
0.8135013188830178, 0.6851789014836995
0.8135013188830178, 0.6851789014836995
0.8135013188830178, 0.6851789014836995
0.8135013188830178, 0.6851789014836995
0.8135013188830178, 0.6851789014836995
0.8135013188830178, 0.6851789014836995
0.8135013188830178, 0.6851789014836995
0.3061036599735014, 0.16603345459015717
0.3061036599735014, 0.16603345459015717
0.3061036599735014, 0.16603345459015717
0.3061036599735014, 0.16603345459015717
0.3061036599735014, 0.16603345459015717
0.3061036599735014, 0.16603345459015717
0.3061036599735014, 0.16603345459015717
0.3061036599735014, 0.16603345459015717
0.3061036599735014, 0.16603345459015717
0.3061036599735014, 0.16603345459015717
0.06153371007271491, 0.5585126695027514
0.06153371007271491, 0.5585126695027514
0.06153371007271491, 0.5585126695027514
0.06153371007271491, 0.5585126695027514
0.06153371007271491, 0.5585126695027514
0.06153371007271491, 0.5585126695027514
0.06153371007271491, 0.5585126695027514
0.06153371007271491, 0.5585126695027514
0.06153371007271491, 0.5585126695027514
0.06153371007271491, 0.5585126695027514
