1e-05
0.27642752176059693, 0.6578827630235055
0.27642752176059693, 0.6578827630235055
0.27642752176059693, 0.6578827630235055
0.27642752176059693, 0.6578827630235055
0.27642752176059693, 0.6578827630235055
0.27642752176059693, 0.6578827630235055
0.27642752176059693, 0.6578827630235055
0.27642752176059693, 0.6578827630235055
0.27642752176059693, 0.6578827630235055
0.27642752176059693, 0.6578827630235055
0.33802445729765673, 0.15355315508215794
0.33802445729765673, 0.15355315508215794
0.33802445729765673, 0.15355315508215794
0.33802445729765673, 0.15355315508215794
0.33802445729765673, 0.15355315508215794
0.33802445729765673, 0.15355315508215794
0.33802445729765673, 0.15355315508215794
0.33802445729765673, 0.15355315508215794
0.33802445729765673, 0.15355315508215794
0.33802445729765673, 0.15355315508215794
0.9361915135182642, 0.09348315678929053
0.9361915135182642, 0.09348315678929053
0.9361915135182642, 0.09348315678929053
0.9361915135182642, 0.09348315678929053
0.9361915135182642, 0.09348315678929053
0.9361915135182642, 0.09348315678929053
0.9361915135182642, 0.09348315678929053
0.9361915135182642, 0.09348315678929053
0.9361915135182642, 0.09348315678929053
0.9361915135182642, 0.09348315678929053
0.17082843619901755, 0.2951875203508747
0.17082843619901755, 0.2951875203508747
0.17082843619901755, 0.2951875203508747
0.17082843619901755, 0.2951875203508747
0.17082843619901755, 0.2951875203508747
0.17082843619901755, 0.2951875203508747
0.17082843619901755, 0.2951875203508747
0.17082843619901755, 0.2951875203508747
0.17082843619901755, 0.2951875203508747
0.17082843619901755, 0.2951875203508747
0.7808316600646505, 0.5932148427715831
0.7808316600646505, 0.5932148427715831
0.7808316600646505, 0.5932148427715831
0.7808316600646505, 0.5932148427715831
0.7808316600646505, 0.5932148427715831
0.7808316600646505, 0.5932148427715831
0.7808316600646505, 0.5932148427715831
0.7808316600646505, 0.5932148427715831
0.7808316600646505, 0.5932148427715831
0.7808316600646505, 0.5932148427715831
0.515829073172074, 0.5867890620830756
0.515829073172074, 0.5867890620830756
0.515829073172074, 0.5867890620830756
0.515829073172074, 0.5867890620830756
0.515829073172074, 0.5867890620830756
0.515829073172074, 0.5867890620830756
0.515829073172074, 0.5867890620830756
0.515829073172074, 0.5867890620830756
0.515829073172074, 0.5867890620830756
0.515829073172074, 0.5867890620830756
0.3346163659210164, 0.23566171881102727
0.3346163659210164, 0.23566171881102727
0.3346163659210164, 0.23566171881102727
0.3346163659210164, 0.23566171881102727
0.3346163659210164, 0.23566171881102727
0.3346163659210164, 0.23566171881102727
0.3346163659210164, 0.23566171881102727
0.3346163659210164, 0.23566171881102727
0.3346163659210164, 0.23566171881102727
0.3346163659210164, 0.23566171881102727
0.013822480391993741, 0.025274196221785727
0.013822480391993741, 0.025274196221785727
0.013822480391993741, 0.025274196221785727
0.013822480391993741, 0.025274196221785727
0.013822480391993741, 0.025274196221785727
0.013822480391993741, 0.025274196221785727
0.013822480391993741, 0.025274196221785727
0.013822480391993741, 0.025274196221785727
0.013822480391993741, 0.025274196221785727
0.013822480391993741, 0.025274196221785727
0.4661164832170822, 0.4783588133763763
0.4661164832170822, 0.4783588133763763
0.4661164832170822, 0.4783588133763763
0.4661164832170822, 0.4783588133763763
0.4661164832170822, 0.4783588133763763
0.4661164832170822, 0.4783588133763763
0.4661164832170822, 0.4783588133763763
0.4661164832170822, 0.4783588133763763
0.4661164832170822, 0.4783588133763763
0.4661164832170822, 0.4783588133763763
0.9867936577025234, 0.5028305145447919
0.9867936577025234, 0.5028305145447919
0.9867936577025234, 0.5028305145447919
0.9867936577025234, 0.5028305145447919
0.9867936577025234, 0.5028305145447919
0.9867936577025234, 0.5028305145447919
0.9867936577025234, 0.5028305145447919
0.9867936577025234, 0.5028305145447919
0.9867936577025234, 0.5028305145447919
0.9867936577025234, 0.5028305145447919
