1e-05
0.13606317792923583, 0.9337041164422839
0.13606317792923583, 0.9337041164422839
0.13606317792923583, 0.9337041164422839
0.13606317792923583, 0.9337041164422839
0.13606317792923583, 0.9337041164422839
0.13606317792923583, 0.9337041164422839
0.13606317792923583, 0.9337041164422839
0.13606317792923583, 0.9337041164422839
0.13606317792923583, 0.9337041164422839
0.13606317792923583, 0.9337041164422839
0.495747832403149, 0.8948627414116656
0.495747832403149, 0.8948627414116656
0.495747832403149, 0.8948627414116656
0.495747832403149, 0.8948627414116656
0.495747832403149, 0.8948627414116656
0.495747832403149, 0.8948627414116656
0.495747832403149, 0.8948627414116656
0.495747832403149, 0.8948627414116656
0.495747832403149, 0.8948627414116656
0.495747832403149, 0.8948627414116656
0.7147653044306317, 0.029797934017172567
0.7147653044306317, 0.029797934017172567
0.7147653044306317, 0.029797934017172567
0.7147653044306317, 0.029797934017172567
0.7147653044306317, 0.029797934017172567
0.7147653044306317, 0.029797934017172567
0.7147653044306317, 0.029797934017172567
0.7147653044306317, 0.029797934017172567
0.7147653044306317, 0.029797934017172567
0.7147653044306317, 0.029797934017172567
0.8647410248691179, 0.30853935075978534
0.8647410248691179, 0.30853935075978534
0.8647410248691179, 0.30853935075978534
0.8647410248691179, 0.30853935075978534
0.8647410248691179, 0.30853935075978534
0.8647410248691179, 0.30853935075978534
0.8647410248691179, 0.30853935075978534
0.8647410248691179, 0.30853935075978534
0.8647410248691179, 0.30853935075978534
0.8647410248691179, 0.30853935075978534
0.6362806769639354, 0.012368379724675194
0.6362806769639354, 0.012368379724675194
0.6362806769639354, 0.012368379724675194
0.6362806769639354, 0.012368379724675194
0.6362806769639354, 0.012368379724675194
0.6362806769639354, 0.012368379724675194
0.6362806769639354, 0.012368379724675194
0.6362806769639354, 0.012368379724675194
0.6362806769639354, 0.012368379724675194
0.6362806769639354, 0.012368379724675194
0.9472312152134649, 0.6552095462636354
0.9472312152134649, 0.6552095462636354
0.9472312152134649, 0.6552095462636354
0.9472312152134649, 0.6552095462636354
0.9472312152134649, 0.6552095462636354
0.9472312152134649, 0.6552095462636354
0.9472312152134649, 0.6552095462636354
0.9472312152134649, 0.6552095462636354
0.9472312152134649, 0.6552095462636354
0.9472312152134649, 0.6552095462636354
0.2831346823890606, 0.8331309427285835
0.2831346823890606, 0.8331309427285835
0.2831346823890606, 0.8331309427285835
0.2831346823890606, 0.8331309427285835
0.2831346823890606, 0.8331309427285835
0.2831346823890606, 0.8331309427285835
0.2831346823890606, 0.8331309427285835
0.2831346823890606, 0.8331309427285835
0.2831346823890606, 0.8331309427285835
0.2831346823890606, 0.8331309427285835
0.5503715597978998, 0.18941919910925054
0.5503715597978998, 0.18941919910925054
0.5503715597978998, 0.18941919910925054
0.5503715597978998, 0.18941919910925054
0.5503715597978998, 0.18941919910925054
0.5503715597978998, 0.18941919910925054
0.5503715597978998, 0.18941919910925054
0.5503715597978998, 0.18941919910925054
0.5503715597978998, 0.18941919910925054
0.5503715597978998, 0.18941919910925054
0.46323808791864807, 0.621099000070284
0.46323808791864807, 0.621099000070284
0.46323808791864807, 0.621099000070284
0.46323808791864807, 0.621099000070284
0.46323808791864807, 0.621099000070284
0.46323808791864807, 0.621099000070284
0.46323808791864807, 0.621099000070284
0.46323808791864807, 0.621099000070284
0.46323808791864807, 0.621099000070284
0.46323808791864807, 0.621099000070284
0.19514806331453938, 0.9841744566732535
0.19514806331453938, 0.9841744566732535
0.19514806331453938, 0.9841744566732535
0.19514806331453938, 0.9841744566732535
0.19514806331453938, 0.9841744566732535
0.19514806331453938, 0.9841744566732535
0.19514806331453938, 0.9841744566732535
0.19514806331453938, 0.9841744566732535
0.19514806331453938, 0.9841744566732535
0.19514806331453938, 0.9841744566732535
