1e-05
0.16450504147349077, 0.5316954490234604
0.16450504147349077, 0.5316954490234604
0.16450504147349077, 0.5316954490234604
0.16450504147349077, 0.5316954490234604
0.16450504147349077, 0.5316954490234604
0.16450504147349077, 0.5316954490234604
0.16450504147349077, 0.5316954490234604
0.16450504147349077, 0.5316954490234604
0.16450504147349077, 0.5316954490234604
0.16450504147349077, 0.5316954490234604
0.6197695801598488, 0.27764029056667616
0.6197695801598488, 0.27764029056667616
0.6197695801598488, 0.27764029056667616
0.6197695801598488, 0.27764029056667616
0.6197695801598488, 0.27764029056667616
0.6197695801598488, 0.27764029056667616
0.6197695801598488, 0.27764029056667616
0.6197695801598488, 0.27764029056667616
0.6197695801598488, 0.27764029056667616
0.6197695801598488, 0.27764029056667616
0.7471172459606263, 0.7901751473277104
0.7471172459606263, 0.7901751473277104
0.7471172459606263, 0.7901751473277104
0.7471172459606263, 0.7901751473277104
0.7471172459606263, 0.7901751473277104
0.7471172459606263, 0.7901751473277104
0.7471172459606263, 0.7901751473277104
0.7471172459606263, 0.7901751473277104
0.7471172459606263, 0.7901751473277104
0.7471172459606263, 0.7901751473277104
0.7229239036335063, 0.026398882673527635
0.7229239036335063, 0.026398882673527635
0.7229239036335063, 0.026398882673527635
0.7229239036335063, 0.026398882673527635
0.7229239036335063, 0.026398882673527635
0.7229239036335063, 0.026398882673527635
0.7229239036335063, 0.026398882673527635
0.7229239036335063, 0.026398882673527635
0.7229239036335063, 0.026398882673527635
0.7229239036335063, 0.026398882673527635
0.511305801465726, 0.5778978670824918
0.511305801465726, 0.5778978670824918
0.511305801465726, 0.5778978670824918
0.511305801465726, 0.5778978670824918
0.511305801465726, 0.5778978670824918
0.511305801465726, 0.5778978670824918
0.511305801465726, 0.5778978670824918
0.511305801465726, 0.5778978670824918
0.511305801465726, 0.5778978670824918
0.511305801465726, 0.5778978670824918
0.2190618874170277, 0.8694149025768186
0.2190618874170277, 0.8694149025768186
0.2190618874170277, 0.8694149025768186
0.2190618874170277, 0.8694149025768186
0.2190618874170277, 0.8694149025768186
0.2190618874170277, 0.8694149025768186
0.2190618874170277, 0.8694149025768186
0.2190618874170277, 0.8694149025768186
0.2190618874170277, 0.8694149025768186
0.2190618874170277, 0.8694149025768186
0.3928723914269867, 0.5309215022281522
0.3928723914269867, 0.5309215022281522
0.3928723914269867, 0.5309215022281522
0.3928723914269867, 0.5309215022281522
0.3928723914269867, 0.5309215022281522
0.3928723914269867, 0.5309215022281522
0.3928723914269867, 0.5309215022281522
0.3928723914269867, 0.5309215022281522
0.3928723914269867, 0.5309215022281522
0.3928723914269867, 0.5309215022281522
0.8399876667506628, 0.8617640555323208
0.8399876667506628, 0.8617640555323208
0.8399876667506628, 0.8617640555323208
0.8399876667506628, 0.8617640555323208
0.8399876667506628, 0.8617640555323208
0.8399876667506628, 0.8617640555323208
0.8399876667506628, 0.8617640555323208
0.8399876667506628, 0.8617640555323208
0.8399876667506628, 0.8617640555323208
0.8399876667506628, 0.8617640555323208
0.38801245985224764, 0.3346600098138335
0.38801245985224764, 0.3346600098138335
0.38801245985224764, 0.3346600098138335
0.38801245985224764, 0.3346600098138335
0.38801245985224764, 0.3346600098138335
0.38801245985224764, 0.3346600098138335
0.38801245985224764, 0.3346600098138335
0.38801245985224764, 0.3346600098138335
0.38801245985224764, 0.3346600098138335
0.38801245985224764, 0.3346600098138335
0.6928586588937735, 0.841807899515179
0.6928586588937735, 0.841807899515179
0.6928586588937735, 0.841807899515179
0.6928586588937735, 0.841807899515179
0.6928586588937735, 0.841807899515179
0.6928586588937735, 0.841807899515179
0.6928586588937735, 0.841807899515179
0.6928586588937735, 0.841807899515179
0.6928586588937735, 0.841807899515179
0.6928586588937735, 0.841807899515179
