1e-05
0.11726799711754221, 0.4352196789481436
0.11726799711754221, 0.4352196789481436
0.11726799711754221, 0.4352196789481436
0.11726799711754221, 0.4352196789481436
0.11726799711754221, 0.4352196789481436
0.11726799711754221, 0.4352196789481436
0.11726799711754221, 0.4352196789481436
0.11726799711754221, 0.4352196789481436
0.11726799711754221, 0.4352196789481436
0.11726799711754221, 0.4352196789481436
0.516731251913044, 0.5366757539006092
0.516731251913044, 0.5366757539006092
0.516731251913044, 0.5366757539006092
0.516731251913044, 0.5366757539006092
0.516731251913044, 0.5366757539006092
0.516731251913044, 0.5366757539006092
0.516731251913044, 0.5366757539006092
0.516731251913044, 0.5366757539006092
0.516731251913044, 0.5366757539006092
0.516731251913044, 0.5366757539006092
0.27768964857084966, 0.8497541717720556
0.27768964857084966, 0.8497541717720556
0.27768964857084966, 0.8497541717720556
0.27768964857084966, 0.8497541717720556
0.27768964857084966, 0.8497541717720556
0.27768964857084966, 0.8497541717720556
0.27768964857084966, 0.8497541717720556
0.27768964857084966, 0.8497541717720556
0.27768964857084966, 0.8497541717720556
0.27768964857084966, 0.8497541717720556
0.7337826485189392, 0.38620270797225853
0.7337826485189392, 0.38620270797225853
0.7337826485189392, 0.38620270797225853
0.7337826485189392, 0.38620270797225853
0.7337826485189392, 0.38620270797225853
0.7337826485189392, 0.38620270797225853
0.7337826485189392, 0.38620270797225853
0.7337826485189392, 0.38620270797225853
0.7337826485189392, 0.38620270797225853
0.7337826485189392, 0.38620270797225853
0.7287364747523384, 0.19244753173771634
0.7287364747523384, 0.19244753173771634
0.7287364747523384, 0.19244753173771634
0.7287364747523384, 0.19244753173771634
0.7287364747523384, 0.19244753173771634
0.7287364747523384, 0.19244753173771634
0.7287364747523384, 0.19244753173771634
0.7287364747523384, 0.19244753173771634
0.7287364747523384, 0.19244753173771634
0.7287364747523384, 0.19244753173771634
0.9750502010414024, 0.9517401169236813
0.9750502010414024, 0.9517401169236813
0.9750502010414024, 0.9517401169236813
0.9750502010414024, 0.9517401169236813
0.9750502010414024, 0.9517401169236813
0.9750502010414024, 0.9517401169236813
0.9750502010414024, 0.9517401169236813
0.9750502010414024, 0.9517401169236813
0.9750502010414024, 0.9517401169236813
0.9750502010414024, 0.9517401169236813
0.7520448313884008, 0.8908531883557167
0.7520448313884008, 0.8908531883557167
0.7520448313884008, 0.8908531883557167
0.7520448313884008, 0.8908531883557167
0.7520448313884008, 0.8908531883557167
0.7520448313884008, 0.8908531883557167
0.7520448313884008, 0.8908531883557167
0.7520448313884008, 0.8908531883557167
0.7520448313884008, 0.8908531883557167
0.7520448313884008, 0.8908531883557167
0.4882524852935274, 0.5136819900155594
0.4882524852935274, 0.5136819900155594
0.4882524852935274, 0.5136819900155594
0.4882524852935274, 0.5136819900155594
0.4882524852935274, 0.5136819900155594
0.4882524852935274, 0.5136819900155594
0.4882524852935274, 0.5136819900155594
0.4882524852935274, 0.5136819900155594
0.4882524852935274, 0.5136819900155594
0.4882524852935274, 0.5136819900155594
0.08930037517562195, 0.3399142116211348
0.08930037517562195, 0.3399142116211348
0.08930037517562195, 0.3399142116211348
0.08930037517562195, 0.3399142116211348
0.08930037517562195, 0.3399142116211348
0.08930037517562195, 0.3399142116211348
0.08930037517562195, 0.3399142116211348
0.08930037517562195, 0.3399142116211348
0.08930037517562195, 0.3399142116211348
0.08930037517562195, 0.3399142116211348
0.42434383741632664, 0.3614456939667503
0.42434383741632664, 0.3614456939667503
0.42434383741632664, 0.3614456939667503
0.42434383741632664, 0.3614456939667503
0.42434383741632664, 0.3614456939667503
0.42434383741632664, 0.3614456939667503
0.42434383741632664, 0.3614456939667503
0.42434383741632664, 0.3614456939667503
0.42434383741632664, 0.3614456939667503
0.42434383741632664, 0.3614456939667503
