1e-05
0.525030423397129, 0.780276333411033
0.525030423397129, 0.780276333411033
0.525030423397129, 0.780276333411033
0.525030423397129, 0.780276333411033
0.525030423397129, 0.780276333411033
0.525030423397129, 0.780276333411033
0.525030423397129, 0.780276333411033
0.525030423397129, 0.780276333411033
0.525030423397129, 0.780276333411033
0.525030423397129, 0.780276333411033
0.9743946875502163, 0.2342872721275494
0.9743946875502163, 0.2342872721275494
0.9743946875502163, 0.2342872721275494
0.9743946875502163, 0.2342872721275494
0.9743946875502163, 0.2342872721275494
0.9743946875502163, 0.2342872721275494
0.9743946875502163, 0.2342872721275494
0.9743946875502163, 0.2342872721275494
0.9743946875502163, 0.2342872721275494
0.9743946875502163, 0.2342872721275494
0.7017329914941849, 0.08038296665502132
0.7017329914941849, 0.08038296665502132
0.7017329914941849, 0.08038296665502132
0.7017329914941849, 0.08038296665502132
0.7017329914941849, 0.08038296665502132
0.7017329914941849, 0.08038296665502132
0.7017329914941849, 0.08038296665502132
0.7017329914941849, 0.08038296665502132
0.7017329914941849, 0.08038296665502132
0.7017329914941849, 0.08038296665502132
0.7698734964385304, 0.04551083096941366
0.7698734964385304, 0.04551083096941366
0.7698734964385304, 0.04551083096941366
0.7698734964385304, 0.04551083096941366
0.7698734964385304, 0.04551083096941366
0.7698734964385304, 0.04551083096941366
0.7698734964385304, 0.04551083096941366
0.7698734964385304, 0.04551083096941366
0.7698734964385304, 0.04551083096941366
0.7698734964385304, 0.04551083096941366
0.7974606036015781, 0.012635683358732552
0.7974606036015781, 0.012635683358732552
0.7974606036015781, 0.012635683358732552
0.7974606036015781, 0.012635683358732552
0.7974606036015781, 0.012635683358732552
0.7974606036015781, 0.012635683358732552
0.7974606036015781, 0.012635683358732552
0.7974606036015781, 0.012635683358732552
0.7974606036015781, 0.012635683358732552
0.7974606036015781, 0.012635683358732552
0.868455833162808, 0.7117447834520049
0.868455833162808, 0.7117447834520049
0.868455833162808, 0.7117447834520049
0.868455833162808, 0.7117447834520049
0.868455833162808, 0.7117447834520049
0.868455833162808, 0.7117447834520049
0.868455833162808, 0.7117447834520049
0.868455833162808, 0.7117447834520049
0.868455833162808, 0.7117447834520049
0.868455833162808, 0.7117447834520049
0.1431706588168835, 0.9728317615316516
0.1431706588168835, 0.9728317615316516
0.1431706588168835, 0.9728317615316516
0.1431706588168835, 0.9728317615316516
0.1431706588168835, 0.9728317615316516
0.1431706588168835, 0.9728317615316516
0.1431706588168835, 0.9728317615316516
0.1431706588168835, 0.9728317615316516
0.1431706588168835, 0.9728317615316516
0.1431706588168835, 0.9728317615316516
0.9819081562604932, 0.7785232336909984
0.9819081562604932, 0.7785232336909984
0.9819081562604932, 0.7785232336909984
0.9819081562604932, 0.7785232336909984
0.9819081562604932, 0.7785232336909984
0.9819081562604932, 0.7785232336909984
0.9819081562604932, 0.7785232336909984
0.9819081562604932, 0.7785232336909984
0.9819081562604932, 0.7785232336909984
0.9819081562604932, 0.7785232336909984
0.3138016363718068, 0.21251936571528207
0.3138016363718068, 0.21251936571528207
0.3138016363718068, 0.21251936571528207
0.3138016363718068, 0.21251936571528207
0.3138016363718068, 0.21251936571528207
0.3138016363718068, 0.21251936571528207
0.3138016363718068, 0.21251936571528207
0.3138016363718068, 0.21251936571528207
0.3138016363718068, 0.21251936571528207
0.3138016363718068, 0.21251936571528207
0.8647851915509652, 0.23338133141720951
0.8647851915509652, 0.23338133141720951
0.8647851915509652, 0.23338133141720951
0.8647851915509652, 0.23338133141720951
0.8647851915509652, 0.23338133141720951
0.8647851915509652, 0.23338133141720951
0.8647851915509652, 0.23338133141720951
0.8647851915509652, 0.23338133141720951
0.8647851915509652, 0.23338133141720951
0.8647851915509652, 0.23338133141720951
