1e-05
0.34687512422443934, 0.3214488238670449
0.34687512422443934, 0.3214488238670449
0.34687512422443934, 0.3214488238670449
0.34687512422443934, 0.3214488238670449
0.34687512422443934, 0.3214488238670449
0.34687512422443934, 0.3214488238670449
0.34687512422443934, 0.3214488238670449
0.34687512422443934, 0.3214488238670449
0.34687512422443934, 0.3214488238670449
0.34687512422443934, 0.3214488238670449
0.5864220163862304, 0.8024313405473975
0.5864220163862304, 0.8024313405473975
0.5864220163862304, 0.8024313405473975
0.5864220163862304, 0.8024313405473975
0.5864220163862304, 0.8024313405473975
0.5864220163862304, 0.8024313405473975
0.5864220163862304, 0.8024313405473975
0.5864220163862304, 0.8024313405473975
0.5864220163862304, 0.8024313405473975
0.5864220163862304, 0.8024313405473975
0.43090531887088146, 0.1589299336765727
0.43090531887088146, 0.1589299336765727
0.43090531887088146, 0.1589299336765727
0.43090531887088146, 0.1589299336765727
0.43090531887088146, 0.1589299336765727
0.43090531887088146, 0.1589299336765727
0.43090531887088146, 0.1589299336765727
0.43090531887088146, 0.1589299336765727
0.43090531887088146, 0.1589299336765727
0.43090531887088146, 0.1589299336765727
0.540137018568174, 0.48106607673794155
0.540137018568174, 0.48106607673794155
0.540137018568174, 0.48106607673794155
0.540137018568174, 0.48106607673794155
0.540137018568174, 0.48106607673794155
0.540137018568174, 0.48106607673794155
0.540137018568174, 0.48106607673794155
0.540137018568174, 0.48106607673794155
0.540137018568174, 0.48106607673794155
0.540137018568174, 0.48106607673794155
0.3034721119799856, 0.9368395435034566
0.3034721119799856, 0.9368395435034566
0.3034721119799856, 0.9368395435034566
0.3034721119799856, 0.9368395435034566
0.3034721119799856, 0.9368395435034566
0.3034721119799856, 0.9368395435034566
0.3034721119799856, 0.9368395435034566
0.3034721119799856, 0.9368395435034566
0.3034721119799856, 0.9368395435034566
0.3034721119799856, 0.9368395435034566
0.26286508498416206, 0.22032953627066165
0.26286508498416206, 0.22032953627066165
0.26286508498416206, 0.22032953627066165
0.26286508498416206, 0.22032953627066165
0.26286508498416206, 0.22032953627066165
0.26286508498416206, 0.22032953627066165
0.26286508498416206, 0.22032953627066165
0.26286508498416206, 0.22032953627066165
0.26286508498416206, 0.22032953627066165
0.26286508498416206, 0.22032953627066165
0.342389144215399, 0.5900558694214169
0.342389144215399, 0.5900558694214169
0.342389144215399, 0.5900558694214169
0.342389144215399, 0.5900558694214169
0.342389144215399, 0.5900558694214169
0.342389144215399, 0.5900558694214169
0.342389144215399, 0.5900558694214169
0.342389144215399, 0.5900558694214169
0.342389144215399, 0.5900558694214169
0.342389144215399, 0.5900558694214169
0.28130556045322375, 0.9932233675728862
0.28130556045322375, 0.9932233675728862
0.28130556045322375, 0.9932233675728862
0.28130556045322375, 0.9932233675728862
0.28130556045322375, 0.9932233675728862
0.28130556045322375, 0.9932233675728862
0.28130556045322375, 0.9932233675728862
0.28130556045322375, 0.9932233675728862
0.28130556045322375, 0.9932233675728862
0.28130556045322375, 0.9932233675728862
0.4178587369086876, 0.7356953881637797
0.4178587369086876, 0.7356953881637797
0.4178587369086876, 0.7356953881637797
0.4178587369086876, 0.7356953881637797
0.4178587369086876, 0.7356953881637797
0.4178587369086876, 0.7356953881637797
0.4178587369086876, 0.7356953881637797
0.4178587369086876, 0.7356953881637797
0.4178587369086876, 0.7356953881637797
0.4178587369086876, 0.7356953881637797
0.19167533526309644, 0.11411846004537196
0.19167533526309644, 0.11411846004537196
0.19167533526309644, 0.11411846004537196
0.19167533526309644, 0.11411846004537196
0.19167533526309644, 0.11411846004537196
0.19167533526309644, 0.11411846004537196
0.19167533526309644, 0.11411846004537196
0.19167533526309644, 0.11411846004537196
0.19167533526309644, 0.11411846004537196
0.19167533526309644, 0.11411846004537196
