1e-05
0.12566540768031542, 0.27163425002209274
0.5071159103213445, 0.8966163456356544
0.36911330763616423, 0.18016855138992072
0.9047527108826992, 0.5478238272619006
0.918976602612088, 0.042927107749383686
0.6516416713933681, 0.44278043193240446
0.37394527019891277, 0.5082985719429275
0.5129246722542289, 0.6230378021620248
0.3494945174828784, 0.10915692987853687
0.4075744300421308, 0.8436864468396639
0.5095052147303244, 0.625572880914566
0.9608779133509981, 0.8622503168795893
0.2184024529166455, 0.04880355773616152
0.5268292548068654, 0.13167259956913135
0.4887214863851892, 0.8459379514993802
0.265349676038112, 0.11400197258431932
0.4117945763431964, 0.9140721028536377
0.6250232324962341, 0.29880724447902485
0.2132234625807925, 0.5818095347179914
0.005491537665138102, 0.04723766525532569
0.2213721170926639, 0.06299303470458428
0.884783138573893, 0.9065610915204696
0.9694789821566964, 0.9768583939904381
0.2771048933635073, 0.8284834125866313
0.22346033043274494, 0.8398690870010569
0.8571705958304185, 0.3964223625525616
0.6506135899236553, 0.828692332132893
0.3013532682949738, 0.6454210862208865
0.1156949901109422, 0.07319156613400368
0.748487747579486, 0.5899206725183277
0.243524659784074, 0.39735221229777884
0.8822828166242892, 0.8132382156889774
0.33475189746046397, 0.32100166351592363
0.7008758063178204, 0.7368827785868266
0.10566766891874357, 0.8604265099468369
0.9782360855538779, 0.938717222559527
0.1696061976146237, 0.6539850741750349
0.5553458767335019, 0.6775383581874063
0.7115645967384429, 0.46165858614590205
0.052148869759589545, 0.8567047670417547
0.38451371776544374, 0.4864199836382834
0.504446822696958, 0.772175933090565
0.027409836783269803, 0.6756673330251691
0.6771567050495644, 0.110814724318406
0.9138290805901523, 0.8288427534933063
0.3515128168064061, 0.39737941494217666
0.5773300447579424, 0.852706285045471
0.3503778708944143, 0.980024157119545
0.5320895741227167, 0.1803897546796398
0.21912710734266827, 0.5451227618048385
0.9862762042854704, 0.7850677726140315
0.0728275004406892, 0.14781734906643385
0.9954298267366858, 0.8323590467313733
0.6179457215546823, 0.8721619352694858
0.8471445413209854, 0.07069657870312551
0.05684394873013976, 0.0543021231308356
0.35452364269654846, 0.2505619063748088
0.4112226467471476, 0.05342176175500368
0.7746382615628195, 0.7934920377757183
0.4968738893998492, 0.8985780872438757
0.2614028222534309, 0.8817736643886636
0.7307538928379832, 0.63626976677824
0.22028393806680202, 0.6086807056739133
0.5956636041478084, 0.7195949477187824
0.6058249819619157, 0.6274765513349655
0.9301638114283248, 0.2844809665301523
0.5696987256596795, 0.8632669597330762
0.7175255619895741, 0.7962845428044902
0.10205485930972391, 0.8404097226212875
0.0404689376160936, 0.9780354232774384
0.6942082831517029, 0.7967221078539204
0.8046317809888117, 0.1495312737648229
0.17893649849019544, 0.36029114089275815
0.9674931559710347, 0.6752089099530001
0.6575217779029549, 0.15792884556063336
0.10136749976779302, 0.4789072511041216
0.3457307081582186, 0.7859360669010296
0.313061831846024, 0.5167361224084827
0.0008764791693905982, 0.49882889418672605
0.10381777970520167, 0.2825254474402752
0.7931401442577495, 0.0876115987906203
0.3655612907374697, 0.4150453953548918
0.9086855960928192, 0.2765713023714066
0.6855932328566229, 0.43910396604084423
0.0860734982793101, 0.4681239349495351
0.9809266527430378, 0.5912154002606765
0.639427462577108, 0.5694730208957001
0.34813760369035174, 0.910519591506505
0.3154064981040934, 0.6827428278315415
0.809494566010016, 0.7564865542849564
0.5488385049282446, 0.45756580184968676
0.2707083188619972, 0.6304017880772891
0.31102278640479397, 0.6388818148918785
0.3147813987053315, 0.9432511125942745
0.6299000583217381, 0.32092433451982305
0.08838303922946145, 0.8068137485141378
0.6211140531781714, 0.2936606709812575
0.9539209430077438, 0.38348859779917144
0.9060968998583889, 0.20352268909106996
0.7476165215416307, 0.5882500408665706
