1e-05
0.4598035760232352, 0.942991259519564
0.4598035760232352, 0.942991259519564
0.4598035760232352, 0.942991259519564
0.4598035760232352, 0.942991259519564
0.4598035760232352, 0.942991259519564
0.4598035760232352, 0.942991259519564
0.4598035760232352, 0.942991259519564
0.4598035760232352, 0.942991259519564
0.4598035760232352, 0.942991259519564
0.4598035760232352, 0.942991259519564
0.9570904311251746, 0.5830048863589802
0.9570904311251746, 0.5830048863589802
0.9570904311251746, 0.5830048863589802
0.9570904311251746, 0.5830048863589802
0.9570904311251746, 0.5830048863589802
0.9570904311251746, 0.5830048863589802
0.9570904311251746, 0.5830048863589802
0.9570904311251746, 0.5830048863589802
0.9570904311251746, 0.5830048863589802
0.9570904311251746, 0.5830048863589802
0.3612356099722528, 0.10078255292817773
0.3612356099722528, 0.10078255292817773
0.3612356099722528, 0.10078255292817773
0.3612356099722528, 0.10078255292817773
0.3612356099722528, 0.10078255292817773
0.3612356099722528, 0.10078255292817773
0.3612356099722528, 0.10078255292817773
0.3612356099722528, 0.10078255292817773
0.3612356099722528, 0.10078255292817773
0.3612356099722528, 0.10078255292817773
0.19904169648905579, 0.4563221419688527
0.19904169648905579, 0.4563221419688527
0.19904169648905579, 0.4563221419688527
0.19904169648905579, 0.4563221419688527
0.19904169648905579, 0.4563221419688527
0.19904169648905579, 0.4563221419688527
0.19904169648905579, 0.4563221419688527
0.19904169648905579, 0.4563221419688527
0.19904169648905579, 0.4563221419688527
0.19904169648905579, 0.4563221419688527
0.3496006193660023, 0.7883382327164592
0.3496006193660023, 0.7883382327164592
0.3496006193660023, 0.7883382327164592
0.3496006193660023, 0.7883382327164592
0.3496006193660023, 0.7883382327164592
0.3496006193660023, 0.7883382327164592
0.3496006193660023, 0.7883382327164592
0.3496006193660023, 0.7883382327164592
0.3496006193660023, 0.7883382327164592
0.3496006193660023, 0.7883382327164592
0.7125722298371646, 0.4492176661734998
0.7125722298371646, 0.4492176661734998
0.7125722298371646, 0.4492176661734998
0.7125722298371646, 0.4492176661734998
0.7125722298371646, 0.4492176661734998
0.7125722298371646, 0.4492176661734998
0.7125722298371646, 0.4492176661734998
0.7125722298371646, 0.4492176661734998
0.7125722298371646, 0.4492176661734998
0.7125722298371646, 0.4492176661734998
0.49181135387928787, 0.20538266021682605
0.49181135387928787, 0.20538266021682605
0.49181135387928787, 0.20538266021682605
0.49181135387928787, 0.20538266021682605
0.49181135387928787, 0.20538266021682605
0.49181135387928787, 0.20538266021682605
0.49181135387928787, 0.20538266021682605
0.49181135387928787, 0.20538266021682605
0.49181135387928787, 0.20538266021682605
0.49181135387928787, 0.20538266021682605
0.4143258406897178, 0.8538362206828162
0.4143258406897178, 0.8538362206828162
0.4143258406897178, 0.8538362206828162
0.4143258406897178, 0.8538362206828162
0.4143258406897178, 0.8538362206828162
0.4143258406897178, 0.8538362206828162
0.4143258406897178, 0.8538362206828162
0.4143258406897178, 0.8538362206828162
0.4143258406897178, 0.8538362206828162
0.4143258406897178, 0.8538362206828162
0.5247168327908545, 0.8566013333025981
0.5247168327908545, 0.8566013333025981
0.5247168327908545, 0.8566013333025981
0.5247168327908545, 0.8566013333025981
0.5247168327908545, 0.8566013333025981
0.5247168327908545, 0.8566013333025981
0.5247168327908545, 0.8566013333025981
0.5247168327908545, 0.8566013333025981
0.5247168327908545, 0.8566013333025981
0.5247168327908545, 0.8566013333025981
0.7836533644345132, 0.17454013696100512
0.7836533644345132, 0.17454013696100512
0.7836533644345132, 0.17454013696100512
0.7836533644345132, 0.17454013696100512
0.7836533644345132, 0.17454013696100512
0.7836533644345132, 0.17454013696100512
0.7836533644345132, 0.17454013696100512
0.7836533644345132, 0.17454013696100512
0.7836533644345132, 0.17454013696100512
0.7836533644345132, 0.17454013696100512
