1e-05
0.3824850904805789, 0.3774957587866751
0.3824850904805789, 0.3774957587866751
0.3824850904805789, 0.3774957587866751
0.3824850904805789, 0.3774957587866751
0.3824850904805789, 0.3774957587866751
0.3824850904805789, 0.3774957587866751
0.3824850904805789, 0.3774957587866751
0.3824850904805789, 0.3774957587866751
0.3824850904805789, 0.3774957587866751
0.3824850904805789, 0.3774957587866751
0.9147695350319655, 0.8504401670318181
0.9147695350319655, 0.8504401670318181
0.9147695350319655, 0.8504401670318181
0.9147695350319655, 0.8504401670318181
0.9147695350319655, 0.8504401670318181
0.9147695350319655, 0.8504401670318181
0.9147695350319655, 0.8504401670318181
0.9147695350319655, 0.8504401670318181
0.9147695350319655, 0.8504401670318181
0.9147695350319655, 0.8504401670318181
0.867689925735243, 0.2557830037111001
0.867689925735243, 0.2557830037111001
0.867689925735243, 0.2557830037111001
0.867689925735243, 0.2557830037111001
0.867689925735243, 0.2557830037111001
0.867689925735243, 0.2557830037111001
0.867689925735243, 0.2557830037111001
0.867689925735243, 0.2557830037111001
0.867689925735243, 0.2557830037111001
0.867689925735243, 0.2557830037111001
0.4820500450793006, 0.4765376438993755
0.4820500450793006, 0.4765376438993755
0.4820500450793006, 0.4765376438993755
0.4820500450793006, 0.4765376438993755
0.4820500450793006, 0.4765376438993755
0.4820500450793006, 0.4765376438993755
0.4820500450793006, 0.4765376438993755
0.4820500450793006, 0.4765376438993755
0.4820500450793006, 0.4765376438993755
0.4820500450793006, 0.4765376438993755
0.1715986077999565, 0.9334138795997751
0.1715986077999565, 0.9334138795997751
0.1715986077999565, 0.9334138795997751
0.1715986077999565, 0.9334138795997751
0.1715986077999565, 0.9334138795997751
0.1715986077999565, 0.9334138795997751
0.1715986077999565, 0.9334138795997751
0.1715986077999565, 0.9334138795997751
0.1715986077999565, 0.9334138795997751
0.1715986077999565, 0.9334138795997751
0.6255407241074441, 0.1240673315811971
0.6255407241074441, 0.1240673315811971
0.6255407241074441, 0.1240673315811971
0.6255407241074441, 0.1240673315811971
0.6255407241074441, 0.1240673315811971
0.6255407241074441, 0.1240673315811971
0.6255407241074441, 0.1240673315811971
0.6255407241074441, 0.1240673315811971
0.6255407241074441, 0.1240673315811971
0.6255407241074441, 0.1240673315811971
0.44551701737224036, 0.05071386127032773
0.44551701737224036, 0.05071386127032773
0.44551701737224036, 0.05071386127032773
0.44551701737224036, 0.05071386127032773
0.44551701737224036, 0.05071386127032773
0.44551701737224036, 0.05071386127032773
0.44551701737224036, 0.05071386127032773
0.44551701737224036, 0.05071386127032773
0.44551701737224036, 0.05071386127032773
0.44551701737224036, 0.05071386127032773
0.9855583711257482, 0.6155684659761649
0.9855583711257482, 0.6155684659761649
0.9855583711257482, 0.6155684659761649
0.9855583711257482, 0.6155684659761649
0.9855583711257482, 0.6155684659761649
0.9855583711257482, 0.6155684659761649
0.9855583711257482, 0.6155684659761649
0.9855583711257482, 0.6155684659761649
0.9855583711257482, 0.6155684659761649
0.9855583711257482, 0.6155684659761649
0.17100186769588566, 0.5843522886805604
0.17100186769588566, 0.5843522886805604
0.17100186769588566, 0.5843522886805604
0.17100186769588566, 0.5843522886805604
0.17100186769588566, 0.5843522886805604
0.17100186769588566, 0.5843522886805604
0.17100186769588566, 0.5843522886805604
0.17100186769588566, 0.5843522886805604
0.17100186769588566, 0.5843522886805604
0.17100186769588566, 0.5843522886805604
0.2808862734331602, 0.9147407907202896
0.2808862734331602, 0.9147407907202896
0.2808862734331602, 0.9147407907202896
0.2808862734331602, 0.9147407907202896
0.2808862734331602, 0.9147407907202896
0.2808862734331602, 0.9147407907202896
0.2808862734331602, 0.9147407907202896
0.2808862734331602, 0.9147407907202896
0.2808862734331602, 0.9147407907202896
0.2808862734331602, 0.9147407907202896
