1e-05
0.6373752541497085, 0.6947402903612626
0.6373752541497085, 0.6947402903612626
0.6373752541497085, 0.6947402903612626
0.6373752541497085, 0.6947402903612626
0.6373752541497085, 0.6947402903612626
0.6373752541497085, 0.6947402903612626
0.6373752541497085, 0.6947402903612626
0.6373752541497085, 0.6947402903612626
0.6373752541497085, 0.6947402903612626
0.6373752541497085, 0.6947402903612626
0.4959985542528266, 0.11945097157107132
0.4959985542528266, 0.11945097157107132
0.4959985542528266, 0.11945097157107132
0.4959985542528266, 0.11945097157107132
0.4959985542528266, 0.11945097157107132
0.4959985542528266, 0.11945097157107132
0.4959985542528266, 0.11945097157107132
0.4959985542528266, 0.11945097157107132
0.4959985542528266, 0.11945097157107132
0.4959985542528266, 0.11945097157107132
0.43060255769145617, 0.21323232816875692
0.43060255769145617, 0.21323232816875692
0.43060255769145617, 0.21323232816875692
0.43060255769145617, 0.21323232816875692
0.43060255769145617, 0.21323232816875692
0.43060255769145617, 0.21323232816875692
0.43060255769145617, 0.21323232816875692
0.43060255769145617, 0.21323232816875692
0.43060255769145617, 0.21323232816875692
0.43060255769145617, 0.21323232816875692
0.022696852260696954, 0.8489935239813649
0.022696852260696954, 0.8489935239813649
0.022696852260696954, 0.8489935239813649
0.022696852260696954, 0.8489935239813649
0.022696852260696954, 0.8489935239813649
0.022696852260696954, 0.8489935239813649
0.022696852260696954, 0.8489935239813649
0.022696852260696954, 0.8489935239813649
0.022696852260696954, 0.8489935239813649
0.022696852260696954, 0.8489935239813649
0.22139474501690048, 0.5812159138862627
0.22139474501690048, 0.5812159138862627
0.22139474501690048, 0.5812159138862627
0.22139474501690048, 0.5812159138862627
0.22139474501690048, 0.5812159138862627
0.22139474501690048, 0.5812159138862627
0.22139474501690048, 0.5812159138862627
0.22139474501690048, 0.5812159138862627
0.22139474501690048, 0.5812159138862627
0.22139474501690048, 0.5812159138862627
0.13418922198872074, 0.8591084860070272
0.13418922198872074, 0.8591084860070272
0.13418922198872074, 0.8591084860070272
0.13418922198872074, 0.8591084860070272
0.13418922198872074, 0.8591084860070272
0.13418922198872074, 0.8591084860070272
0.13418922198872074, 0.8591084860070272
0.13418922198872074, 0.8591084860070272
0.13418922198872074, 0.8591084860070272
0.13418922198872074, 0.8591084860070272
0.5129486380015369, 0.6432327954978546
0.5129486380015369, 0.6432327954978546
0.5129486380015369, 0.6432327954978546
0.5129486380015369, 0.6432327954978546
0.5129486380015369, 0.6432327954978546
0.5129486380015369, 0.6432327954978546
0.5129486380015369, 0.6432327954978546
0.5129486380015369, 0.6432327954978546
0.5129486380015369, 0.6432327954978546
0.5129486380015369, 0.6432327954978546
0.6344936359341042, 0.966292209338954
0.6344936359341042, 0.966292209338954
0.6344936359341042, 0.966292209338954
0.6344936359341042, 0.966292209338954
0.6344936359341042, 0.966292209338954
0.6344936359341042, 0.966292209338954
0.6344936359341042, 0.966292209338954
0.6344936359341042, 0.966292209338954
0.6344936359341042, 0.966292209338954
0.6344936359341042, 0.966292209338954
0.3089681717334948, 0.0761495396410301
0.3089681717334948, 0.0761495396410301
0.3089681717334948, 0.0761495396410301
0.3089681717334948, 0.0761495396410301
0.3089681717334948, 0.0761495396410301
0.3089681717334948, 0.0761495396410301
0.3089681717334948, 0.0761495396410301
0.3089681717334948, 0.0761495396410301
0.3089681717334948, 0.0761495396410301
0.3089681717334948, 0.0761495396410301
0.5027194580493947, 0.5356066686948079
0.5027194580493947, 0.5356066686948079
0.5027194580493947, 0.5356066686948079
0.5027194580493947, 0.5356066686948079
0.5027194580493947, 0.5356066686948079
0.5027194580493947, 0.5356066686948079
0.5027194580493947, 0.5356066686948079
0.5027194580493947, 0.5356066686948079
0.5027194580493947, 0.5356066686948079
0.5027194580493947, 0.5356066686948079
