1e-05
0.4275797529644131, 0.2047491735123682
0.4275797529644131, 0.2047491735123682
0.4275797529644131, 0.2047491735123682
0.4275797529644131, 0.2047491735123682
0.4275797529644131, 0.2047491735123682
0.4275797529644131, 0.2047491735123682
0.4275797529644131, 0.2047491735123682
0.4275797529644131, 0.2047491735123682
0.4275797529644131, 0.2047491735123682
0.4275797529644131, 0.2047491735123682
0.712174075914879, 0.18324475027425036
0.712174075914879, 0.18324475027425036
0.712174075914879, 0.18324475027425036
0.712174075914879, 0.18324475027425036
0.712174075914879, 0.18324475027425036
0.712174075914879, 0.18324475027425036
0.712174075914879, 0.18324475027425036
0.712174075914879, 0.18324475027425036
0.712174075914879, 0.18324475027425036
0.712174075914879, 0.18324475027425036
0.5861919225352795, 0.5412284638249318
0.5861919225352795, 0.5412284638249318
0.5861919225352795, 0.5412284638249318
0.5861919225352795, 0.5412284638249318
0.5861919225352795, 0.5412284638249318
0.5861919225352795, 0.5412284638249318
0.5861919225352795, 0.5412284638249318
0.5861919225352795, 0.5412284638249318
0.5861919225352795, 0.5412284638249318
0.5861919225352795, 0.5412284638249318
0.02951979461688914, 0.8736812001671556
0.02951979461688914, 0.8736812001671556
0.02951979461688914, 0.8736812001671556
0.02951979461688914, 0.8736812001671556
0.02951979461688914, 0.8736812001671556
0.02951979461688914, 0.8736812001671556
0.02951979461688914, 0.8736812001671556
0.02951979461688914, 0.8736812001671556
0.02951979461688914, 0.8736812001671556
0.02951979461688914, 0.8736812001671556
0.3497774295349497, 0.1028158869783764
0.3497774295349497, 0.1028158869783764
0.3497774295349497, 0.1028158869783764
0.3497774295349497, 0.1028158869783764
0.3497774295349497, 0.1028158869783764
0.3497774295349497, 0.1028158869783764
0.3497774295349497, 0.1028158869783764
0.3497774295349497, 0.1028158869783764
0.3497774295349497, 0.1028158869783764
0.3497774295349497, 0.1028158869783764
0.8538927118217227, 0.4054800101388826
0.8538927118217227, 0.4054800101388826
0.8538927118217227, 0.4054800101388826
0.8538927118217227, 0.4054800101388826
0.8538927118217227, 0.4054800101388826
0.8538927118217227, 0.4054800101388826
0.8538927118217227, 0.4054800101388826
0.8538927118217227, 0.4054800101388826
0.8538927118217227, 0.4054800101388826
0.8538927118217227, 0.4054800101388826
0.11694723420897268, 0.42462593870423393
0.11694723420897268, 0.42462593870423393
0.11694723420897268, 0.42462593870423393
0.11694723420897268, 0.42462593870423393
0.11694723420897268, 0.42462593870423393
0.11694723420897268, 0.42462593870423393
0.11694723420897268, 0.42462593870423393
0.11694723420897268, 0.42462593870423393
0.11694723420897268, 0.42462593870423393
0.11694723420897268, 0.42462593870423393
0.8238012322537138, 0.5690629380630374
0.8238012322537138, 0.5690629380630374
0.8238012322537138, 0.5690629380630374
0.8238012322537138, 0.5690629380630374
0.8238012322537138, 0.5690629380630374
0.8238012322537138, 0.5690629380630374
0.8238012322537138, 0.5690629380630374
0.8238012322537138, 0.5690629380630374
0.8238012322537138, 0.5690629380630374
0.8238012322537138, 0.5690629380630374
0.1334224411371624, 0.18476380298422845
0.1334224411371624, 0.18476380298422845
0.1334224411371624, 0.18476380298422845
0.1334224411371624, 0.18476380298422845
0.1334224411371624, 0.18476380298422845
0.1334224411371624, 0.18476380298422845
0.1334224411371624, 0.18476380298422845
0.1334224411371624, 0.18476380298422845
0.1334224411371624, 0.18476380298422845
0.1334224411371624, 0.18476380298422845
0.2725926002678235, 0.9439994233150953
0.2725926002678235, 0.9439994233150953
0.2725926002678235, 0.9439994233150953
0.2725926002678235, 0.9439994233150953
0.2725926002678235, 0.9439994233150953
0.2725926002678235, 0.9439994233150953
0.2725926002678235, 0.9439994233150953
0.2725926002678235, 0.9439994233150953
0.2725926002678235, 0.9439994233150953
0.2725926002678235, 0.9439994233150953
