1e-05
0.37161597720044426, 0.9799109801828754
0.37161597720044426, 0.9799109801828754
0.37161597720044426, 0.9799109801828754
0.37161597720044426, 0.9799109801828754
0.37161597720044426, 0.9799109801828754
0.37161597720044426, 0.9799109801828754
0.37161597720044426, 0.9799109801828754
0.37161597720044426, 0.9799109801828754
0.37161597720044426, 0.9799109801828754
0.37161597720044426, 0.9799109801828754
0.5416788331806355, 0.7062021325601479
0.5416788331806355, 0.7062021325601479
0.5416788331806355, 0.7062021325601479
0.5416788331806355, 0.7062021325601479
0.5416788331806355, 0.7062021325601479
0.5416788331806355, 0.7062021325601479
0.5416788331806355, 0.7062021325601479
0.5416788331806355, 0.7062021325601479
0.5416788331806355, 0.7062021325601479
0.5416788331806355, 0.7062021325601479
0.0021619099355404403, 0.2605873955470738
0.0021619099355404403, 0.2605873955470738
0.0021619099355404403, 0.2605873955470738
0.0021619099355404403, 0.2605873955470738
0.0021619099355404403, 0.2605873955470738
0.0021619099355404403, 0.2605873955470738
0.0021619099355404403, 0.2605873955470738
0.0021619099355404403, 0.2605873955470738
0.0021619099355404403, 0.2605873955470738
0.0021619099355404403, 0.2605873955470738
0.8168073121170994, 0.44061407430329935
0.8168073121170994, 0.44061407430329935
0.8168073121170994, 0.44061407430329935
0.8168073121170994, 0.44061407430329935
0.8168073121170994, 0.44061407430329935
0.8168073121170994, 0.44061407430329935
0.8168073121170994, 0.44061407430329935
0.8168073121170994, 0.44061407430329935
0.8168073121170994, 0.44061407430329935
0.8168073121170994, 0.44061407430329935
0.817785592972531, 0.9358902212031068
0.817785592972531, 0.9358902212031068
0.817785592972531, 0.9358902212031068
0.817785592972531, 0.9358902212031068
0.817785592972531, 0.9358902212031068
0.817785592972531, 0.9358902212031068
0.817785592972531, 0.9358902212031068
0.817785592972531, 0.9358902212031068
0.817785592972531, 0.9358902212031068
0.817785592972531, 0.9358902212031068
0.8678455487488574, 0.27949989565440736
0.8678455487488574, 0.27949989565440736
0.8678455487488574, 0.27949989565440736
0.8678455487488574, 0.27949989565440736
0.8678455487488574, 0.27949989565440736
0.8678455487488574, 0.27949989565440736
0.8678455487488574, 0.27949989565440736
0.8678455487488574, 0.27949989565440736
0.8678455487488574, 0.27949989565440736
0.8678455487488574, 0.27949989565440736
0.23203472976469564, 0.6559179130175505
0.23203472976469564, 0.6559179130175505
0.23203472976469564, 0.6559179130175505
0.23203472976469564, 0.6559179130175505
0.23203472976469564, 0.6559179130175505
0.23203472976469564, 0.6559179130175505
0.23203472976469564, 0.6559179130175505
0.23203472976469564, 0.6559179130175505
0.23203472976469564, 0.6559179130175505
0.23203472976469564, 0.6559179130175505
0.518985531543155, 0.986541707085922
0.518985531543155, 0.986541707085922
0.518985531543155, 0.986541707085922
0.518985531543155, 0.986541707085922
0.518985531543155, 0.986541707085922
0.518985531543155, 0.986541707085922
0.518985531543155, 0.986541707085922
0.518985531543155, 0.986541707085922
0.518985531543155, 0.986541707085922
0.518985531543155, 0.986541707085922
0.3332075957269942, 0.7063659003389386
0.3332075957269942, 0.7063659003389386
0.3332075957269942, 0.7063659003389386
0.3332075957269942, 0.7063659003389386
0.3332075957269942, 0.7063659003389386
0.3332075957269942, 0.7063659003389386
0.3332075957269942, 0.7063659003389386
0.3332075957269942, 0.7063659003389386
0.3332075957269942, 0.7063659003389386
0.3332075957269942, 0.7063659003389386
0.2516821970387605, 0.3654361474852723
0.2516821970387605, 0.3654361474852723
0.2516821970387605, 0.3654361474852723
0.2516821970387605, 0.3654361474852723
0.2516821970387605, 0.3654361474852723
0.2516821970387605, 0.3654361474852723
0.2516821970387605, 0.3654361474852723
0.2516821970387605, 0.3654361474852723
0.2516821970387605, 0.3654361474852723
0.2516821970387605, 0.3654361474852723
