1e-05
0.9748968701888081, 0.6376051889260129
0.9748968701888081, 0.6376051889260129
0.9748968701888081, 0.6376051889260129
0.9748968701888081, 0.6376051889260129
0.9748968701888081, 0.6376051889260129
0.9748968701888081, 0.6376051889260129
0.9748968701888081, 0.6376051889260129
0.9748968701888081, 0.6376051889260129
0.9748968701888081, 0.6376051889260129
0.9748968701888081, 0.6376051889260129
0.7012561743961157, 0.7930044491055477
0.7012561743961157, 0.7930044491055477
0.7012561743961157, 0.7930044491055477
0.7012561743961157, 0.7930044491055477
0.7012561743961157, 0.7930044491055477
0.7012561743961157, 0.7930044491055477
0.7012561743961157, 0.7930044491055477
0.7012561743961157, 0.7930044491055477
0.7012561743961157, 0.7930044491055477
0.7012561743961157, 0.7930044491055477
0.46028772355521785, 0.6670442451265005
0.46028772355521785, 0.6670442451265005
0.46028772355521785, 0.6670442451265005
0.46028772355521785, 0.6670442451265005
0.46028772355521785, 0.6670442451265005
0.46028772355521785, 0.6670442451265005
0.46028772355521785, 0.6670442451265005
0.46028772355521785, 0.6670442451265005
0.46028772355521785, 0.6670442451265005
0.46028772355521785, 0.6670442451265005
0.12246095737316809, 0.23206489930494767
0.12246095737316809, 0.23206489930494767
0.12246095737316809, 0.23206489930494767
0.12246095737316809, 0.23206489930494767
0.12246095737316809, 0.23206489930494767
0.12246095737316809, 0.23206489930494767
0.12246095737316809, 0.23206489930494767
0.12246095737316809, 0.23206489930494767
0.12246095737316809, 0.23206489930494767
0.12246095737316809, 0.23206489930494767
0.44982417619186044, 0.4909055469096859
0.44982417619186044, 0.4909055469096859
0.44982417619186044, 0.4909055469096859
0.44982417619186044, 0.4909055469096859
0.44982417619186044, 0.4909055469096859
0.44982417619186044, 0.4909055469096859
0.44982417619186044, 0.4909055469096859
0.44982417619186044, 0.4909055469096859
0.44982417619186044, 0.4909055469096859
0.44982417619186044, 0.4909055469096859
0.5135582027558734, 0.862789044847226
0.5135582027558734, 0.862789044847226
0.5135582027558734, 0.862789044847226
0.5135582027558734, 0.862789044847226
0.5135582027558734, 0.862789044847226
0.5135582027558734, 0.862789044847226
0.5135582027558734, 0.862789044847226
0.5135582027558734, 0.862789044847226
0.5135582027558734, 0.862789044847226
0.5135582027558734, 0.862789044847226
0.964258931861469, 0.7252746624323207
0.964258931861469, 0.7252746624323207
0.964258931861469, 0.7252746624323207
0.964258931861469, 0.7252746624323207
0.964258931861469, 0.7252746624323207
0.964258931861469, 0.7252746624323207
0.964258931861469, 0.7252746624323207
0.964258931861469, 0.7252746624323207
0.964258931861469, 0.7252746624323207
0.964258931861469, 0.7252746624323207
0.4114092668015812, 0.16358903716815976
0.4114092668015812, 0.16358903716815976
0.4114092668015812, 0.16358903716815976
0.4114092668015812, 0.16358903716815976
0.4114092668015812, 0.16358903716815976
0.4114092668015812, 0.16358903716815976
0.4114092668015812, 0.16358903716815976
0.4114092668015812, 0.16358903716815976
0.4114092668015812, 0.16358903716815976
0.4114092668015812, 0.16358903716815976
0.397466063152376, 0.38381572597095825
0.397466063152376, 0.38381572597095825
0.397466063152376, 0.38381572597095825
0.397466063152376, 0.38381572597095825
0.397466063152376, 0.38381572597095825
0.397466063152376, 0.38381572597095825
0.397466063152376, 0.38381572597095825
0.397466063152376, 0.38381572597095825
0.397466063152376, 0.38381572597095825
0.397466063152376, 0.38381572597095825
0.518329721189969, 0.7016576712873667
0.518329721189969, 0.7016576712873667
0.518329721189969, 0.7016576712873667
0.518329721189969, 0.7016576712873667
0.518329721189969, 0.7016576712873667
0.518329721189969, 0.7016576712873667
0.518329721189969, 0.7016576712873667
0.518329721189969, 0.7016576712873667
0.518329721189969, 0.7016576712873667
0.518329721189969, 0.7016576712873667
