1e-05
0.10745300258786306, 0.9793959917035071
0.10745300258786306, 0.9793959917035071
0.10745300258786306, 0.9793959917035071
0.10745300258786306, 0.9793959917035071
0.10745300258786306, 0.9793959917035071
0.10745300258786306, 0.9793959917035071
0.10745300258786306, 0.9793959917035071
0.10745300258786306, 0.9793959917035071
0.10745300258786306, 0.9793959917035071
0.10745300258786306, 0.9793959917035071
0.7520678487426444, 0.7479962562284387
0.7520678487426444, 0.7479962562284387
0.7520678487426444, 0.7479962562284387
0.7520678487426444, 0.7479962562284387
0.7520678487426444, 0.7479962562284387
0.7520678487426444, 0.7479962562284387
0.7520678487426444, 0.7479962562284387
0.7520678487426444, 0.7479962562284387
0.7520678487426444, 0.7479962562284387
0.7520678487426444, 0.7479962562284387
0.32447831828252327, 0.43946266543569334
0.32447831828252327, 0.43946266543569334
0.32447831828252327, 0.43946266543569334
0.32447831828252327, 0.43946266543569334
0.32447831828252327, 0.43946266543569334
0.32447831828252327, 0.43946266543569334
0.32447831828252327, 0.43946266543569334
0.32447831828252327, 0.43946266543569334
0.32447831828252327, 0.43946266543569334
0.32447831828252327, 0.43946266543569334
0.2575980402820366, 0.7755649735871006
0.2575980402820366, 0.7755649735871006
0.2575980402820366, 0.7755649735871006
0.2575980402820366, 0.7755649735871006
0.2575980402820366, 0.7755649735871006
0.2575980402820366, 0.7755649735871006
0.2575980402820366, 0.7755649735871006
0.2575980402820366, 0.7755649735871006
0.2575980402820366, 0.7755649735871006
0.2575980402820366, 0.7755649735871006
0.3108997124273787, 0.7559909348295208
0.3108997124273787, 0.7559909348295208
0.3108997124273787, 0.7559909348295208
0.3108997124273787, 0.7559909348295208
0.3108997124273787, 0.7559909348295208
0.3108997124273787, 0.7559909348295208
0.3108997124273787, 0.7559909348295208
0.3108997124273787, 0.7559909348295208
0.3108997124273787, 0.7559909348295208
0.3108997124273787, 0.7559909348295208
0.5361016561519271, 0.05864818124667892
0.5361016561519271, 0.05864818124667892
0.5361016561519271, 0.05864818124667892
0.5361016561519271, 0.05864818124667892
0.5361016561519271, 0.05864818124667892
0.5361016561519271, 0.05864818124667892
0.5361016561519271, 0.05864818124667892
0.5361016561519271, 0.05864818124667892
0.5361016561519271, 0.05864818124667892
0.5361016561519271, 0.05864818124667892
0.3433201086361922, 0.06639520956564382
0.3433201086361922, 0.06639520956564382
0.3433201086361922, 0.06639520956564382
0.3433201086361922, 0.06639520956564382
0.3433201086361922, 0.06639520956564382
0.3433201086361922, 0.06639520956564382
0.3433201086361922, 0.06639520956564382
0.3433201086361922, 0.06639520956564382
0.3433201086361922, 0.06639520956564382
0.3433201086361922, 0.06639520956564382
0.5027107868302244, 0.1678439172294992
0.5027107868302244, 0.1678439172294992
0.5027107868302244, 0.1678439172294992
0.5027107868302244, 0.1678439172294992
0.5027107868302244, 0.1678439172294992
0.5027107868302244, 0.1678439172294992
0.5027107868302244, 0.1678439172294992
0.5027107868302244, 0.1678439172294992
0.5027107868302244, 0.1678439172294992
0.5027107868302244, 0.1678439172294992
0.8587301677080033, 0.9325328121265397
0.8587301677080033, 0.9325328121265397
0.8587301677080033, 0.9325328121265397
0.8587301677080033, 0.9325328121265397
0.8587301677080033, 0.9325328121265397
0.8587301677080033, 0.9325328121265397
0.8587301677080033, 0.9325328121265397
0.8587301677080033, 0.9325328121265397
0.8587301677080033, 0.9325328121265397
0.8587301677080033, 0.9325328121265397
0.5846377932170485, 0.5196363846224193
0.5846377932170485, 0.5196363846224193
0.5846377932170485, 0.5196363846224193
0.5846377932170485, 0.5196363846224193
0.5846377932170485, 0.5196363846224193
0.5846377932170485, 0.5196363846224193
0.5846377932170485, 0.5196363846224193
0.5846377932170485, 0.5196363846224193
0.5846377932170485, 0.5196363846224193
0.5846377932170485, 0.5196363846224193
