1e-05
0.025849977641429045, 0.4091988733673073
0.025849977641429045, 0.4091988733673073
0.025849977641429045, 0.4091988733673073
0.025849977641429045, 0.4091988733673073
0.025849977641429045, 0.4091988733673073
0.025849977641429045, 0.4091988733673073
0.025849977641429045, 0.4091988733673073
0.025849977641429045, 0.4091988733673073
0.025849977641429045, 0.4091988733673073
0.025849977641429045, 0.4091988733673073
0.21062289562717296, 0.5702117067672544
0.21062289562717296, 0.5702117067672544
0.21062289562717296, 0.5702117067672544
0.21062289562717296, 0.5702117067672544
0.21062289562717296, 0.5702117067672544
0.21062289562717296, 0.5702117067672544
0.21062289562717296, 0.5702117067672544
0.21062289562717296, 0.5702117067672544
0.21062289562717296, 0.5702117067672544
0.21062289562717296, 0.5702117067672544
0.8982589358844018, 0.3660091678092321
0.8982589358844018, 0.3660091678092321
0.8982589358844018, 0.3660091678092321
0.8982589358844018, 0.3660091678092321
0.8982589358844018, 0.3660091678092321
0.8982589358844018, 0.3660091678092321
0.8982589358844018, 0.3660091678092321
0.8982589358844018, 0.3660091678092321
0.8982589358844018, 0.3660091678092321
0.8982589358844018, 0.3660091678092321
0.7681470948061094, 0.595139134497797
0.7681470948061094, 0.595139134497797
0.7681470948061094, 0.595139134497797
0.7681470948061094, 0.595139134497797
0.7681470948061094, 0.595139134497797
0.7681470948061094, 0.595139134497797
0.7681470948061094, 0.595139134497797
0.7681470948061094, 0.595139134497797
0.7681470948061094, 0.595139134497797
0.7681470948061094, 0.595139134497797
0.31119996185960974, 0.8347952117433318
0.31119996185960974, 0.8347952117433318
0.31119996185960974, 0.8347952117433318
0.31119996185960974, 0.8347952117433318
0.31119996185960974, 0.8347952117433318
0.31119996185960974, 0.8347952117433318
0.31119996185960974, 0.8347952117433318
0.31119996185960974, 0.8347952117433318
0.31119996185960974, 0.8347952117433318
0.31119996185960974, 0.8347952117433318
0.07128824324846217, 0.11070650319768893
0.07128824324846217, 0.11070650319768893
0.07128824324846217, 0.11070650319768893
0.07128824324846217, 0.11070650319768893
0.07128824324846217, 0.11070650319768893
0.07128824324846217, 0.11070650319768893
0.07128824324846217, 0.11070650319768893
0.07128824324846217, 0.11070650319768893
0.07128824324846217, 0.11070650319768893
0.07128824324846217, 0.11070650319768893
0.9830992772811076, 0.287358189595873
0.9830992772811076, 0.287358189595873
0.9830992772811076, 0.287358189595873
0.9830992772811076, 0.287358189595873
0.9830992772811076, 0.287358189595873
0.9830992772811076, 0.287358189595873
0.9830992772811076, 0.287358189595873
0.9830992772811076, 0.287358189595873
0.9830992772811076, 0.287358189595873
0.9830992772811076, 0.287358189595873
0.21820192540955208, 0.6277455301509474
0.21820192540955208, 0.6277455301509474
0.21820192540955208, 0.6277455301509474
0.21820192540955208, 0.6277455301509474
0.21820192540955208, 0.6277455301509474
0.21820192540955208, 0.6277455301509474
0.21820192540955208, 0.6277455301509474
0.21820192540955208, 0.6277455301509474
0.21820192540955208, 0.6277455301509474
0.21820192540955208, 0.6277455301509474
0.13838457808319826, 0.07725315045635317
0.13838457808319826, 0.07725315045635317
0.13838457808319826, 0.07725315045635317
0.13838457808319826, 0.07725315045635317
0.13838457808319826, 0.07725315045635317
0.13838457808319826, 0.07725315045635317
0.13838457808319826, 0.07725315045635317
0.13838457808319826, 0.07725315045635317
0.13838457808319826, 0.07725315045635317
0.13838457808319826, 0.07725315045635317
0.532613680517797, 0.1246885514302587
0.532613680517797, 0.1246885514302587
0.532613680517797, 0.1246885514302587
0.532613680517797, 0.1246885514302587
0.532613680517797, 0.1246885514302587
0.532613680517797, 0.1246885514302587
0.532613680517797, 0.1246885514302587
0.532613680517797, 0.1246885514302587
0.532613680517797, 0.1246885514302587
0.532613680517797, 0.1246885514302587
