1e-05
0.21577709292582603, 0.80579363889009
0.21577709292582603, 0.80579363889009
0.21577709292582603, 0.80579363889009
0.21577709292582603, 0.80579363889009
0.21577709292582603, 0.80579363889009
0.21577709292582603, 0.80579363889009
0.21577709292582603, 0.80579363889009
0.21577709292582603, 0.80579363889009
0.21577709292582603, 0.80579363889009
0.21577709292582603, 0.80579363889009
0.40738918239718624, 0.33557521422133296
0.40738918239718624, 0.33557521422133296
0.40738918239718624, 0.33557521422133296
0.40738918239718624, 0.33557521422133296
0.40738918239718624, 0.33557521422133296
0.40738918239718624, 0.33557521422133296
0.40738918239718624, 0.33557521422133296
0.40738918239718624, 0.33557521422133296
0.40738918239718624, 0.33557521422133296
0.40738918239718624, 0.33557521422133296
0.8939117189285996, 0.7823764616039368
0.8939117189285996, 0.7823764616039368
0.8939117189285996, 0.7823764616039368
0.8939117189285996, 0.7823764616039368
0.8939117189285996, 0.7823764616039368
0.8939117189285996, 0.7823764616039368
0.8939117189285996, 0.7823764616039368
0.8939117189285996, 0.7823764616039368
0.8939117189285996, 0.7823764616039368
0.8939117189285996, 0.7823764616039368
0.4468556495082837, 0.8418854908656069
0.4468556495082837, 0.8418854908656069
0.4468556495082837, 0.8418854908656069
0.4468556495082837, 0.8418854908656069
0.4468556495082837, 0.8418854908656069
0.4468556495082837, 0.8418854908656069
0.4468556495082837, 0.8418854908656069
0.4468556495082837, 0.8418854908656069
0.4468556495082837, 0.8418854908656069
0.4468556495082837, 0.8418854908656069
0.497290563208733, 0.2780759915148545
0.497290563208733, 0.2780759915148545
0.497290563208733, 0.2780759915148545
0.497290563208733, 0.2780759915148545
0.497290563208733, 0.2780759915148545
0.497290563208733, 0.2780759915148545
0.497290563208733, 0.2780759915148545
0.497290563208733, 0.2780759915148545
0.497290563208733, 0.2780759915148545
0.497290563208733, 0.2780759915148545
0.4694447833889074, 0.4090607324601363
0.4694447833889074, 0.4090607324601363
0.4694447833889074, 0.4090607324601363
0.4694447833889074, 0.4090607324601363
0.4694447833889074, 0.4090607324601363
0.4694447833889074, 0.4090607324601363
0.4694447833889074, 0.4090607324601363
0.4694447833889074, 0.4090607324601363
0.4694447833889074, 0.4090607324601363
0.4694447833889074, 0.4090607324601363
0.842938214895226, 0.6399693034414329
0.842938214895226, 0.6399693034414329
0.842938214895226, 0.6399693034414329
0.842938214895226, 0.6399693034414329
0.842938214895226, 0.6399693034414329
0.842938214895226, 0.6399693034414329
0.842938214895226, 0.6399693034414329
0.842938214895226, 0.6399693034414329
0.842938214895226, 0.6399693034414329
0.842938214895226, 0.6399693034414329
0.07334685846097622, 0.7013070497902985
0.07334685846097622, 0.7013070497902985
0.07334685846097622, 0.7013070497902985
0.07334685846097622, 0.7013070497902985
0.07334685846097622, 0.7013070497902985
0.07334685846097622, 0.7013070497902985
0.07334685846097622, 0.7013070497902985
0.07334685846097622, 0.7013070497902985
0.07334685846097622, 0.7013070497902985
0.07334685846097622, 0.7013070497902985
0.5583599686572474, 0.37377021736521365
0.5583599686572474, 0.37377021736521365
0.5583599686572474, 0.37377021736521365
0.5583599686572474, 0.37377021736521365
0.5583599686572474, 0.37377021736521365
0.5583599686572474, 0.37377021736521365
0.5583599686572474, 0.37377021736521365
0.5583599686572474, 0.37377021736521365
0.5583599686572474, 0.37377021736521365
0.5583599686572474, 0.37377021736521365
0.3793278840666404, 0.6554106025613112
0.3793278840666404, 0.6554106025613112
0.3793278840666404, 0.6554106025613112
0.3793278840666404, 0.6554106025613112
0.3793278840666404, 0.6554106025613112
0.3793278840666404, 0.6554106025613112
0.3793278840666404, 0.6554106025613112
0.3793278840666404, 0.6554106025613112
0.3793278840666404, 0.6554106025613112
0.3793278840666404, 0.6554106025613112
