1e-05
0.7983371350946472, 0.6213549352569816
0.7983371350946472, 0.6213549352569816
0.7983371350946472, 0.6213549352569816
0.7983371350946472, 0.6213549352569816
0.7983371350946472, 0.6213549352569816
0.7983371350946472, 0.6213549352569816
0.7983371350946472, 0.6213549352569816
0.7983371350946472, 0.6213549352569816
0.7983371350946472, 0.6213549352569816
0.7983371350946472, 0.6213549352569816
0.02530623294292933, 0.4847307066758709
0.02530623294292933, 0.4847307066758709
0.02530623294292933, 0.4847307066758709
0.02530623294292933, 0.4847307066758709
0.02530623294292933, 0.4847307066758709
0.02530623294292933, 0.4847307066758709
0.02530623294292933, 0.4847307066758709
0.02530623294292933, 0.4847307066758709
0.02530623294292933, 0.4847307066758709
0.02530623294292933, 0.4847307066758709
0.3475328022386456, 0.7879093170663591
0.3475328022386456, 0.7879093170663591
0.3475328022386456, 0.7879093170663591
0.3475328022386456, 0.7879093170663591
0.3475328022386456, 0.7879093170663591
0.3475328022386456, 0.7879093170663591
0.3475328022386456, 0.7879093170663591
0.3475328022386456, 0.7879093170663591
0.3475328022386456, 0.7879093170663591
0.3475328022386456, 0.7879093170663591
0.7355080946776034, 0.1883518933684586
0.7355080946776034, 0.1883518933684586
0.7355080946776034, 0.1883518933684586
0.7355080946776034, 0.1883518933684586
0.7355080946776034, 0.1883518933684586
0.7355080946776034, 0.1883518933684586
0.7355080946776034, 0.1883518933684586
0.7355080946776034, 0.1883518933684586
0.7355080946776034, 0.1883518933684586
0.7355080946776034, 0.1883518933684586
0.9499304849331025, 0.8809032737683684
0.9499304849331025, 0.8809032737683684
0.9499304849331025, 0.8809032737683684
0.9499304849331025, 0.8809032737683684
0.9499304849331025, 0.8809032737683684
0.9499304849331025, 0.8809032737683684
0.9499304849331025, 0.8809032737683684
0.9499304849331025, 0.8809032737683684
0.9499304849331025, 0.8809032737683684
0.9499304849331025, 0.8809032737683684
0.853139878452492, 0.9719522338060351
0.853139878452492, 0.9719522338060351
0.853139878452492, 0.9719522338060351
0.853139878452492, 0.9719522338060351
0.853139878452492, 0.9719522338060351
0.853139878452492, 0.9719522338060351
0.853139878452492, 0.9719522338060351
0.853139878452492, 0.9719522338060351
0.853139878452492, 0.9719522338060351
0.853139878452492, 0.9719522338060351
0.8891970127466114, 0.35461104498296725
0.8891970127466114, 0.35461104498296725
0.8891970127466114, 0.35461104498296725
0.8891970127466114, 0.35461104498296725
0.8891970127466114, 0.35461104498296725
0.8891970127466114, 0.35461104498296725
0.8891970127466114, 0.35461104498296725
0.8891970127466114, 0.35461104498296725
0.8891970127466114, 0.35461104498296725
0.8891970127466114, 0.35461104498296725
0.5285712438348034, 0.35496812775407105
0.5285712438348034, 0.35496812775407105
0.5285712438348034, 0.35496812775407105
0.5285712438348034, 0.35496812775407105
0.5285712438348034, 0.35496812775407105
0.5285712438348034, 0.35496812775407105
0.5285712438348034, 0.35496812775407105
0.5285712438348034, 0.35496812775407105
0.5285712438348034, 0.35496812775407105
0.5285712438348034, 0.35496812775407105
0.21897778250902866, 0.5595899827409302
0.21897778250902866, 0.5595899827409302
0.21897778250902866, 0.5595899827409302
0.21897778250902866, 0.5595899827409302
0.21897778250902866, 0.5595899827409302
0.21897778250902866, 0.5595899827409302
0.21897778250902866, 0.5595899827409302
0.21897778250902866, 0.5595899827409302
0.21897778250902866, 0.5595899827409302
0.21897778250902866, 0.5595899827409302
0.25828722084883116, 0.2811326185463998
0.25828722084883116, 0.2811326185463998
0.25828722084883116, 0.2811326185463998
0.25828722084883116, 0.2811326185463998
0.25828722084883116, 0.2811326185463998
0.25828722084883116, 0.2811326185463998
0.25828722084883116, 0.2811326185463998
0.25828722084883116, 0.2811326185463998
0.25828722084883116, 0.2811326185463998
0.25828722084883116, 0.2811326185463998
