1e-05
0.25919933642379833, 0.2637126751034444
0.25919933642379833, 0.2637126751034444
0.25919933642379833, 0.2637126751034444
0.25919933642379833, 0.2637126751034444
0.25919933642379833, 0.2637126751034444
0.25919933642379833, 0.2637126751034444
0.25919933642379833, 0.2637126751034444
0.25919933642379833, 0.2637126751034444
0.25919933642379833, 0.2637126751034444
0.25919933642379833, 0.2637126751034444
0.604702486647275, 0.08002924312988557
0.604702486647275, 0.08002924312988557
0.604702486647275, 0.08002924312988557
0.604702486647275, 0.08002924312988557
0.604702486647275, 0.08002924312988557
0.604702486647275, 0.08002924312988557
0.604702486647275, 0.08002924312988557
0.604702486647275, 0.08002924312988557
0.604702486647275, 0.08002924312988557
0.604702486647275, 0.08002924312988557
0.2799550797847805, 0.1464957455637962
0.2799550797847805, 0.1464957455637962
0.2799550797847805, 0.1464957455637962
0.2799550797847805, 0.1464957455637962
0.2799550797847805, 0.1464957455637962
0.2799550797847805, 0.1464957455637962
0.2799550797847805, 0.1464957455637962
0.2799550797847805, 0.1464957455637962
0.2799550797847805, 0.1464957455637962
0.2799550797847805, 0.1464957455637962
0.4249913802712627, 0.036903018972423984
0.4249913802712627, 0.036903018972423984
0.4249913802712627, 0.036903018972423984
0.4249913802712627, 0.036903018972423984
0.4249913802712627, 0.036903018972423984
0.4249913802712627, 0.036903018972423984
0.4249913802712627, 0.036903018972423984
0.4249913802712627, 0.036903018972423984
0.4249913802712627, 0.036903018972423984
0.4249913802712627, 0.036903018972423984
0.7979341033082492, 0.11604196956423429
0.7979341033082492, 0.11604196956423429
0.7979341033082492, 0.11604196956423429
0.7979341033082492, 0.11604196956423429
0.7979341033082492, 0.11604196956423429
0.7979341033082492, 0.11604196956423429
0.7979341033082492, 0.11604196956423429
0.7979341033082492, 0.11604196956423429
0.7979341033082492, 0.11604196956423429
0.7979341033082492, 0.11604196956423429
0.6647038031114646, 0.7054313788318696
0.6647038031114646, 0.7054313788318696
0.6647038031114646, 0.7054313788318696
0.6647038031114646, 0.7054313788318696
0.6647038031114646, 0.7054313788318696
0.6647038031114646, 0.7054313788318696
0.6647038031114646, 0.7054313788318696
0.6647038031114646, 0.7054313788318696
0.6647038031114646, 0.7054313788318696
0.6647038031114646, 0.7054313788318696
0.36989555386866024, 0.5641941303670177
0.36989555386866024, 0.5641941303670177
0.36989555386866024, 0.5641941303670177
0.36989555386866024, 0.5641941303670177
0.36989555386866024, 0.5641941303670177
0.36989555386866024, 0.5641941303670177
0.36989555386866024, 0.5641941303670177
0.36989555386866024, 0.5641941303670177
0.36989555386866024, 0.5641941303670177
0.36989555386866024, 0.5641941303670177
0.4037908455331837, 0.9503580075344231
0.4037908455331837, 0.9503580075344231
0.4037908455331837, 0.9503580075344231
0.4037908455331837, 0.9503580075344231
0.4037908455331837, 0.9503580075344231
0.4037908455331837, 0.9503580075344231
0.4037908455331837, 0.9503580075344231
0.4037908455331837, 0.9503580075344231
0.4037908455331837, 0.9503580075344231
0.4037908455331837, 0.9503580075344231
0.18712925423033155, 0.1960101302217705
0.18712925423033155, 0.1960101302217705
0.18712925423033155, 0.1960101302217705
0.18712925423033155, 0.1960101302217705
0.18712925423033155, 0.1960101302217705
0.18712925423033155, 0.1960101302217705
0.18712925423033155, 0.1960101302217705
0.18712925423033155, 0.1960101302217705
0.18712925423033155, 0.1960101302217705
0.18712925423033155, 0.1960101302217705
0.3965940062036387, 0.4316582163628412
0.3965940062036387, 0.4316582163628412
0.3965940062036387, 0.4316582163628412
0.3965940062036387, 0.4316582163628412
0.3965940062036387, 0.4316582163628412
0.3965940062036387, 0.4316582163628412
0.3965940062036387, 0.4316582163628412
0.3965940062036387, 0.4316582163628412
0.3965940062036387, 0.4316582163628412
0.3965940062036387, 0.4316582163628412
