1e-05
0.01132276090915596, 0.7162579115261724
0.01132276090915596, 0.7162579115261724
0.01132276090915596, 0.7162579115261724
0.01132276090915596, 0.7162579115261724
0.01132276090915596, 0.7162579115261724
0.01132276090915596, 0.7162579115261724
0.01132276090915596, 0.7162579115261724
0.01132276090915596, 0.7162579115261724
0.01132276090915596, 0.7162579115261724
0.01132276090915596, 0.7162579115261724
0.24637057232440662, 0.9871949922865443
0.24637057232440662, 0.9871949922865443
0.24637057232440662, 0.9871949922865443
0.24637057232440662, 0.9871949922865443
0.24637057232440662, 0.9871949922865443
0.24637057232440662, 0.9871949922865443
0.24637057232440662, 0.9871949922865443
0.24637057232440662, 0.9871949922865443
0.24637057232440662, 0.9871949922865443
0.24637057232440662, 0.9871949922865443
0.13388733666574792, 0.053020115287815694
0.13388733666574792, 0.053020115287815694
0.13388733666574792, 0.053020115287815694
0.13388733666574792, 0.053020115287815694
0.13388733666574792, 0.053020115287815694
0.13388733666574792, 0.053020115287815694
0.13388733666574792, 0.053020115287815694
0.13388733666574792, 0.053020115287815694
0.13388733666574792, 0.053020115287815694
0.13388733666574792, 0.053020115287815694
0.3029412504080413, 0.426885033944323
0.3029412504080413, 0.426885033944323
0.3029412504080413, 0.426885033944323
0.3029412504080413, 0.426885033944323
0.3029412504080413, 0.426885033944323
0.3029412504080413, 0.426885033944323
0.3029412504080413, 0.426885033944323
0.3029412504080413, 0.426885033944323
0.3029412504080413, 0.426885033944323
0.3029412504080413, 0.426885033944323
0.4694756741009637, 0.2251588049413913
0.4694756741009637, 0.2251588049413913
0.4694756741009637, 0.2251588049413913
0.4694756741009637, 0.2251588049413913
0.4694756741009637, 0.2251588049413913
0.4694756741009637, 0.2251588049413913
0.4694756741009637, 0.2251588049413913
0.4694756741009637, 0.2251588049413913
0.4694756741009637, 0.2251588049413913
0.4694756741009637, 0.2251588049413913
0.1009331098943621, 0.3040307853404437
0.1009331098943621, 0.3040307853404437
0.1009331098943621, 0.3040307853404437
0.1009331098943621, 0.3040307853404437
0.1009331098943621, 0.3040307853404437
0.1009331098943621, 0.3040307853404437
0.1009331098943621, 0.3040307853404437
0.1009331098943621, 0.3040307853404437
0.1009331098943621, 0.3040307853404437
0.1009331098943621, 0.3040307853404437
0.20579739800000352, 0.410506304741145
0.20579739800000352, 0.410506304741145
0.20579739800000352, 0.410506304741145
0.20579739800000352, 0.410506304741145
0.20579739800000352, 0.410506304741145
0.20579739800000352, 0.410506304741145
0.20579739800000352, 0.410506304741145
0.20579739800000352, 0.410506304741145
0.20579739800000352, 0.410506304741145
0.20579739800000352, 0.410506304741145
0.5283233324342665, 0.9352305630555274
0.5283233324342665, 0.9352305630555274
0.5283233324342665, 0.9352305630555274
0.5283233324342665, 0.9352305630555274
0.5283233324342665, 0.9352305630555274
0.5283233324342665, 0.9352305630555274
0.5283233324342665, 0.9352305630555274
0.5283233324342665, 0.9352305630555274
0.5283233324342665, 0.9352305630555274
0.5283233324342665, 0.9352305630555274
0.5655455304141312, 0.5951394343426948
0.5655455304141312, 0.5951394343426948
0.5655455304141312, 0.5951394343426948
0.5655455304141312, 0.5951394343426948
0.5655455304141312, 0.5951394343426948
0.5655455304141312, 0.5951394343426948
0.5655455304141312, 0.5951394343426948
0.5655455304141312, 0.5951394343426948
0.5655455304141312, 0.5951394343426948
0.5655455304141312, 0.5951394343426948
0.5877294845336646, 0.5055545973634533
0.5877294845336646, 0.5055545973634533
0.5877294845336646, 0.5055545973634533
0.5877294845336646, 0.5055545973634533
0.5877294845336646, 0.5055545973634533
0.5877294845336646, 0.5055545973634533
0.5877294845336646, 0.5055545973634533
0.5877294845336646, 0.5055545973634533
0.5877294845336646, 0.5055545973634533
0.5877294845336646, 0.5055545973634533
