1e-05
0.7707144410118181, 0.5447712466086315
0.5067103320636471, 0.9170233483108097
0.7822394520706416, 0.08717826708608323
0.26407285849887585, 0.4869060639338567
0.040354967981317325, 0.9253319198498086
0.5490281142975506, 0.9492845337187629
0.8285436192574773, 0.5999588509826116
0.7889653346694754, 0.3965562704209131
0.10134799105893688, 0.780736630187811
0.10466352405220969, 0.8647927141252054
0.883948192031514, 0.3550792137297235
0.5174581522449755, 0.22367872637766306
0.3159119681423762, 0.8462436470505179
0.3267242707878324, 0.32878088344049117
0.008172453524575851, 0.5721688624904113
0.17708644742165203, 0.9153611599224014
0.028640232919851072, 0.16902405695896838
0.6483799367212164, 0.8218594612105639
0.9046026702654523, 0.10713701415400989
0.1664343320223055, 0.6675310548042469
0.8329789099863252, 0.8449474396863215
0.30851482409758646, 0.8445050361884763
0.63094304157815, 0.8929982717392005
0.6094453792201658, 0.2534201071362766
0.2885320548878598, 0.8919370404699446
0.9160238013342041, 0.8998329304082087
0.8341773704073393, 0.8772575448899836
0.05725845335797186, 0.3719242494529649
0.6618310355289406, 0.22198208207024783
0.32994094230388327, 0.3570622289716575
0.1575259462615095, 0.473620574936671
0.10728301245014182, 0.813668298131294
0.45352506204127396, 0.11998690015096236
0.9897009197324471, 0.913685063645153
0.2934027789174546, 0.5746615961864846
0.6380598087124456, 0.8921563851497677
0.748514762545637, 0.24860330393789998
0.026274144904229635, 0.08257722187477146
0.5565883153952582, 0.2618975945246338
0.4207633164596378, 0.9848606534433999
0.9245759615760342, 0.39359765627720167
0.8517296086876464, 0.49007565878789916
0.6602028135557368, 0.4581669450347414
0.9701816320981558, 0.2363375405316679
0.1364009240789964, 0.8808477644084891
0.1857222538841049, 0.0972287958823197
0.6808644555875003, 0.623835515338363
0.3734809536283348, 0.3685715468927563
0.11649043286670435, 0.6170547385667513
0.6135174294297677, 0.3765039834312821
0.4368556433799019, 0.49078780941246014
0.14224594429417659, 0.4205875696370214
0.04142987683376642, 0.22220763606858107
0.19396648301158437, 0.7476614061127288
0.3898044084440293, 0.4507774829488066
0.1755730212615787, 0.2250261109637267
0.08074872532113353, 0.9485659779899176
0.8796997630392167, 0.3946264453055647
0.7426925231876003, 0.8504586102519698
0.194823634479952, 0.11030006970864326
0.6352512116283672, 0.9628300194392644
0.9047687490762458, 0.11048935902872781
0.8195690608328323, 0.28707113095786796
0.0030715601578751306, 0.5732706078161264
0.7770017870064106, 0.764161969645495
0.4260463760753168, 0.8272396114572147
0.19128316583311866, 0.8211821194539561
0.6179207485298984, 0.08164335136358358
0.7377410122167275, 0.0788893667127939
0.1362393202187403, 0.16126913327587356
0.12129512200208992, 0.8287248990492005
0.5375582561824873, 0.9505157708705407
0.8953930252830984, 0.09073150494573101
0.16627776781072157, 0.2888471344375344
0.8388866252736634, 0.9700384356967913
0.09894914570637847, 0.2600801462882385
0.2019704363779793, 0.8889335034029389
0.5958945584164341, 0.27822270751333444
0.8458793945167778, 0.15011137866420532
0.7217804021930191, 0.4726491814454782
0.415699748960382, 0.6707742787013313
0.9084570450226347, 0.3336351868463694
0.7308347744844156, 0.3546982563089546
0.4545134885472881, 0.8004996297636323
0.6263436458381036, 0.9442882894266786
0.31132059158083747, 0.49504208208271416
0.23484125484048313, 0.9618197052121306
0.4963708356512332, 0.06398983604783515
0.17406073616639628, 0.9945102473166042
0.31478109552361855, 0.9116169057784875
0.20610119496487778, 0.08725924188029588
0.2703026608744721, 0.5161640673601745
0.6228009457911619, 0.7950741090914565
0.03665539776457116, 0.1727348832694653
0.11574616755354139, 0.9508917153874543
0.4964129002089548, 0.1675262713214004
0.3782034749799784, 0.3929175574006367
0.6338711186940547, 0.6856993551646879
0.46356753504025183, 0.3974414114639433
0.8400362561518399, 0.7737946778605667
