1e-05
0.257638299354661, 0.6497608569234149
0.257638299354661, 0.6497608569234149
0.257638299354661, 0.6497608569234149
0.257638299354661, 0.6497608569234149
0.257638299354661, 0.6497608569234149
0.257638299354661, 0.6497608569234149
0.257638299354661, 0.6497608569234149
0.257638299354661, 0.6497608569234149
0.257638299354661, 0.6497608569234149
0.257638299354661, 0.6497608569234149
0.49038625272089886, 0.15799716572466738
0.49038625272089886, 0.15799716572466738
0.49038625272089886, 0.15799716572466738
0.49038625272089886, 0.15799716572466738
0.49038625272089886, 0.15799716572466738
0.49038625272089886, 0.15799716572466738
0.49038625272089886, 0.15799716572466738
0.49038625272089886, 0.15799716572466738
0.49038625272089886, 0.15799716572466738
0.49038625272089886, 0.15799716572466738
0.34875253212085944, 0.9854230140736276
0.34875253212085944, 0.9854230140736276
0.34875253212085944, 0.9854230140736276
0.34875253212085944, 0.9854230140736276
0.34875253212085944, 0.9854230140736276
0.34875253212085944, 0.9854230140736276
0.34875253212085944, 0.9854230140736276
0.34875253212085944, 0.9854230140736276
0.34875253212085944, 0.9854230140736276
0.34875253212085944, 0.9854230140736276
0.29594605537431984, 0.8334078371537124
0.29594605537431984, 0.8334078371537124
0.29594605537431984, 0.8334078371537124
0.29594605537431984, 0.8334078371537124
0.29594605537431984, 0.8334078371537124
0.29594605537431984, 0.8334078371537124
0.29594605537431984, 0.8334078371537124
0.29594605537431984, 0.8334078371537124
0.29594605537431984, 0.8334078371537124
0.29594605537431984, 0.8334078371537124
0.5838380841791558, 0.933180054863709
0.5838380841791558, 0.933180054863709
0.5838380841791558, 0.933180054863709
0.5838380841791558, 0.933180054863709
0.5838380841791558, 0.933180054863709
0.5838380841791558, 0.933180054863709
0.5838380841791558, 0.933180054863709
0.5838380841791558, 0.933180054863709
0.5838380841791558, 0.933180054863709
0.5838380841791558, 0.933180054863709
0.4321549424946962, 0.8702824491043291
0.4321549424946962, 0.8702824491043291
0.4321549424946962, 0.8702824491043291
0.4321549424946962, 0.8702824491043291
0.4321549424946962, 0.8702824491043291
0.4321549424946962, 0.8702824491043291
0.4321549424946962, 0.8702824491043291
0.4321549424946962, 0.8702824491043291
0.4321549424946962, 0.8702824491043291
0.4321549424946962, 0.8702824491043291
0.29376988047882313, 0.4669187478929391
0.29376988047882313, 0.4669187478929391
0.29376988047882313, 0.4669187478929391
0.29376988047882313, 0.4669187478929391
0.29376988047882313, 0.4669187478929391
0.29376988047882313, 0.4669187478929391
0.29376988047882313, 0.4669187478929391
0.29376988047882313, 0.4669187478929391
0.29376988047882313, 0.4669187478929391
0.29376988047882313, 0.4669187478929391
0.9613900394293393, 0.43961736189161815
0.9613900394293393, 0.43961736189161815
0.9613900394293393, 0.43961736189161815
0.9613900394293393, 0.43961736189161815
0.9613900394293393, 0.43961736189161815
0.9613900394293393, 0.43961736189161815
0.9613900394293393, 0.43961736189161815
0.9613900394293393, 0.43961736189161815
0.9613900394293393, 0.43961736189161815
0.9613900394293393, 0.43961736189161815
0.5567815988187562, 0.04455391161060773
0.5567815988187562, 0.04455391161060773
0.5567815988187562, 0.04455391161060773
0.5567815988187562, 0.04455391161060773
0.5567815988187562, 0.04455391161060773
0.5567815988187562, 0.04455391161060773
0.5567815988187562, 0.04455391161060773
0.5567815988187562, 0.04455391161060773
0.5567815988187562, 0.04455391161060773
0.5567815988187562, 0.04455391161060773
0.6472488328878676, 0.3819804198459926
0.6472488328878676, 0.3819804198459926
0.6472488328878676, 0.3819804198459926
0.6472488328878676, 0.3819804198459926
0.6472488328878676, 0.3819804198459926
0.6472488328878676, 0.3819804198459926
0.6472488328878676, 0.3819804198459926
0.6472488328878676, 0.3819804198459926
0.6472488328878676, 0.3819804198459926
0.6472488328878676, 0.3819804198459926
