1e-05
0.5132255980249631, 0.27820684841109433
0.5132255980249631, 0.27820684841109433
0.5132255980249631, 0.27820684841109433
0.5132255980249631, 0.27820684841109433
0.5132255980249631, 0.27820684841109433
0.5132255980249631, 0.27820684841109433
0.5132255980249631, 0.27820684841109433
0.5132255980249631, 0.27820684841109433
0.5132255980249631, 0.27820684841109433
0.5132255980249631, 0.27820684841109433
0.14081507859220843, 0.07894855133664969
0.14081507859220843, 0.07894855133664969
0.14081507859220843, 0.07894855133664969
0.14081507859220843, 0.07894855133664969
0.14081507859220843, 0.07894855133664969
0.14081507859220843, 0.07894855133664969
0.14081507859220843, 0.07894855133664969
0.14081507859220843, 0.07894855133664969
0.14081507859220843, 0.07894855133664969
0.14081507859220843, 0.07894855133664969
0.5118782094384042, 0.7490176270623805
0.5118782094384042, 0.7490176270623805
0.5118782094384042, 0.7490176270623805
0.5118782094384042, 0.7490176270623805
0.5118782094384042, 0.7490176270623805
0.5118782094384042, 0.7490176270623805
0.5118782094384042, 0.7490176270623805
0.5118782094384042, 0.7490176270623805
0.5118782094384042, 0.7490176270623805
0.5118782094384042, 0.7490176270623805
0.25837235225327526, 0.7674008001662067
0.25837235225327526, 0.7674008001662067
0.25837235225327526, 0.7674008001662067
0.25837235225327526, 0.7674008001662067
0.25837235225327526, 0.7674008001662067
0.25837235225327526, 0.7674008001662067
0.25837235225327526, 0.7674008001662067
0.25837235225327526, 0.7674008001662067
0.25837235225327526, 0.7674008001662067
0.25837235225327526, 0.7674008001662067
0.16848550599546797, 0.28464942844798
0.16848550599546797, 0.28464942844798
0.16848550599546797, 0.28464942844798
0.16848550599546797, 0.28464942844798
0.16848550599546797, 0.28464942844798
0.16848550599546797, 0.28464942844798
0.16848550599546797, 0.28464942844798
0.16848550599546797, 0.28464942844798
0.16848550599546797, 0.28464942844798
0.16848550599546797, 0.28464942844798
0.38463671969979163, 0.17534059135576263
0.38463671969979163, 0.17534059135576263
0.38463671969979163, 0.17534059135576263
0.38463671969979163, 0.17534059135576263
0.38463671969979163, 0.17534059135576263
0.38463671969979163, 0.17534059135576263
0.38463671969979163, 0.17534059135576263
0.38463671969979163, 0.17534059135576263
0.38463671969979163, 0.17534059135576263
0.38463671969979163, 0.17534059135576263
0.38011248696303757, 0.9937482215152909
0.38011248696303757, 0.9937482215152909
0.38011248696303757, 0.9937482215152909
0.38011248696303757, 0.9937482215152909
0.38011248696303757, 0.9937482215152909
0.38011248696303757, 0.9937482215152909
0.38011248696303757, 0.9937482215152909
0.38011248696303757, 0.9937482215152909
0.38011248696303757, 0.9937482215152909
0.38011248696303757, 0.9937482215152909
0.5407718855924379, 0.07505794304509406
0.5407718855924379, 0.07505794304509406
0.5407718855924379, 0.07505794304509406
0.5407718855924379, 0.07505794304509406
0.5407718855924379, 0.07505794304509406
0.5407718855924379, 0.07505794304509406
0.5407718855924379, 0.07505794304509406
0.5407718855924379, 0.07505794304509406
0.5407718855924379, 0.07505794304509406
0.5407718855924379, 0.07505794304509406
0.17594392903098321, 0.43969965967466873
0.17594392903098321, 0.43969965967466873
0.17594392903098321, 0.43969965967466873
0.17594392903098321, 0.43969965967466873
0.17594392903098321, 0.43969965967466873
0.17594392903098321, 0.43969965967466873
0.17594392903098321, 0.43969965967466873
0.17594392903098321, 0.43969965967466873
0.17594392903098321, 0.43969965967466873
0.17594392903098321, 0.43969965967466873
0.1942835266098587, 0.4043221411722655
0.1942835266098587, 0.4043221411722655
0.1942835266098587, 0.4043221411722655
0.1942835266098587, 0.4043221411722655
0.1942835266098587, 0.4043221411722655
0.1942835266098587, 0.4043221411722655
0.1942835266098587, 0.4043221411722655
0.1942835266098587, 0.4043221411722655
0.1942835266098587, 0.4043221411722655
0.1942835266098587, 0.4043221411722655
