1e-05
0.5844090328042548, 0.4888609857940517
0.5844090328042548, 0.4888609857940517
0.5844090328042548, 0.4888609857940517
0.5844090328042548, 0.4888609857940517
0.5844090328042548, 0.4888609857940517
0.5844090328042548, 0.4888609857940517
0.5844090328042548, 0.4888609857940517
0.5844090328042548, 0.4888609857940517
0.5844090328042548, 0.4888609857940517
0.5844090328042548, 0.4888609857940517
0.1600876797751375, 0.8424547372826784
0.1600876797751375, 0.8424547372826784
0.1600876797751375, 0.8424547372826784
0.1600876797751375, 0.8424547372826784
0.1600876797751375, 0.8424547372826784
0.1600876797751375, 0.8424547372826784
0.1600876797751375, 0.8424547372826784
0.1600876797751375, 0.8424547372826784
0.1600876797751375, 0.8424547372826784
0.1600876797751375, 0.8424547372826784
0.315482593423022, 0.8462166714563092
0.315482593423022, 0.8462166714563092
0.315482593423022, 0.8462166714563092
0.315482593423022, 0.8462166714563092
0.315482593423022, 0.8462166714563092
0.315482593423022, 0.8462166714563092
0.315482593423022, 0.8462166714563092
0.315482593423022, 0.8462166714563092
0.315482593423022, 0.8462166714563092
0.315482593423022, 0.8462166714563092
0.8386363411269295, 0.2551417122586527
0.8386363411269295, 0.2551417122586527
0.8386363411269295, 0.2551417122586527
0.8386363411269295, 0.2551417122586527
0.8386363411269295, 0.2551417122586527
0.8386363411269295, 0.2551417122586527
0.8386363411269295, 0.2551417122586527
0.8386363411269295, 0.2551417122586527
0.8386363411269295, 0.2551417122586527
0.8386363411269295, 0.2551417122586527
0.6829077616807723, 0.6793395104879046
0.6829077616807723, 0.6793395104879046
0.6829077616807723, 0.6793395104879046
0.6829077616807723, 0.6793395104879046
0.6829077616807723, 0.6793395104879046
0.6829077616807723, 0.6793395104879046
0.6829077616807723, 0.6793395104879046
0.6829077616807723, 0.6793395104879046
0.6829077616807723, 0.6793395104879046
0.6829077616807723, 0.6793395104879046
0.03575813011468487, 0.30549992333863085
0.03575813011468487, 0.30549992333863085
0.03575813011468487, 0.30549992333863085
0.03575813011468487, 0.30549992333863085
0.03575813011468487, 0.30549992333863085
0.03575813011468487, 0.30549992333863085
0.03575813011468487, 0.30549992333863085
0.03575813011468487, 0.30549992333863085
0.03575813011468487, 0.30549992333863085
0.03575813011468487, 0.30549992333863085
0.5131674369905104, 0.3049891614571977
0.5131674369905104, 0.3049891614571977
0.5131674369905104, 0.3049891614571977
0.5131674369905104, 0.3049891614571977
0.5131674369905104, 0.3049891614571977
0.5131674369905104, 0.3049891614571977
0.5131674369905104, 0.3049891614571977
0.5131674369905104, 0.3049891614571977
0.5131674369905104, 0.3049891614571977
0.5131674369905104, 0.3049891614571977
0.5900916503014956, 0.6901726488576234
0.5900916503014956, 0.6901726488576234
0.5900916503014956, 0.6901726488576234
0.5900916503014956, 0.6901726488576234
0.5900916503014956, 0.6901726488576234
0.5900916503014956, 0.6901726488576234
0.5900916503014956, 0.6901726488576234
0.5900916503014956, 0.6901726488576234
0.5900916503014956, 0.6901726488576234
0.5900916503014956, 0.6901726488576234
0.08657347822523154, 0.48536263801839985
0.08657347822523154, 0.48536263801839985
0.08657347822523154, 0.48536263801839985
0.08657347822523154, 0.48536263801839985
0.08657347822523154, 0.48536263801839985
0.08657347822523154, 0.48536263801839985
0.08657347822523154, 0.48536263801839985
0.08657347822523154, 0.48536263801839985
0.08657347822523154, 0.48536263801839985
0.08657347822523154, 0.48536263801839985
0.186156283125276, 0.04279498536660176
0.186156283125276, 0.04279498536660176
0.186156283125276, 0.04279498536660176
0.186156283125276, 0.04279498536660176
0.186156283125276, 0.04279498536660176
0.186156283125276, 0.04279498536660176
0.186156283125276, 0.04279498536660176
0.186156283125276, 0.04279498536660176
0.186156283125276, 0.04279498536660176
0.186156283125276, 0.04279498536660176
