0.001
0.579778419863067, 0.75227027862723
0.2774711737799872, 0.12254525647687686
0.4194747684192893, 0.42815966369554503
0.16359412158664466, 0.49345405487065774
0.378743204960616, 0.1407845452620361
0.2239566588602453, 0.16959752711927578
0.7546952536068308, 0.3618562124808614
0.5757966086260784, 0.5444154166563068
0.8529045949631128, 0.7548603129266649
0.06870234527911379, 0.5010840902303084
0.8440357431642512, 0.07646804147459207
0.6668729996841525, 0.9952930579237226
0.6053918996961335, 0.4657546914002857
0.8552165764399797, 0.29257535875937224
0.10379491521508244, 0.576387211405068
0.7675195671202528, 0.780236338601304
0.7256938639979421, 0.9965927198384379
