1e-05
0.6377594151683892, 0.8550175521314508
0.6377594151683892, 0.8550175521314508
0.6377594151683892, 0.8550175521314508
0.6377594151683892, 0.8550175521314508
0.6377594151683892, 0.8550175521314508
0.6377594151683892, 0.8550175521314508
0.6377594151683892, 0.8550175521314508
0.6377594151683892, 0.8550175521314508
0.6377594151683892, 0.8550175521314508
0.6377594151683892, 0.8550175521314508
0.49315786965292585, 0.30503797178153935
0.49315786965292585, 0.30503797178153935
0.49315786965292585, 0.30503797178153935
0.49315786965292585, 0.30503797178153935
0.49315786965292585, 0.30503797178153935
0.49315786965292585, 0.30503797178153935
0.49315786965292585, 0.30503797178153935
0.49315786965292585, 0.30503797178153935
0.49315786965292585, 0.30503797178153935
0.49315786965292585, 0.30503797178153935
0.7324262975926866, 0.3698218495602966
0.7324262975926866, 0.3698218495602966
0.7324262975926866, 0.3698218495602966
0.7324262975926866, 0.3698218495602966
0.7324262975926866, 0.3698218495602966
0.7324262975926866, 0.3698218495602966
0.7324262975926866, 0.3698218495602966
0.7324262975926866, 0.3698218495602966
0.7324262975926866, 0.3698218495602966
0.7324262975926866, 0.3698218495602966
0.3067482637009695, 0.08848846911133357
0.3067482637009695, 0.08848846911133357
0.3067482637009695, 0.08848846911133357
0.3067482637009695, 0.08848846911133357
0.3067482637009695, 0.08848846911133357
0.3067482637009695, 0.08848846911133357
0.3067482637009695, 0.08848846911133357
0.3067482637009695, 0.08848846911133357
0.3067482637009695, 0.08848846911133357
0.3067482637009695, 0.08848846911133357
0.8673833108180811, 0.02099312764346828
0.8673833108180811, 0.02099312764346828
0.8673833108180811, 0.02099312764346828
0.8673833108180811, 0.02099312764346828
0.8673833108180811, 0.02099312764346828
0.8673833108180811, 0.02099312764346828
0.8673833108180811, 0.02099312764346828
0.8673833108180811, 0.02099312764346828
0.8673833108180811, 0.02099312764346828
0.8673833108180811, 0.02099312764346828
0.12300448472047643, 0.5940658411261484
0.12300448472047643, 0.5940658411261484
0.12300448472047643, 0.5940658411261484
0.12300448472047643, 0.5940658411261484
0.12300448472047643, 0.5940658411261484
0.12300448472047643, 0.5940658411261484
0.12300448472047643, 0.5940658411261484
0.12300448472047643, 0.5940658411261484
0.12300448472047643, 0.5940658411261484
0.12300448472047643, 0.5940658411261484
0.2866805693659662, 0.06226407754885488
0.2866805693659662, 0.06226407754885488
0.2866805693659662, 0.06226407754885488
0.2866805693659662, 0.06226407754885488
0.2866805693659662, 0.06226407754885488
0.2866805693659662, 0.06226407754885488
0.2866805693659662, 0.06226407754885488
0.2866805693659662, 0.06226407754885488
0.2866805693659662, 0.06226407754885488
0.2866805693659662, 0.06226407754885488
0.7687555092801935, 0.7489377478731037
0.7687555092801935, 0.7489377478731037
0.7687555092801935, 0.7489377478731037
0.7687555092801935, 0.7489377478731037
0.7687555092801935, 0.7489377478731037
0.7687555092801935, 0.7489377478731037
0.7687555092801935, 0.7489377478731037
0.7687555092801935, 0.7489377478731037
0.7687555092801935, 0.7489377478731037
0.7687555092801935, 0.7489377478731037
0.5996804637685508, 0.8412718934572502
0.5996804637685508, 0.8412718934572502
0.5996804637685508, 0.8412718934572502
0.5996804637685508, 0.8412718934572502
0.5996804637685508, 0.8412718934572502
0.5996804637685508, 0.8412718934572502
0.5996804637685508, 0.8412718934572502
0.5996804637685508, 0.8412718934572502
0.5996804637685508, 0.8412718934572502
0.5996804637685508, 0.8412718934572502
0.3681330683705857, 0.08311150184964022
0.3681330683705857, 0.08311150184964022
0.3681330683705857, 0.08311150184964022
0.3681330683705857, 0.08311150184964022
0.3681330683705857, 0.08311150184964022
0.3681330683705857, 0.08311150184964022
0.3681330683705857, 0.08311150184964022
0.3681330683705857, 0.08311150184964022
0.3681330683705857, 0.08311150184964022
0.3681330683705857, 0.08311150184964022
