1e-05
0.8849944198142486, 0.706496677612587
0.8849944198142486, 0.706496677612587
0.8849944198142486, 0.706496677612587
0.8849944198142486, 0.706496677612587
0.8849944198142486, 0.706496677612587
0.8849944198142486, 0.706496677612587
0.8849944198142486, 0.706496677612587
0.8849944198142486, 0.706496677612587
0.8849944198142486, 0.706496677612587
0.8849944198142486, 0.706496677612587
0.2851514460514085, 0.15160407776828988
0.2851514460514085, 0.15160407776828988
0.2851514460514085, 0.15160407776828988
0.2851514460514085, 0.15160407776828988
0.2851514460514085, 0.15160407776828988
0.2851514460514085, 0.15160407776828988
0.2851514460514085, 0.15160407776828988
0.2851514460514085, 0.15160407776828988
0.2851514460514085, 0.15160407776828988
0.2851514460514085, 0.15160407776828988
0.5620453084025778, 0.7118316149699367
0.5620453084025778, 0.7118316149699367
0.5620453084025778, 0.7118316149699367
0.5620453084025778, 0.7118316149699367
0.5620453084025778, 0.7118316149699367
0.5620453084025778, 0.7118316149699367
0.5620453084025778, 0.7118316149699367
0.5620453084025778, 0.7118316149699367
0.5620453084025778, 0.7118316149699367
0.5620453084025778, 0.7118316149699367
0.30371684412626987, 0.4448701944382565
0.30371684412626987, 0.4448701944382565
0.30371684412626987, 0.4448701944382565
0.30371684412626987, 0.4448701944382565
0.30371684412626987, 0.4448701944382565
0.30371684412626987, 0.4448701944382565
0.30371684412626987, 0.4448701944382565
0.30371684412626987, 0.4448701944382565
0.30371684412626987, 0.4448701944382565
0.30371684412626987, 0.4448701944382565
0.7813420853635428, 0.6101508126209254
0.7813420853635428, 0.6101508126209254
0.7813420853635428, 0.6101508126209254
0.7813420853635428, 0.6101508126209254
0.7813420853635428, 0.6101508126209254
0.7813420853635428, 0.6101508126209254
0.7813420853635428, 0.6101508126209254
0.7813420853635428, 0.6101508126209254
0.7813420853635428, 0.6101508126209254
0.7813420853635428, 0.6101508126209254
0.4873935979634574, 0.18180846908349246
0.4873935979634574, 0.18180846908349246
0.4873935979634574, 0.18180846908349246
0.4873935979634574, 0.18180846908349246
0.4873935979634574, 0.18180846908349246
0.4873935979634574, 0.18180846908349246
0.4873935979634574, 0.18180846908349246
0.4873935979634574, 0.18180846908349246
0.4873935979634574, 0.18180846908349246
0.4873935979634574, 0.18180846908349246
0.35771813156392696, 0.4023783995761401
0.35771813156392696, 0.4023783995761401
0.35771813156392696, 0.4023783995761401
0.35771813156392696, 0.4023783995761401
0.35771813156392696, 0.4023783995761401
0.35771813156392696, 0.4023783995761401
0.35771813156392696, 0.4023783995761401
0.35771813156392696, 0.4023783995761401
0.35771813156392696, 0.4023783995761401
0.35771813156392696, 0.4023783995761401
0.6786914346311984, 0.8831223787793985
0.6786914346311984, 0.8831223787793985
0.6786914346311984, 0.8831223787793985
0.6786914346311984, 0.8831223787793985
0.6786914346311984, 0.8831223787793985
0.6786914346311984, 0.8831223787793985
0.6786914346311984, 0.8831223787793985
0.6786914346311984, 0.8831223787793985
0.6786914346311984, 0.8831223787793985
0.6786914346311984, 0.8831223787793985
0.6133206365885369, 0.5090474500827002
0.6133206365885369, 0.5090474500827002
0.6133206365885369, 0.5090474500827002
0.6133206365885369, 0.5090474500827002
0.6133206365885369, 0.5090474500827002
0.6133206365885369, 0.5090474500827002
0.6133206365885369, 0.5090474500827002
0.6133206365885369, 0.5090474500827002
0.6133206365885369, 0.5090474500827002
0.6133206365885369, 0.5090474500827002
0.5572030961324439, 0.6635259896825505
0.5572030961324439, 0.6635259896825505
0.5572030961324439, 0.6635259896825505
0.5572030961324439, 0.6635259896825505
0.5572030961324439, 0.6635259896825505
0.5572030961324439, 0.6635259896825505
0.5572030961324439, 0.6635259896825505
0.5572030961324439, 0.6635259896825505
0.5572030961324439, 0.6635259896825505
0.5572030961324439, 0.6635259896825505
