1e-05
0.9943388458162392, 0.42427056270251295
0.9943388458162392, 0.42427056270251295
0.9943388458162392, 0.42427056270251295
0.9943388458162392, 0.42427056270251295
0.9943388458162392, 0.42427056270251295
0.9943388458162392, 0.42427056270251295
0.9943388458162392, 0.42427056270251295
0.9943388458162392, 0.42427056270251295
0.9943388458162392, 0.42427056270251295
0.9943388458162392, 0.42427056270251295
0.5926625690500669, 0.20773411141871523
0.5926625690500669, 0.20773411141871523
0.5926625690500669, 0.20773411141871523
0.5926625690500669, 0.20773411141871523
0.5926625690500669, 0.20773411141871523
0.5926625690500669, 0.20773411141871523
0.5926625690500669, 0.20773411141871523
0.5926625690500669, 0.20773411141871523
0.5926625690500669, 0.20773411141871523
0.5926625690500669, 0.20773411141871523
0.0732388799535375, 0.7033699321195764
0.0732388799535375, 0.7033699321195764
0.0732388799535375, 0.7033699321195764
0.0732388799535375, 0.7033699321195764
0.0732388799535375, 0.7033699321195764
0.0732388799535375, 0.7033699321195764
0.0732388799535375, 0.7033699321195764
0.0732388799535375, 0.7033699321195764
0.0732388799535375, 0.7033699321195764
0.0732388799535375, 0.7033699321195764
0.4799980952202493, 0.8384319891888206
0.4799980952202493, 0.8384319891888206
0.4799980952202493, 0.8384319891888206
0.4799980952202493, 0.8384319891888206
0.4799980952202493, 0.8384319891888206
0.4799980952202493, 0.8384319891888206
0.4799980952202493, 0.8384319891888206
0.4799980952202493, 0.8384319891888206
0.4799980952202493, 0.8384319891888206
0.4799980952202493, 0.8384319891888206
0.09459888617654455, 0.7531757695751252
0.09459888617654455, 0.7531757695751252
0.09459888617654455, 0.7531757695751252
0.09459888617654455, 0.7531757695751252
0.09459888617654455, 0.7531757695751252
0.09459888617654455, 0.7531757695751252
0.09459888617654455, 0.7531757695751252
0.09459888617654455, 0.7531757695751252
0.09459888617654455, 0.7531757695751252
0.09459888617654455, 0.7531757695751252
0.35675493126901037, 0.9794914413116608
0.35675493126901037, 0.9794914413116608
0.35675493126901037, 0.9794914413116608
0.35675493126901037, 0.9794914413116608
0.35675493126901037, 0.9794914413116608
0.35675493126901037, 0.9794914413116608
0.35675493126901037, 0.9794914413116608
0.35675493126901037, 0.9794914413116608
0.35675493126901037, 0.9794914413116608
0.35675493126901037, 0.9794914413116608
0.8067585545513412, 0.8903782454166161
0.8067585545513412, 0.8903782454166161
0.8067585545513412, 0.8903782454166161
0.8067585545513412, 0.8903782454166161
0.8067585545513412, 0.8903782454166161
0.8067585545513412, 0.8903782454166161
0.8067585545513412, 0.8903782454166161
0.8067585545513412, 0.8903782454166161
0.8067585545513412, 0.8903782454166161
0.8067585545513412, 0.8903782454166161
0.894812937734426, 0.6089024832577472
0.894812937734426, 0.6089024832577472
0.894812937734426, 0.6089024832577472
0.894812937734426, 0.6089024832577472
0.894812937734426, 0.6089024832577472
0.894812937734426, 0.6089024832577472
0.894812937734426, 0.6089024832577472
0.894812937734426, 0.6089024832577472
0.894812937734426, 0.6089024832577472
0.894812937734426, 0.6089024832577472
0.034628080200214906, 0.6544918282516338
0.034628080200214906, 0.6544918282516338
0.034628080200214906, 0.6544918282516338
0.034628080200214906, 0.6544918282516338
0.034628080200214906, 0.6544918282516338
0.034628080200214906, 0.6544918282516338
0.034628080200214906, 0.6544918282516338
0.034628080200214906, 0.6544918282516338
0.034628080200214906, 0.6544918282516338
0.034628080200214906, 0.6544918282516338
0.2672761241689978, 0.746649293825776
0.2672761241689978, 0.746649293825776
0.2672761241689978, 0.746649293825776
0.2672761241689978, 0.746649293825776
0.2672761241689978, 0.746649293825776
0.2672761241689978, 0.746649293825776
0.2672761241689978, 0.746649293825776
0.2672761241689978, 0.746649293825776
0.2672761241689978, 0.746649293825776
0.2672761241689978, 0.746649293825776
