1e-05
0.9149341706303703, 0.2319720636566336
0.9149341706303703, 0.2319720636566336
0.9149341706303703, 0.2319720636566336
0.9149341706303703, 0.2319720636566336
0.9149341706303703, 0.2319720636566336
0.9149341706303703, 0.2319720636566336
0.9149341706303703, 0.2319720636566336
0.9149341706303703, 0.2319720636566336
0.9149341706303703, 0.2319720636566336
0.9149341706303703, 0.2319720636566336
0.04895975134482766, 0.5775629160526351
0.04895975134482766, 0.5775629160526351
0.04895975134482766, 0.5775629160526351
0.04895975134482766, 0.5775629160526351
0.04895975134482766, 0.5775629160526351
0.04895975134482766, 0.5775629160526351
0.04895975134482766, 0.5775629160526351
0.04895975134482766, 0.5775629160526351
0.04895975134482766, 0.5775629160526351
0.04895975134482766, 0.5775629160526351
0.41696959255661814, 0.45236538185255315
0.41696959255661814, 0.45236538185255315
0.41696959255661814, 0.45236538185255315
0.41696959255661814, 0.45236538185255315
0.41696959255661814, 0.45236538185255315
0.41696959255661814, 0.45236538185255315
0.41696959255661814, 0.45236538185255315
0.41696959255661814, 0.45236538185255315
0.41696959255661814, 0.45236538185255315
0.41696959255661814, 0.45236538185255315
0.9570385290273226, 0.2644065010704745
0.9570385290273226, 0.2644065010704745
0.9570385290273226, 0.2644065010704745
0.9570385290273226, 0.2644065010704745
0.9570385290273226, 0.2644065010704745
0.9570385290273226, 0.2644065010704745
0.9570385290273226, 0.2644065010704745
0.9570385290273226, 0.2644065010704745
0.9570385290273226, 0.2644065010704745
0.9570385290273226, 0.2644065010704745
0.8402132687665784, 0.4467026555290916
0.8402132687665784, 0.4467026555290916
0.8402132687665784, 0.4467026555290916
0.8402132687665784, 0.4467026555290916
0.8402132687665784, 0.4467026555290916
0.8402132687665784, 0.4467026555290916
0.8402132687665784, 0.4467026555290916
0.8402132687665784, 0.4467026555290916
0.8402132687665784, 0.4467026555290916
0.8402132687665784, 0.4467026555290916
0.1068439592746806, 0.9576253916969169
0.1068439592746806, 0.9576253916969169
0.1068439592746806, 0.9576253916969169
0.1068439592746806, 0.9576253916969169
0.1068439592746806, 0.9576253916969169
0.1068439592746806, 0.9576253916969169
0.1068439592746806, 0.9576253916969169
0.1068439592746806, 0.9576253916969169
0.1068439592746806, 0.9576253916969169
0.1068439592746806, 0.9576253916969169
0.4411457882323496, 0.38068746737997183
0.4411457882323496, 0.38068746737997183
0.4411457882323496, 0.38068746737997183
0.4411457882323496, 0.38068746737997183
0.4411457882323496, 0.38068746737997183
0.4411457882323496, 0.38068746737997183
0.4411457882323496, 0.38068746737997183
0.4411457882323496, 0.38068746737997183
0.4411457882323496, 0.38068746737997183
0.4411457882323496, 0.38068746737997183
0.859727159965087, 0.7359564392830112
0.859727159965087, 0.7359564392830112
0.859727159965087, 0.7359564392830112
0.859727159965087, 0.7359564392830112
0.859727159965087, 0.7359564392830112
0.859727159965087, 0.7359564392830112
0.859727159965087, 0.7359564392830112
0.859727159965087, 0.7359564392830112
0.859727159965087, 0.7359564392830112
0.859727159965087, 0.7359564392830112
0.052407969970814205, 0.5520211767722422
0.052407969970814205, 0.5520211767722422
0.052407969970814205, 0.5520211767722422
0.052407969970814205, 0.5520211767722422
0.052407969970814205, 0.5520211767722422
0.052407969970814205, 0.5520211767722422
0.052407969970814205, 0.5520211767722422
0.052407969970814205, 0.5520211767722422
0.052407969970814205, 0.5520211767722422
0.052407969970814205, 0.5520211767722422
0.4090635716845703, 0.30359840574883334
0.4090635716845703, 0.30359840574883334
0.4090635716845703, 0.30359840574883334
0.4090635716845703, 0.30359840574883334
0.4090635716845703, 0.30359840574883334
0.4090635716845703, 0.30359840574883334
0.4090635716845703, 0.30359840574883334
0.4090635716845703, 0.30359840574883334
0.4090635716845703, 0.30359840574883334
0.4090635716845703, 0.30359840574883334
