1e-05
0.9936698842765209, 0.39835036552330705
0.9936698842765209, 0.39835036552330705
0.9936698842765209, 0.39835036552330705
0.9936698842765209, 0.39835036552330705
0.9936698842765209, 0.39835036552330705
0.9936698842765209, 0.39835036552330705
0.9936698842765209, 0.39835036552330705
0.9936698842765209, 0.39835036552330705
0.9936698842765209, 0.39835036552330705
0.9936698842765209, 0.39835036552330705
0.7508983211779431, 0.32520393674558046
0.7508983211779431, 0.32520393674558046
0.7508983211779431, 0.32520393674558046
0.7508983211779431, 0.32520393674558046
0.7508983211779431, 0.32520393674558046
0.7508983211779431, 0.32520393674558046
0.7508983211779431, 0.32520393674558046
0.7508983211779431, 0.32520393674558046
0.7508983211779431, 0.32520393674558046
0.7508983211779431, 0.32520393674558046
0.018728621452528404, 0.7442825923976542
0.018728621452528404, 0.7442825923976542
0.018728621452528404, 0.7442825923976542
0.018728621452528404, 0.7442825923976542
0.018728621452528404, 0.7442825923976542
0.018728621452528404, 0.7442825923976542
0.018728621452528404, 0.7442825923976542
0.018728621452528404, 0.7442825923976542
0.018728621452528404, 0.7442825923976542
0.018728621452528404, 0.7442825923976542
0.3654545923852981, 0.3053751097870404
0.3654545923852981, 0.3053751097870404
0.3654545923852981, 0.3053751097870404
0.3654545923852981, 0.3053751097870404
0.3654545923852981, 0.3053751097870404
0.3654545923852981, 0.3053751097870404
0.3654545923852981, 0.3053751097870404
0.3654545923852981, 0.3053751097870404
0.3654545923852981, 0.3053751097870404
0.3654545923852981, 0.3053751097870404
0.6231265401395469, 0.41740590640153974
0.6231265401395469, 0.41740590640153974
0.6231265401395469, 0.41740590640153974
0.6231265401395469, 0.41740590640153974
0.6231265401395469, 0.41740590640153974
0.6231265401395469, 0.41740590640153974
0.6231265401395469, 0.41740590640153974
0.6231265401395469, 0.41740590640153974
0.6231265401395469, 0.41740590640153974
0.6231265401395469, 0.41740590640153974
0.5907985801932361, 0.828313028335348
0.5907985801932361, 0.828313028335348
0.5907985801932361, 0.828313028335348
0.5907985801932361, 0.828313028335348
0.5907985801932361, 0.828313028335348
0.5907985801932361, 0.828313028335348
0.5907985801932361, 0.828313028335348
0.5907985801932361, 0.828313028335348
0.5907985801932361, 0.828313028335348
0.5907985801932361, 0.828313028335348
0.7582330833041582, 0.8230707571995185
0.7582330833041582, 0.8230707571995185
0.7582330833041582, 0.8230707571995185
0.7582330833041582, 0.8230707571995185
0.7582330833041582, 0.8230707571995185
0.7582330833041582, 0.8230707571995185
0.7582330833041582, 0.8230707571995185
0.7582330833041582, 0.8230707571995185
0.7582330833041582, 0.8230707571995185
0.7582330833041582, 0.8230707571995185
0.8881514190723453, 0.19620660735976048
0.8881514190723453, 0.19620660735976048
0.8881514190723453, 0.19620660735976048
0.8881514190723453, 0.19620660735976048
0.8881514190723453, 0.19620660735976048
0.8881514190723453, 0.19620660735976048
0.8881514190723453, 0.19620660735976048
0.8881514190723453, 0.19620660735976048
0.8881514190723453, 0.19620660735976048
0.8881514190723453, 0.19620660735976048
0.9861769034699757, 0.02752507279028127
0.9861769034699757, 0.02752507279028127
0.9861769034699757, 0.02752507279028127
0.9861769034699757, 0.02752507279028127
0.9861769034699757, 0.02752507279028127
0.9861769034699757, 0.02752507279028127
0.9861769034699757, 0.02752507279028127
0.9861769034699757, 0.02752507279028127
0.9861769034699757, 0.02752507279028127
0.9861769034699757, 0.02752507279028127
0.3387924887190862, 0.7072455201041612
0.3387924887190862, 0.7072455201041612
0.3387924887190862, 0.7072455201041612
0.3387924887190862, 0.7072455201041612
0.3387924887190862, 0.7072455201041612
0.3387924887190862, 0.7072455201041612
0.3387924887190862, 0.7072455201041612
0.3387924887190862, 0.7072455201041612
0.3387924887190862, 0.7072455201041612
0.3387924887190862, 0.7072455201041612
