1e-05
0.941162853592041, 0.8620474341507669
0.941162853592041, 0.8620474341507669
0.941162853592041, 0.8620474341507669
0.941162853592041, 0.8620474341507669
0.941162853592041, 0.8620474341507669
0.941162853592041, 0.8620474341507669
0.941162853592041, 0.8620474341507669
0.941162853592041, 0.8620474341507669
0.941162853592041, 0.8620474341507669
0.941162853592041, 0.8620474341507669
0.854070205594821, 0.0650790312362104
0.854070205594821, 0.0650790312362104
0.854070205594821, 0.0650790312362104
0.854070205594821, 0.0650790312362104
0.854070205594821, 0.0650790312362104
0.854070205594821, 0.0650790312362104
0.854070205594821, 0.0650790312362104
0.854070205594821, 0.0650790312362104
0.854070205594821, 0.0650790312362104
0.854070205594821, 0.0650790312362104
0.8463709325100466, 0.37385528903227905
0.8463709325100466, 0.37385528903227905
0.8463709325100466, 0.37385528903227905
0.8463709325100466, 0.37385528903227905
0.8463709325100466, 0.37385528903227905
0.8463709325100466, 0.37385528903227905
0.8463709325100466, 0.37385528903227905
0.8463709325100466, 0.37385528903227905
0.8463709325100466, 0.37385528903227905
0.8463709325100466, 0.37385528903227905
0.6120803855226724, 0.7248578642502814
0.6120803855226724, 0.7248578642502814
0.6120803855226724, 0.7248578642502814
0.6120803855226724, 0.7248578642502814
0.6120803855226724, 0.7248578642502814
0.6120803855226724, 0.7248578642502814
0.6120803855226724, 0.7248578642502814
0.6120803855226724, 0.7248578642502814
0.6120803855226724, 0.7248578642502814
0.6120803855226724, 0.7248578642502814
0.07813127641418127, 0.7645121437415245
0.07813127641418127, 0.7645121437415245
0.07813127641418127, 0.7645121437415245
0.07813127641418127, 0.7645121437415245
0.07813127641418127, 0.7645121437415245
0.07813127641418127, 0.7645121437415245
0.07813127641418127, 0.7645121437415245
0.07813127641418127, 0.7645121437415245
0.07813127641418127, 0.7645121437415245
0.07813127641418127, 0.7645121437415245
0.6390160097928862, 0.5683688538136072
0.6390160097928862, 0.5683688538136072
0.6390160097928862, 0.5683688538136072
0.6390160097928862, 0.5683688538136072
0.6390160097928862, 0.5683688538136072
0.6390160097928862, 0.5683688538136072
0.6390160097928862, 0.5683688538136072
0.6390160097928862, 0.5683688538136072
0.6390160097928862, 0.5683688538136072
0.6390160097928862, 0.5683688538136072
0.43397148492129534, 0.7728803100533576
0.43397148492129534, 0.7728803100533576
0.43397148492129534, 0.7728803100533576
0.43397148492129534, 0.7728803100533576
0.43397148492129534, 0.7728803100533576
0.43397148492129534, 0.7728803100533576
0.43397148492129534, 0.7728803100533576
0.43397148492129534, 0.7728803100533576
0.43397148492129534, 0.7728803100533576
0.43397148492129534, 0.7728803100533576
0.49488661071965556, 0.4755733219286292
0.49488661071965556, 0.4755733219286292
0.49488661071965556, 0.4755733219286292
0.49488661071965556, 0.4755733219286292
0.49488661071965556, 0.4755733219286292
0.49488661071965556, 0.4755733219286292
0.49488661071965556, 0.4755733219286292
0.49488661071965556, 0.4755733219286292
0.49488661071965556, 0.4755733219286292
0.49488661071965556, 0.4755733219286292
0.5929655709094223, 0.1969228625253946
0.5929655709094223, 0.1969228625253946
0.5929655709094223, 0.1969228625253946
0.5929655709094223, 0.1969228625253946
0.5929655709094223, 0.1969228625253946
0.5929655709094223, 0.1969228625253946
0.5929655709094223, 0.1969228625253946
0.5929655709094223, 0.1969228625253946
0.5929655709094223, 0.1969228625253946
0.5929655709094223, 0.1969228625253946
0.9289360215620843, 0.4743267625584019
0.9289360215620843, 0.4743267625584019
0.9289360215620843, 0.4743267625584019
0.9289360215620843, 0.4743267625584019
0.9289360215620843, 0.4743267625584019
0.9289360215620843, 0.4743267625584019
0.9289360215620843, 0.4743267625584019
0.9289360215620843, 0.4743267625584019
0.9289360215620843, 0.4743267625584019
0.9289360215620843, 0.4743267625584019
