1e-05
0.3988819229688956, 0.4390765666132842
0.3988819229688956, 0.4390765666132842
0.3988819229688956, 0.4390765666132842
0.3988819229688956, 0.4390765666132842
0.3988819229688956, 0.4390765666132842
0.3988819229688956, 0.4390765666132842
0.3988819229688956, 0.4390765666132842
0.3988819229688956, 0.4390765666132842
0.3988819229688956, 0.4390765666132842
0.3988819229688956, 0.4390765666132842
0.3169459997762015, 0.16034951879308001
0.3169459997762015, 0.16034951879308001
0.3169459997762015, 0.16034951879308001
0.3169459997762015, 0.16034951879308001
0.3169459997762015, 0.16034951879308001
0.3169459997762015, 0.16034951879308001
0.3169459997762015, 0.16034951879308001
0.3169459997762015, 0.16034951879308001
0.3169459997762015, 0.16034951879308001
0.3169459997762015, 0.16034951879308001
0.7049463991018482, 0.9548007351940028
0.7049463991018482, 0.9548007351940028
0.7049463991018482, 0.9548007351940028
0.7049463991018482, 0.9548007351940028
0.7049463991018482, 0.9548007351940028
0.7049463991018482, 0.9548007351940028
0.7049463991018482, 0.9548007351940028
0.7049463991018482, 0.9548007351940028
0.7049463991018482, 0.9548007351940028
0.7049463991018482, 0.9548007351940028
0.20180683139502187, 0.5665502530940927
0.20180683139502187, 0.5665502530940927
0.20180683139502187, 0.5665502530940927
0.20180683139502187, 0.5665502530940927
0.20180683139502187, 0.5665502530940927
0.20180683139502187, 0.5665502530940927
0.20180683139502187, 0.5665502530940927
0.20180683139502187, 0.5665502530940927
0.20180683139502187, 0.5665502530940927
0.20180683139502187, 0.5665502530940927
0.5817447230102711, 0.9353341327228378
0.5817447230102711, 0.9353341327228378
0.5817447230102711, 0.9353341327228378
0.5817447230102711, 0.9353341327228378
0.5817447230102711, 0.9353341327228378
0.5817447230102711, 0.9353341327228378
0.5817447230102711, 0.9353341327228378
0.5817447230102711, 0.9353341327228378
0.5817447230102711, 0.9353341327228378
0.5817447230102711, 0.9353341327228378
0.7176189903377357, 0.30922750896443973
0.7176189903377357, 0.30922750896443973
0.7176189903377357, 0.30922750896443973
0.7176189903377357, 0.30922750896443973
0.7176189903377357, 0.30922750896443973
0.7176189903377357, 0.30922750896443973
0.7176189903377357, 0.30922750896443973
0.7176189903377357, 0.30922750896443973
0.7176189903377357, 0.30922750896443973
0.7176189903377357, 0.30922750896443973
0.30920813979151673, 0.8171028489420186
0.30920813979151673, 0.8171028489420186
0.30920813979151673, 0.8171028489420186
0.30920813979151673, 0.8171028489420186
0.30920813979151673, 0.8171028489420186
0.30920813979151673, 0.8171028489420186
0.30920813979151673, 0.8171028489420186
0.30920813979151673, 0.8171028489420186
0.30920813979151673, 0.8171028489420186
0.30920813979151673, 0.8171028489420186
0.1215505894442841, 0.03653121050211516
0.1215505894442841, 0.03653121050211516
0.1215505894442841, 0.03653121050211516
0.1215505894442841, 0.03653121050211516
0.1215505894442841, 0.03653121050211516
0.1215505894442841, 0.03653121050211516
0.1215505894442841, 0.03653121050211516
0.1215505894442841, 0.03653121050211516
0.1215505894442841, 0.03653121050211516
0.1215505894442841, 0.03653121050211516
0.9198393268979318, 0.6070486231401454
0.9198393268979318, 0.6070486231401454
0.9198393268979318, 0.6070486231401454
0.9198393268979318, 0.6070486231401454
0.9198393268979318, 0.6070486231401454
0.9198393268979318, 0.6070486231401454
0.9198393268979318, 0.6070486231401454
0.9198393268979318, 0.6070486231401454
0.9198393268979318, 0.6070486231401454
0.9198393268979318, 0.6070486231401454
0.526239712669537, 0.7804701770614706
0.526239712669537, 0.7804701770614706
0.526239712669537, 0.7804701770614706
0.526239712669537, 0.7804701770614706
0.526239712669537, 0.7804701770614706
0.526239712669537, 0.7804701770614706
0.526239712669537, 0.7804701770614706
0.526239712669537, 0.7804701770614706
0.526239712669537, 0.7804701770614706
0.526239712669537, 0.7804701770614706
