0.1
0.8151286759774214, 0.38608728943159754
0.5965187052994063, 0.8359532505081716
0.11752347703337884, 0.16008245148443334
0.5906539870624776, 0.11005464390804043
0.3230579414616058, 0.8480805001294288
0.7727961481629639, 0.7382346053061091
0.475789895386726, 0.1172266259044672
0.18596162161300067, 0.5210292126252118
0.8043386825189196, 0.33935773771674527
0.7555382339698565, 0.6712187097683195
0.2011911765949127, 0.35501648204948777
0.40688619935226467, 0.3595001744362517
0.3169205671830406, 0.22447909965735025
0.9896453250608733, 0.5096918935838383
0.31752081938356036, 0.8845549519564437
0.541873120102239, 0.48252202290195023
0.6394080579141947, 0.37141404727116367
0.7595209215081096, 0.2893553442383633
0.6304353833192604, 0.3224964938226381
0.32164245201755204, 0.2924950715240401
0.3221005226794229, 0.6752628865502939
0.780798443505392, 0.2707453975185562
0.040348444857540966, 0.21824362929616392
0.6182637341660571, 0.6911043416906621
0.8501380750475839, 0.30335967891024473
0.09783586460636617, 0.5859960684800779
0.9666306560256509, 0.26620672005740786
0.48408485062159246, 0.9587913463504681
0.2682870039835855, 0.2817849730653974
0.9726297022733694, 0.9878225493891967
0.3591175416459539, 0.3206428722309509
0.7789013857922644, 0.44241505082723587
0.4134645972613413, 0.010082114301051881
0.08058446857533419, 0.6138138694394121
0.03954020518950996, 0.45536316585369496
0.12867533487219063, 0.648887133782937
0.11725219368075002, 0.07506608634391543
0.42934964381367335, 0.45893671538385894
0.25819801564936096, 0.43957028831968337
0.9474993056795002, 0.1412587782114375
0.15822977940672756, 0.753596966707522
0.8572660361048173, 0.9096047040694978
0.7557376710965257, 0.14493880288164973
0.24838179697687357, 0.1312607064195147
0.33194976384922903, 0.8159200109459751
0.5201223647851158, 0.1823950835495305
0.35066700628126324, 0.2478322093156654
0.3011034417557792, 0.9019294475598812
0.18374255836941078, 0.11255946267185968
0.2398181176100035, 0.1616407864274807
0.9725929853545754, 0.8427101873557596
0.4705106165883304, 0.009112203212081393
0.08973667416937192, 0.1955708620855494
0.9976920030759289, 0.1993883299284075
0.6655399887674116, 0.639882514793201
0.5307920807579213, 0.12401294444444566
0.7220100895062945, 0.6681806904200724
0.4124145898268792, 0.08710916012317527
0.2333684663307829, 0.03010246840750541
0.3846918967865772, 0.38323488849305065
0.6230027783532809, 0.3967817890024632
0.3565627166296095, 0.27282018764468097
0.6744880250728758, 0.18214749497217342
0.6383307074976308, 0.06470728114611535
0.47177768120587427, 0.8615810785760567
0.25273123181152457, 0.8136464493902845
0.7196568003036825, 0.7488617424558204
0.4706545339288909, 0.41310706033924816
0.5431494271649373, 0.2312145637562485
0.5150210586545874, 0.8719249727163412
0.12184060792881246, 0.5834776253538405
0.6593677103258112, 0.5170996943729103
0.23698567031306594, 0.8637645902260013
0.7050239483491316, 0.5225208595156328
0.16551582212907223, 0.7011462100831959
0.12538135028171593, 0.19262833440620086
0.22408603451125653, 0.9008793168426787
0.8779350217525943, 0.10016156858819791
0.7842942721611065, 0.7318452111365107
0.393471787579443, 0.42076056325995204
0.2895959881873339, 0.7671921744059534
0.14918445977730288, 0.6194071796881568
