1e-05
0.8646789070843212, 0.5336976958791896
0.8646789070843212, 0.5336976958791896
0.8646789070843212, 0.5336976958791896
0.8646789070843212, 0.5336976958791896
0.8646789070843212, 0.5336976958791896
0.8646789070843212, 0.5336976958791896
0.8646789070843212, 0.5336976958791896
0.8646789070843212, 0.5336976958791896
0.8646789070843212, 0.5336976958791896
0.8646789070843212, 0.5336976958791896
0.3377117126576272, 0.4964518850420624
0.3377117126576272, 0.4964518850420624
0.3377117126576272, 0.4964518850420624
0.3377117126576272, 0.4964518850420624
0.3377117126576272, 0.4964518850420624
0.3377117126576272, 0.4964518850420624
0.3377117126576272, 0.4964518850420624
0.3377117126576272, 0.4964518850420624
0.3377117126576272, 0.4964518850420624
0.3377117126576272, 0.4964518850420624
0.6088664298683517, 0.4386811262065422
0.6088664298683517, 0.4386811262065422
0.6088664298683517, 0.4386811262065422
0.6088664298683517, 0.4386811262065422
0.6088664298683517, 0.4386811262065422
0.6088664298683517, 0.4386811262065422
0.6088664298683517, 0.4386811262065422
0.6088664298683517, 0.4386811262065422
0.6088664298683517, 0.4386811262065422
0.6088664298683517, 0.4386811262065422
0.6951680230234951, 0.6912398898823153
0.6951680230234951, 0.6912398898823153
0.6951680230234951, 0.6912398898823153
0.6951680230234951, 0.6912398898823153
0.6951680230234951, 0.6912398898823153
0.6951680230234951, 0.6912398898823153
0.6951680230234951, 0.6912398898823153
0.6951680230234951, 0.6912398898823153
0.6951680230234951, 0.6912398898823153
0.6951680230234951, 0.6912398898823153
0.5029062000689896, 0.5682040497892221
0.5029062000689896, 0.5682040497892221
0.5029062000689896, 0.5682040497892221
0.5029062000689896, 0.5682040497892221
0.5029062000689896, 0.5682040497892221
0.5029062000689896, 0.5682040497892221
0.5029062000689896, 0.5682040497892221
0.5029062000689896, 0.5682040497892221
0.5029062000689896, 0.5682040497892221
0.5029062000689896, 0.5682040497892221
0.21709487308105935, 0.0617795401193737
0.21709487308105935, 0.0617795401193737
0.21709487308105935, 0.0617795401193737
0.21709487308105935, 0.0617795401193737
0.21709487308105935, 0.0617795401193737
0.21709487308105935, 0.0617795401193737
0.21709487308105935, 0.0617795401193737
0.21709487308105935, 0.0617795401193737
0.21709487308105935, 0.0617795401193737
0.21709487308105935, 0.0617795401193737
0.2382267499672216, 0.7013565701249892
0.2382267499672216, 0.7013565701249892
0.2382267499672216, 0.7013565701249892
0.2382267499672216, 0.7013565701249892
0.2382267499672216, 0.7013565701249892
0.2382267499672216, 0.7013565701249892
0.2382267499672216, 0.7013565701249892
0.2382267499672216, 0.7013565701249892
0.2382267499672216, 0.7013565701249892
0.2382267499672216, 0.7013565701249892
0.6598462237831169, 0.9179400789297608
0.6598462237831169, 0.9179400789297608
0.6598462237831169, 0.9179400789297608
0.6598462237831169, 0.9179400789297608
0.6598462237831169, 0.9179400789297608
0.6598462237831169, 0.9179400789297608
0.6598462237831169, 0.9179400789297608
0.6598462237831169, 0.9179400789297608
0.6598462237831169, 0.9179400789297608
0.6598462237831169, 0.9179400789297608
0.216783411477095, 0.5606364114398569
0.216783411477095, 0.5606364114398569
0.216783411477095, 0.5606364114398569
0.216783411477095, 0.5606364114398569
0.216783411477095, 0.5606364114398569
0.216783411477095, 0.5606364114398569
0.216783411477095, 0.5606364114398569
0.216783411477095, 0.5606364114398569
0.216783411477095, 0.5606364114398569
0.216783411477095, 0.5606364114398569
0.8156495369703428, 0.13041220388418073
0.8156495369703428, 0.13041220388418073
0.8156495369703428, 0.13041220388418073
0.8156495369703428, 0.13041220388418073
0.8156495369703428, 0.13041220388418073
0.8156495369703428, 0.13041220388418073
0.8156495369703428, 0.13041220388418073
0.8156495369703428, 0.13041220388418073
0.8156495369703428, 0.13041220388418073
0.8156495369703428, 0.13041220388418073
