1e-05
0.16344090806831013, 0.6219070198481064
0.16344090806831013, 0.6219070198481064
0.16344090806831013, 0.6219070198481064
0.16344090806831013, 0.6219070198481064
0.16344090806831013, 0.6219070198481064
0.16344090806831013, 0.6219070198481064
0.16344090806831013, 0.6219070198481064
0.16344090806831013, 0.6219070198481064
0.16344090806831013, 0.6219070198481064
0.16344090806831013, 0.6219070198481064
0.29250049000890554, 0.3006824307137741
0.29250049000890554, 0.3006824307137741
0.29250049000890554, 0.3006824307137741
0.29250049000890554, 0.3006824307137741
0.29250049000890554, 0.3006824307137741
0.29250049000890554, 0.3006824307137741
0.29250049000890554, 0.3006824307137741
0.29250049000890554, 0.3006824307137741
0.29250049000890554, 0.3006824307137741
0.29250049000890554, 0.3006824307137741
0.22268836878047793, 0.7343572991837511
0.22268836878047793, 0.7343572991837511
0.22268836878047793, 0.7343572991837511
0.22268836878047793, 0.7343572991837511
0.22268836878047793, 0.7343572991837511
0.22268836878047793, 0.7343572991837511
0.22268836878047793, 0.7343572991837511
0.22268836878047793, 0.7343572991837511
0.22268836878047793, 0.7343572991837511
0.22268836878047793, 0.7343572991837511
0.3712915807933834, 0.19436336734639093
0.3712915807933834, 0.19436336734639093
0.3712915807933834, 0.19436336734639093
0.3712915807933834, 0.19436336734639093
0.3712915807933834, 0.19436336734639093
0.3712915807933834, 0.19436336734639093
0.3712915807933834, 0.19436336734639093
0.3712915807933834, 0.19436336734639093
0.3712915807933834, 0.19436336734639093
0.3712915807933834, 0.19436336734639093
0.5202169883026401, 0.16440478625423738
0.5202169883026401, 0.16440478625423738
0.5202169883026401, 0.16440478625423738
0.5202169883026401, 0.16440478625423738
0.5202169883026401, 0.16440478625423738
0.5202169883026401, 0.16440478625423738
0.5202169883026401, 0.16440478625423738
0.5202169883026401, 0.16440478625423738
0.5202169883026401, 0.16440478625423738
0.5202169883026401, 0.16440478625423738
0.5396499262304746, 0.3961669854781086
0.5396499262304746, 0.3961669854781086
0.5396499262304746, 0.3961669854781086
0.5396499262304746, 0.3961669854781086
0.5396499262304746, 0.3961669854781086
0.5396499262304746, 0.3961669854781086
0.5396499262304746, 0.3961669854781086
0.5396499262304746, 0.3961669854781086
0.5396499262304746, 0.3961669854781086
0.5396499262304746, 0.3961669854781086
0.924023615778461, 0.9494003103183182
0.924023615778461, 0.9494003103183182
0.924023615778461, 0.9494003103183182
0.924023615778461, 0.9494003103183182
0.924023615778461, 0.9494003103183182
0.924023615778461, 0.9494003103183182
0.924023615778461, 0.9494003103183182
0.924023615778461, 0.9494003103183182
0.924023615778461, 0.9494003103183182
0.924023615778461, 0.9494003103183182
0.5722468564916943, 0.5472840136768932
0.5722468564916943, 0.5472840136768932
0.5722468564916943, 0.5472840136768932
0.5722468564916943, 0.5472840136768932
0.5722468564916943, 0.5472840136768932
0.5722468564916943, 0.5472840136768932
0.5722468564916943, 0.5472840136768932
0.5722468564916943, 0.5472840136768932
0.5722468564916943, 0.5472840136768932
0.5722468564916943, 0.5472840136768932
0.277644570431526, 0.913089561703088
0.277644570431526, 0.913089561703088
0.277644570431526, 0.913089561703088
0.277644570431526, 0.913089561703088
0.277644570431526, 0.913089561703088
0.277644570431526, 0.913089561703088
0.277644570431526, 0.913089561703088
0.277644570431526, 0.913089561703088
0.277644570431526, 0.913089561703088
0.277644570431526, 0.913089561703088
0.3703107815813286, 0.3325338591130613
0.3703107815813286, 0.3325338591130613
0.3703107815813286, 0.3325338591130613
0.3703107815813286, 0.3325338591130613
0.3703107815813286, 0.3325338591130613
0.3703107815813286, 0.3325338591130613
0.3703107815813286, 0.3325338591130613
0.3703107815813286, 0.3325338591130613
0.3703107815813286, 0.3325338591130613
0.3703107815813286, 0.3325338591130613
