1e-05
0.602252513905339, 0.13943744465766117
0.8191322261259032, 0.28742741134663874
0.07695841080944754, 0.8931053366403943
0.3755490360613646, 0.7743313918110076
0.023322210514791775, 0.6280730579317609
0.00796567617978372, 0.8819704796077246
0.5288953455570403, 0.7514141169781795
0.8243787428481321, 0.6319578573562775
0.9455689870932631, 0.6697227293884246
0.7831242575448487, 0.7662190193373937
0.38306919616442325, 0.34643661019720917
0.23499513672733074, 0.8234975667606507
0.04581999597400144, 0.385819584692091
0.7043638130959725, 0.2410622082822208
0.39112746224350736, 0.7988466691054652
0.5305535124346521, 0.4296110317893168
0.538836558306203, 0.5209463159301619
0.5685175390556098, 0.7341885086081272
0.6558178598339348, 0.5761488495031152
0.7060588982448247, 0.7309609436604183
0.8270790121912068, 0.38156364489222516
0.2726809684946394, 0.33433843024447507
0.938989226284239, 0.5158784997726347
0.7004139296725155, 0.9628001174796124
0.4855513840039559, 0.5724103170712227
0.06373665172504861, 0.4072163035085724
0.4502583471033056, 0.4511055792954819
0.8718037426928247, 0.2547288077450698
0.7351881522550221, 0.9751779059452598
0.8121555678514029, 0.9817562986238881
0.9044759551349493, 0.8588754520813027
0.9688344452272817, 0.009182415512662079
0.5922015054928467, 0.7218524567745631
0.8161534891372731, 0.3835496285470382
0.7958933972773714, 0.913763113130312
0.801057937986246, 0.9335341039740656
0.48231495238429956, 0.13820638491009007
0.09379613385145136, 0.2905960446267353
0.16910303616761835, 0.6443851272360481
0.8970965318436744, 0.6826231009079792
0.9523545455301272, 0.37978825040047504
0.6414326450034331, 0.47090488703546984
0.568040317301486, 0.7646701295689514
0.5409062389987791, 0.09106035468662421
0.6866231448559019, 0.14823022576864375
0.004242804184178994, 0.15866031969516936
0.3158490056729376, 0.12301154938758874
0.21423226006298435, 0.8395030812122762
0.5447177759130242, 0.32549576058679786
0.23972856479674365, 0.9666978847996842
0.6180448713155057, 0.7825264246498765
0.8116116317758211, 0.30702599698950495
0.2532826950822664, 0.11198409551210342
0.9781014802033496, 0.9477471802590955
0.5311801446842487, 0.8568230258293242
0.6610376755377186, 0.5413125596518839
0.5589401999256459, 0.42711577668544776
0.8636092352778884, 0.8087440690777169
0.2920229201881174, 0.27588892983201274
0.21286188860465627, 0.8226622184292179
0.5727956395731351, 0.8454997376231477
0.9849185727364648, 0.9353742272506225
0.34010952055627086, 0.17710022608009746
0.39302769407529337, 0.8329658792221487
0.5121731468978967, 0.27401381816642345
0.77771429963667, 0.8743550218423676
0.5383706628954763, 0.6775353131865843
0.7362916951787898, 0.4041337915312737
0.6880957605097597, 0.995655092741952
0.7404055915389318, 0.7664846864171658
0.4142372985064434, 0.5501012784813187
0.7780966143416133, 0.4929640791445935
0.04192290483585759, 0.6284939475756414
0.3540047438727294, 0.5818161756510822
0.42711391507134555, 0.896229560258511
0.9327474724868297, 0.6207459986715043
0.9885898400589268, 0.5234973093716498
0.20159909694435507, 0.7408533116382479
0.7408439368238184, 0.6460190879295201
0.1726374306364301, 0.025270673683141842
0.2407565439973518, 0.9040906749270337
0.927962723619658, 0.8740852078920489
0.1434124946566271, 0.9811980565156445
0.6883600439896537, 0.3114786397709892
0.2962030899814001, 0.08591008236936437
0.8015371105031427, 0.5369698721412186
0.889866737649027, 0.14899347856443546
0.13196807100468233, 0.8389100851029059
0.5013418056689661, 0.41298831534180935
0.00042490059221989007, 0.13992900501698813
0.929786680225318, 0.12332911824007997
0.7237200217393166, 0.6746582272450318
0.5616761269130909, 0.30134235459216197
0.21744553185386106, 0.1990733582333465
0.7290053332105207, 0.43616322372427807
0.7309643851239344, 0.49137628656039567
0.4578815058510364, 0.5274205104421611
0.960569896822355, 0.3454281918749704
0.17835139878319606, 0.8399321322715921
0.18972834051608334, 0.7717489723704534
