1e-05
0.9499774132759471, 0.35792251731929625
0.9499774132759471, 0.35792251731929625
0.9499774132759471, 0.35792251731929625
0.9499774132759471, 0.35792251731929625
0.9499774132759471, 0.35792251731929625
0.9499774132759471, 0.35792251731929625
0.9499774132759471, 0.35792251731929625
0.9499774132759471, 0.35792251731929625
0.9499774132759471, 0.35792251731929625
0.9499774132759471, 0.35792251731929625
0.48018724152875514, 0.26697839834439185
0.48018724152875514, 0.26697839834439185
0.48018724152875514, 0.26697839834439185
0.48018724152875514, 0.26697839834439185
0.48018724152875514, 0.26697839834439185
0.48018724152875514, 0.26697839834439185
0.48018724152875514, 0.26697839834439185
0.48018724152875514, 0.26697839834439185
0.48018724152875514, 0.26697839834439185
0.48018724152875514, 0.26697839834439185
0.9744198489898375, 0.7357981769400461
0.9744198489898375, 0.7357981769400461
0.9744198489898375, 0.7357981769400461
0.9744198489898375, 0.7357981769400461
0.9744198489898375, 0.7357981769400461
0.9744198489898375, 0.7357981769400461
0.9744198489898375, 0.7357981769400461
0.9744198489898375, 0.7357981769400461
0.9744198489898375, 0.7357981769400461
0.9744198489898375, 0.7357981769400461
0.43966925555772374, 0.19422654296552067
0.43966925555772374, 0.19422654296552067
0.43966925555772374, 0.19422654296552067
0.43966925555772374, 0.19422654296552067
0.43966925555772374, 0.19422654296552067
0.43966925555772374, 0.19422654296552067
0.43966925555772374, 0.19422654296552067
0.43966925555772374, 0.19422654296552067
0.43966925555772374, 0.19422654296552067
0.43966925555772374, 0.19422654296552067
0.09768274012171363, 0.5584390206636105
0.09768274012171363, 0.5584390206636105
0.09768274012171363, 0.5584390206636105
0.09768274012171363, 0.5584390206636105
0.09768274012171363, 0.5584390206636105
0.09768274012171363, 0.5584390206636105
0.09768274012171363, 0.5584390206636105
0.09768274012171363, 0.5584390206636105
0.09768274012171363, 0.5584390206636105
0.09768274012171363, 0.5584390206636105
0.9052358555331605, 0.6671525831906512
0.9052358555331605, 0.6671525831906512
0.9052358555331605, 0.6671525831906512
0.9052358555331605, 0.6671525831906512
0.9052358555331605, 0.6671525831906512
0.9052358555331605, 0.6671525831906512
0.9052358555331605, 0.6671525831906512
0.9052358555331605, 0.6671525831906512
0.9052358555331605, 0.6671525831906512
0.9052358555331605, 0.6671525831906512
0.7928280609956847, 0.39987835889914913
0.7928280609956847, 0.39987835889914913
0.7928280609956847, 0.39987835889914913
0.7928280609956847, 0.39987835889914913
0.7928280609956847, 0.39987835889914913
0.7928280609956847, 0.39987835889914913
0.7928280609956847, 0.39987835889914913
0.7928280609956847, 0.39987835889914913
0.7928280609956847, 0.39987835889914913
0.7928280609956847, 0.39987835889914913
0.17016252832396983, 0.6172091715487735
0.17016252832396983, 0.6172091715487735
0.17016252832396983, 0.6172091715487735
0.17016252832396983, 0.6172091715487735
0.17016252832396983, 0.6172091715487735
0.17016252832396983, 0.6172091715487735
0.17016252832396983, 0.6172091715487735
0.17016252832396983, 0.6172091715487735
0.17016252832396983, 0.6172091715487735
0.17016252832396983, 0.6172091715487735
0.4051634954086918, 0.6814579547522571
0.4051634954086918, 0.6814579547522571
0.4051634954086918, 0.6814579547522571
0.4051634954086918, 0.6814579547522571
0.4051634954086918, 0.6814579547522571
0.4051634954086918, 0.6814579547522571
0.4051634954086918, 0.6814579547522571
0.4051634954086918, 0.6814579547522571
0.4051634954086918, 0.6814579547522571
0.4051634954086918, 0.6814579547522571
0.24619021011900621, 0.7557881854767157
0.24619021011900621, 0.7557881854767157
0.24619021011900621, 0.7557881854767157
0.24619021011900621, 0.7557881854767157
0.24619021011900621, 0.7557881854767157
0.24619021011900621, 0.7557881854767157
0.24619021011900621, 0.7557881854767157
0.24619021011900621, 0.7557881854767157
0.24619021011900621, 0.7557881854767157
0.24619021011900621, 0.7557881854767157
