1e-05
0.03155089277195566, 0.4957015808688541
0.03155089277195566, 0.4957015808688541
0.03155089277195566, 0.4957015808688541
0.03155089277195566, 0.4957015808688541
0.03155089277195566, 0.4957015808688541
0.03155089277195566, 0.4957015808688541
0.03155089277195566, 0.4957015808688541
0.03155089277195566, 0.4957015808688541
0.03155089277195566, 0.4957015808688541
0.03155089277195566, 0.4957015808688541
0.16397166407308228, 0.7770676602262742
0.16397166407308228, 0.7770676602262742
0.16397166407308228, 0.7770676602262742
0.16397166407308228, 0.7770676602262742
0.16397166407308228, 0.7770676602262742
0.16397166407308228, 0.7770676602262742
0.16397166407308228, 0.7770676602262742
0.16397166407308228, 0.7770676602262742
0.16397166407308228, 0.7770676602262742
0.16397166407308228, 0.7770676602262742
0.8745546573848823, 0.5181255223553928
0.8745546573848823, 0.5181255223553928
0.8745546573848823, 0.5181255223553928
0.8745546573848823, 0.5181255223553928
0.8745546573848823, 0.5181255223553928
0.8745546573848823, 0.5181255223553928
0.8745546573848823, 0.5181255223553928
0.8745546573848823, 0.5181255223553928
0.8745546573848823, 0.5181255223553928
0.8745546573848823, 0.5181255223553928
0.6478729521445957, 0.6216483402356926
0.6478729521445957, 0.6216483402356926
0.6478729521445957, 0.6216483402356926
0.6478729521445957, 0.6216483402356926
0.6478729521445957, 0.6216483402356926
0.6478729521445957, 0.6216483402356926
0.6478729521445957, 0.6216483402356926
0.6478729521445957, 0.6216483402356926
0.6478729521445957, 0.6216483402356926
0.6478729521445957, 0.6216483402356926
0.19092866335730596, 0.525489094245228
0.19092866335730596, 0.525489094245228
0.19092866335730596, 0.525489094245228
0.19092866335730596, 0.525489094245228
0.19092866335730596, 0.525489094245228
0.19092866335730596, 0.525489094245228
0.19092866335730596, 0.525489094245228
0.19092866335730596, 0.525489094245228
0.19092866335730596, 0.525489094245228
0.19092866335730596, 0.525489094245228
0.5053815336924216, 0.7992458483311272
0.5053815336924216, 0.7992458483311272
0.5053815336924216, 0.7992458483311272
0.5053815336924216, 0.7992458483311272
0.5053815336924216, 0.7992458483311272
0.5053815336924216, 0.7992458483311272
0.5053815336924216, 0.7992458483311272
0.5053815336924216, 0.7992458483311272
0.5053815336924216, 0.7992458483311272
0.5053815336924216, 0.7992458483311272
0.8507993210941033, 0.6114868386307076
0.8507993210941033, 0.6114868386307076
0.8507993210941033, 0.6114868386307076
0.8507993210941033, 0.6114868386307076
0.8507993210941033, 0.6114868386307076
0.8507993210941033, 0.6114868386307076
0.8507993210941033, 0.6114868386307076
0.8507993210941033, 0.6114868386307076
0.8507993210941033, 0.6114868386307076
0.8507993210941033, 0.6114868386307076
0.7822447194637298, 0.02504245405061678
0.7822447194637298, 0.02504245405061678
0.7822447194637298, 0.02504245405061678
0.7822447194637298, 0.02504245405061678
0.7822447194637298, 0.02504245405061678
0.7822447194637298, 0.02504245405061678
0.7822447194637298, 0.02504245405061678
0.7822447194637298, 0.02504245405061678
0.7822447194637298, 0.02504245405061678
0.7822447194637298, 0.02504245405061678
0.7678430687906728, 0.16412863008824374
0.7678430687906728, 0.16412863008824374
0.7678430687906728, 0.16412863008824374
0.7678430687906728, 0.16412863008824374
0.7678430687906728, 0.16412863008824374
0.7678430687906728, 0.16412863008824374
0.7678430687906728, 0.16412863008824374
0.7678430687906728, 0.16412863008824374
0.7678430687906728, 0.16412863008824374
0.7678430687906728, 0.16412863008824374
0.32156597562432887, 0.9852702780286539
0.32156597562432887, 0.9852702780286539
0.32156597562432887, 0.9852702780286539
0.32156597562432887, 0.9852702780286539
0.32156597562432887, 0.9852702780286539
0.32156597562432887, 0.9852702780286539
0.32156597562432887, 0.9852702780286539
0.32156597562432887, 0.9852702780286539
0.32156597562432887, 0.9852702780286539
0.32156597562432887, 0.9852702780286539
