1e-05
0.9865225379090479, 0.23323415056576324
0.9865225379090479, 0.23323415056576324
0.9865225379090479, 0.23323415056576324
0.9865225379090479, 0.23323415056576324
0.9865225379090479, 0.23323415056576324
0.9865225379090479, 0.23323415056576324
0.9865225379090479, 0.23323415056576324
0.9865225379090479, 0.23323415056576324
0.9865225379090479, 0.23323415056576324
0.9865225379090479, 0.23323415056576324
0.7163263305078752, 0.16253904712812817
0.7163263305078752, 0.16253904712812817
0.7163263305078752, 0.16253904712812817
0.7163263305078752, 0.16253904712812817
0.7163263305078752, 0.16253904712812817
0.7163263305078752, 0.16253904712812817
0.7163263305078752, 0.16253904712812817
0.7163263305078752, 0.16253904712812817
0.7163263305078752, 0.16253904712812817
0.7163263305078752, 0.16253904712812817
0.25991874199688325, 0.7890803563771541
0.25991874199688325, 0.7890803563771541
0.25991874199688325, 0.7890803563771541
0.25991874199688325, 0.7890803563771541
0.25991874199688325, 0.7890803563771541
0.25991874199688325, 0.7890803563771541
0.25991874199688325, 0.7890803563771541
0.25991874199688325, 0.7890803563771541
0.25991874199688325, 0.7890803563771541
0.25991874199688325, 0.7890803563771541
0.8021915074784416, 0.954712029550698
0.8021915074784416, 0.954712029550698
0.8021915074784416, 0.954712029550698
0.8021915074784416, 0.954712029550698
0.8021915074784416, 0.954712029550698
0.8021915074784416, 0.954712029550698
0.8021915074784416, 0.954712029550698
0.8021915074784416, 0.954712029550698
0.8021915074784416, 0.954712029550698
0.8021915074784416, 0.954712029550698
0.7658712374882083, 0.09747829757955839
0.7658712374882083, 0.09747829757955839
0.7658712374882083, 0.09747829757955839
0.7658712374882083, 0.09747829757955839
0.7658712374882083, 0.09747829757955839
0.7658712374882083, 0.09747829757955839
0.7658712374882083, 0.09747829757955839
0.7658712374882083, 0.09747829757955839
0.7658712374882083, 0.09747829757955839
0.7658712374882083, 0.09747829757955839
0.5735082381959392, 0.500910757281965
0.5735082381959392, 0.500910757281965
0.5735082381959392, 0.500910757281965
0.5735082381959392, 0.500910757281965
0.5735082381959392, 0.500910757281965
0.5735082381959392, 0.500910757281965
0.5735082381959392, 0.500910757281965
0.5735082381959392, 0.500910757281965
0.5735082381959392, 0.500910757281965
0.5735082381959392, 0.500910757281965
0.43320934849209813, 0.3788977806254793
0.43320934849209813, 0.3788977806254793
0.43320934849209813, 0.3788977806254793
0.43320934849209813, 0.3788977806254793
0.43320934849209813, 0.3788977806254793
0.43320934849209813, 0.3788977806254793
0.43320934849209813, 0.3788977806254793
0.43320934849209813, 0.3788977806254793
0.43320934849209813, 0.3788977806254793
0.43320934849209813, 0.3788977806254793
0.6312716540241186, 0.1741650918832096
0.6312716540241186, 0.1741650918832096
0.6312716540241186, 0.1741650918832096
0.6312716540241186, 0.1741650918832096
0.6312716540241186, 0.1741650918832096
0.6312716540241186, 0.1741650918832096
0.6312716540241186, 0.1741650918832096
0.6312716540241186, 0.1741650918832096
0.6312716540241186, 0.1741650918832096
0.6312716540241186, 0.1741650918832096
0.6429528905269183, 0.5495533749422171
0.6429528905269183, 0.5495533749422171
0.6429528905269183, 0.5495533749422171
0.6429528905269183, 0.5495533749422171
0.6429528905269183, 0.5495533749422171
0.6429528905269183, 0.5495533749422171
0.6429528905269183, 0.5495533749422171
0.6429528905269183, 0.5495533749422171
0.6429528905269183, 0.5495533749422171
0.6429528905269183, 0.5495533749422171
0.3942915300576636, 0.418015328259714
0.3942915300576636, 0.418015328259714
0.3942915300576636, 0.418015328259714
0.3942915300576636, 0.418015328259714
0.3942915300576636, 0.418015328259714
0.3942915300576636, 0.418015328259714
0.3942915300576636, 0.418015328259714
0.3942915300576636, 0.418015328259714
0.3942915300576636, 0.418015328259714
0.3942915300576636, 0.418015328259714
