1e-05
0.7954774959361537, 0.6215054918732532
0.7954774959361537, 0.6215054918732532
0.7954774959361537, 0.6215054918732532
0.7954774959361537, 0.6215054918732532
0.7954774959361537, 0.6215054918732532
0.7954774959361537, 0.6215054918732532
0.7954774959361537, 0.6215054918732532
0.7954774959361537, 0.6215054918732532
0.7954774959361537, 0.6215054918732532
0.7954774959361537, 0.6215054918732532
0.0471880910336151, 0.8935877481425442
0.0471880910336151, 0.8935877481425442
0.0471880910336151, 0.8935877481425442
0.0471880910336151, 0.8935877481425442
0.0471880910336151, 0.8935877481425442
0.0471880910336151, 0.8935877481425442
0.0471880910336151, 0.8935877481425442
0.0471880910336151, 0.8935877481425442
0.0471880910336151, 0.8935877481425442
0.0471880910336151, 0.8935877481425442
0.2224577437026629, 0.45934046674112483
0.2224577437026629, 0.45934046674112483
0.2224577437026629, 0.45934046674112483
0.2224577437026629, 0.45934046674112483
0.2224577437026629, 0.45934046674112483
0.2224577437026629, 0.45934046674112483
0.2224577437026629, 0.45934046674112483
0.2224577437026629, 0.45934046674112483
0.2224577437026629, 0.45934046674112483
0.2224577437026629, 0.45934046674112483
0.00650291352330179, 0.8236644694183309
0.00650291352330179, 0.8236644694183309
0.00650291352330179, 0.8236644694183309
0.00650291352330179, 0.8236644694183309
0.00650291352330179, 0.8236644694183309
0.00650291352330179, 0.8236644694183309
0.00650291352330179, 0.8236644694183309
0.00650291352330179, 0.8236644694183309
0.00650291352330179, 0.8236644694183309
0.00650291352330179, 0.8236644694183309
0.1473267312447829, 0.22527621431246458
0.1473267312447829, 0.22527621431246458
0.1473267312447829, 0.22527621431246458
0.1473267312447829, 0.22527621431246458
0.1473267312447829, 0.22527621431246458
0.1473267312447829, 0.22527621431246458
0.1473267312447829, 0.22527621431246458
0.1473267312447829, 0.22527621431246458
0.1473267312447829, 0.22527621431246458
0.1473267312447829, 0.22527621431246458
0.4291023192463608, 0.126074230785857
0.4291023192463608, 0.126074230785857
0.4291023192463608, 0.126074230785857
0.4291023192463608, 0.126074230785857
0.4291023192463608, 0.126074230785857
0.4291023192463608, 0.126074230785857
0.4291023192463608, 0.126074230785857
0.4291023192463608, 0.126074230785857
0.4291023192463608, 0.126074230785857
0.4291023192463608, 0.126074230785857
0.4757254022276153, 0.9240241321183829
0.4757254022276153, 0.9240241321183829
0.4757254022276153, 0.9240241321183829
0.4757254022276153, 0.9240241321183829
0.4757254022276153, 0.9240241321183829
0.4757254022276153, 0.9240241321183829
0.4757254022276153, 0.9240241321183829
0.4757254022276153, 0.9240241321183829
0.4757254022276153, 0.9240241321183829
0.4757254022276153, 0.9240241321183829
0.14059734835362137, 0.8466397263787037
0.14059734835362137, 0.8466397263787037
0.14059734835362137, 0.8466397263787037
0.14059734835362137, 0.8466397263787037
0.14059734835362137, 0.8466397263787037
0.14059734835362137, 0.8466397263787037
0.14059734835362137, 0.8466397263787037
0.14059734835362137, 0.8466397263787037
0.14059734835362137, 0.8466397263787037
0.14059734835362137, 0.8466397263787037
0.9351081317415042, 0.6379161073699273
0.9351081317415042, 0.6379161073699273
0.9351081317415042, 0.6379161073699273
0.9351081317415042, 0.6379161073699273
0.9351081317415042, 0.6379161073699273
0.9351081317415042, 0.6379161073699273
0.9351081317415042, 0.6379161073699273
0.9351081317415042, 0.6379161073699273
0.9351081317415042, 0.6379161073699273
0.9351081317415042, 0.6379161073699273
0.6913846831414083, 0.8743864727143522
0.6913846831414083, 0.8743864727143522
0.6913846831414083, 0.8743864727143522
0.6913846831414083, 0.8743864727143522
0.6913846831414083, 0.8743864727143522
0.6913846831414083, 0.8743864727143522
0.6913846831414083, 0.8743864727143522
0.6913846831414083, 0.8743864727143522
0.6913846831414083, 0.8743864727143522
0.6913846831414083, 0.8743864727143522
