1e-05
0.5877472853045402, 0.32689730779261783
0.5877472853045402, 0.32689730779261783
0.5877472853045402, 0.32689730779261783
0.5877472853045402, 0.32689730779261783
0.5877472853045402, 0.32689730779261783
0.5877472853045402, 0.32689730779261783
0.5877472853045402, 0.32689730779261783
0.5877472853045402, 0.32689730779261783
0.5877472853045402, 0.32689730779261783
0.5877472853045402, 0.32689730779261783
0.5714558526484802, 0.061429653630731496
0.5714558526484802, 0.061429653630731496
0.5714558526484802, 0.061429653630731496
0.5714558526484802, 0.061429653630731496
0.5714558526484802, 0.061429653630731496
0.5714558526484802, 0.061429653630731496
0.5714558526484802, 0.061429653630731496
0.5714558526484802, 0.061429653630731496
0.5714558526484802, 0.061429653630731496
0.5714558526484802, 0.061429653630731496
0.43295048535813396, 0.3358490143399613
0.43295048535813396, 0.3358490143399613
0.43295048535813396, 0.3358490143399613
0.43295048535813396, 0.3358490143399613
0.43295048535813396, 0.3358490143399613
0.43295048535813396, 0.3358490143399613
0.43295048535813396, 0.3358490143399613
0.43295048535813396, 0.3358490143399613
0.43295048535813396, 0.3358490143399613
0.43295048535813396, 0.3358490143399613
0.6584817140014245, 0.8280015975670917
0.6584817140014245, 0.8280015975670917
0.6584817140014245, 0.8280015975670917
0.6584817140014245, 0.8280015975670917
0.6584817140014245, 0.8280015975670917
0.6584817140014245, 0.8280015975670917
0.6584817140014245, 0.8280015975670917
0.6584817140014245, 0.8280015975670917
0.6584817140014245, 0.8280015975670917
0.6584817140014245, 0.8280015975670917
0.47254785238275687, 0.6985828147513514
0.47254785238275687, 0.6985828147513514
0.47254785238275687, 0.6985828147513514
0.47254785238275687, 0.6985828147513514
0.47254785238275687, 0.6985828147513514
0.47254785238275687, 0.6985828147513514
0.47254785238275687, 0.6985828147513514
0.47254785238275687, 0.6985828147513514
0.47254785238275687, 0.6985828147513514
0.47254785238275687, 0.6985828147513514
0.09116559156894388, 0.35952536699320103
0.09116559156894388, 0.35952536699320103
0.09116559156894388, 0.35952536699320103
0.09116559156894388, 0.35952536699320103
0.09116559156894388, 0.35952536699320103
0.09116559156894388, 0.35952536699320103
0.09116559156894388, 0.35952536699320103
0.09116559156894388, 0.35952536699320103
0.09116559156894388, 0.35952536699320103
0.09116559156894388, 0.35952536699320103
0.8857000805735398, 0.44233694283562286
0.8857000805735398, 0.44233694283562286
0.8857000805735398, 0.44233694283562286
0.8857000805735398, 0.44233694283562286
0.8857000805735398, 0.44233694283562286
0.8857000805735398, 0.44233694283562286
0.8857000805735398, 0.44233694283562286
0.8857000805735398, 0.44233694283562286
0.8857000805735398, 0.44233694283562286
0.8857000805735398, 0.44233694283562286
0.9319768855898726, 0.9900463030246929
0.9319768855898726, 0.9900463030246929
0.9319768855898726, 0.9900463030246929
0.9319768855898726, 0.9900463030246929
0.9319768855898726, 0.9900463030246929
0.9319768855898726, 0.9900463030246929
0.9319768855898726, 0.9900463030246929
0.9319768855898726, 0.9900463030246929
0.9319768855898726, 0.9900463030246929
0.9319768855898726, 0.9900463030246929
0.6647536327868194, 0.9440673076853745
0.6647536327868194, 0.9440673076853745
0.6647536327868194, 0.9440673076853745
0.6647536327868194, 0.9440673076853745
0.6647536327868194, 0.9440673076853745
0.6647536327868194, 0.9440673076853745
0.6647536327868194, 0.9440673076853745
0.6647536327868194, 0.9440673076853745
0.6647536327868194, 0.9440673076853745
0.6647536327868194, 0.9440673076853745
0.48459127229214227, 0.822572879727084
0.48459127229214227, 0.822572879727084
0.48459127229214227, 0.822572879727084
0.48459127229214227, 0.822572879727084
0.48459127229214227, 0.822572879727084
0.48459127229214227, 0.822572879727084
0.48459127229214227, 0.822572879727084
0.48459127229214227, 0.822572879727084
0.48459127229214227, 0.822572879727084
0.48459127229214227, 0.822572879727084
