1e-05
0.06501381721960164, 0.33221861090984794
0.06501381721960164, 0.33221861090984794
0.06501381721960164, 0.33221861090984794
0.06501381721960164, 0.33221861090984794
0.06501381721960164, 0.33221861090984794
0.06501381721960164, 0.33221861090984794
0.06501381721960164, 0.33221861090984794
0.06501381721960164, 0.33221861090984794
0.06501381721960164, 0.33221861090984794
0.06501381721960164, 0.33221861090984794
0.8224408270531423, 0.308780008572868
0.8224408270531423, 0.308780008572868
0.8224408270531423, 0.308780008572868
0.8224408270531423, 0.308780008572868
0.8224408270531423, 0.308780008572868
0.8224408270531423, 0.308780008572868
0.8224408270531423, 0.308780008572868
0.8224408270531423, 0.308780008572868
0.8224408270531423, 0.308780008572868
0.8224408270531423, 0.308780008572868
0.3727912462071119, 0.42273854714036585
0.3727912462071119, 0.42273854714036585
0.3727912462071119, 0.42273854714036585
0.3727912462071119, 0.42273854714036585
0.3727912462071119, 0.42273854714036585
0.3727912462071119, 0.42273854714036585
0.3727912462071119, 0.42273854714036585
0.3727912462071119, 0.42273854714036585
0.3727912462071119, 0.42273854714036585
0.3727912462071119, 0.42273854714036585
0.4971933424158673, 0.0468447355784104
0.4971933424158673, 0.0468447355784104
0.4971933424158673, 0.0468447355784104
0.4971933424158673, 0.0468447355784104
0.4971933424158673, 0.0468447355784104
0.4971933424158673, 0.0468447355784104
0.4971933424158673, 0.0468447355784104
0.4971933424158673, 0.0468447355784104
0.4971933424158673, 0.0468447355784104
0.4971933424158673, 0.0468447355784104
0.48762422505668135, 0.8128321199307004
0.48762422505668135, 0.8128321199307004
0.48762422505668135, 0.8128321199307004
0.48762422505668135, 0.8128321199307004
0.48762422505668135, 0.8128321199307004
0.48762422505668135, 0.8128321199307004
0.48762422505668135, 0.8128321199307004
0.48762422505668135, 0.8128321199307004
0.48762422505668135, 0.8128321199307004
0.48762422505668135, 0.8128321199307004
0.47651955642278243, 0.18814383998294504
0.47651955642278243, 0.18814383998294504
0.47651955642278243, 0.18814383998294504
0.47651955642278243, 0.18814383998294504
0.47651955642278243, 0.18814383998294504
0.47651955642278243, 0.18814383998294504
0.47651955642278243, 0.18814383998294504
0.47651955642278243, 0.18814383998294504
0.47651955642278243, 0.18814383998294504
0.47651955642278243, 0.18814383998294504
0.03900240421462675, 0.5233342533843414
0.03900240421462675, 0.5233342533843414
0.03900240421462675, 0.5233342533843414
0.03900240421462675, 0.5233342533843414
0.03900240421462675, 0.5233342533843414
0.03900240421462675, 0.5233342533843414
0.03900240421462675, 0.5233342533843414
0.03900240421462675, 0.5233342533843414
0.03900240421462675, 0.5233342533843414
0.03900240421462675, 0.5233342533843414
0.19081066186941065, 0.11253671721566871
0.19081066186941065, 0.11253671721566871
0.19081066186941065, 0.11253671721566871
0.19081066186941065, 0.11253671721566871
0.19081066186941065, 0.11253671721566871
0.19081066186941065, 0.11253671721566871
0.19081066186941065, 0.11253671721566871
0.19081066186941065, 0.11253671721566871
0.19081066186941065, 0.11253671721566871
0.19081066186941065, 0.11253671721566871
0.544216385152229, 0.03056454350714688
0.544216385152229, 0.03056454350714688
0.544216385152229, 0.03056454350714688
0.544216385152229, 0.03056454350714688
0.544216385152229, 0.03056454350714688
0.544216385152229, 0.03056454350714688
0.544216385152229, 0.03056454350714688
0.544216385152229, 0.03056454350714688
0.544216385152229, 0.03056454350714688
0.544216385152229, 0.03056454350714688
0.6709627971669679, 0.7878557823022765
0.6709627971669679, 0.7878557823022765
0.6709627971669679, 0.7878557823022765
0.6709627971669679, 0.7878557823022765
0.6709627971669679, 0.7878557823022765
0.6709627971669679, 0.7878557823022765
0.6709627971669679, 0.7878557823022765
0.6709627971669679, 0.7878557823022765
0.6709627971669679, 0.7878557823022765
0.6709627971669679, 0.7878557823022765
