1e-05
0.4112525928717776, 0.5808592898537923
0.4112525928717776, 0.5808592898537923
0.4112525928717776, 0.5808592898537923
0.4112525928717776, 0.5808592898537923
0.4112525928717776, 0.5808592898537923
0.4112525928717776, 0.5808592898537923
0.4112525928717776, 0.5808592898537923
0.4112525928717776, 0.5808592898537923
0.4112525928717776, 0.5808592898537923
0.4112525928717776, 0.5808592898537923
0.6819750961065421, 0.16827425374340632
0.6819750961065421, 0.16827425374340632
0.6819750961065421, 0.16827425374340632
0.6819750961065421, 0.16827425374340632
0.6819750961065421, 0.16827425374340632
0.6819750961065421, 0.16827425374340632
0.6819750961065421, 0.16827425374340632
0.6819750961065421, 0.16827425374340632
0.6819750961065421, 0.16827425374340632
0.6819750961065421, 0.16827425374340632
0.12798769411702238, 0.03693808975606683
0.12798769411702238, 0.03693808975606683
0.12798769411702238, 0.03693808975606683
0.12798769411702238, 0.03693808975606683
0.12798769411702238, 0.03693808975606683
0.12798769411702238, 0.03693808975606683
0.12798769411702238, 0.03693808975606683
0.12798769411702238, 0.03693808975606683
0.12798769411702238, 0.03693808975606683
0.12798769411702238, 0.03693808975606683
0.325552265894707, 0.5233513639804307
0.325552265894707, 0.5233513639804307
0.325552265894707, 0.5233513639804307
0.325552265894707, 0.5233513639804307
0.325552265894707, 0.5233513639804307
0.325552265894707, 0.5233513639804307
0.325552265894707, 0.5233513639804307
0.325552265894707, 0.5233513639804307
0.325552265894707, 0.5233513639804307
0.325552265894707, 0.5233513639804307
0.6287842520380771, 0.011792765767757007
0.6287842520380771, 0.011792765767757007
0.6287842520380771, 0.011792765767757007
0.6287842520380771, 0.011792765767757007
0.6287842520380771, 0.011792765767757007
0.6287842520380771, 0.011792765767757007
0.6287842520380771, 0.011792765767757007
0.6287842520380771, 0.011792765767757007
0.6287842520380771, 0.011792765767757007
0.6287842520380771, 0.011792765767757007
0.702058089476339, 0.37352738445720657
0.702058089476339, 0.37352738445720657
0.702058089476339, 0.37352738445720657
0.702058089476339, 0.37352738445720657
0.702058089476339, 0.37352738445720657
0.702058089476339, 0.37352738445720657
0.702058089476339, 0.37352738445720657
0.702058089476339, 0.37352738445720657
0.702058089476339, 0.37352738445720657
0.702058089476339, 0.37352738445720657
0.5165263065889669, 0.5054005506673385
0.5165263065889669, 0.5054005506673385
0.5165263065889669, 0.5054005506673385
0.5165263065889669, 0.5054005506673385
0.5165263065889669, 0.5054005506673385
0.5165263065889669, 0.5054005506673385
0.5165263065889669, 0.5054005506673385
0.5165263065889669, 0.5054005506673385
0.5165263065889669, 0.5054005506673385
0.5165263065889669, 0.5054005506673385
0.09844635493265907, 0.5283322366556968
0.09844635493265907, 0.5283322366556968
0.09844635493265907, 0.5283322366556968
0.09844635493265907, 0.5283322366556968
0.09844635493265907, 0.5283322366556968
0.09844635493265907, 0.5283322366556968
0.09844635493265907, 0.5283322366556968
0.09844635493265907, 0.5283322366556968
0.09844635493265907, 0.5283322366556968
0.09844635493265907, 0.5283322366556968
0.8269836699599092, 0.05117383569892431
0.8269836699599092, 0.05117383569892431
0.8269836699599092, 0.05117383569892431
0.8269836699599092, 0.05117383569892431
0.8269836699599092, 0.05117383569892431
0.8269836699599092, 0.05117383569892431
0.8269836699599092, 0.05117383569892431
0.8269836699599092, 0.05117383569892431
0.8269836699599092, 0.05117383569892431
0.8269836699599092, 0.05117383569892431
0.5993785738381621, 0.9386688972426932
0.5993785738381621, 0.9386688972426932
0.5993785738381621, 0.9386688972426932
0.5993785738381621, 0.9386688972426932
0.5993785738381621, 0.9386688972426932
0.5993785738381621, 0.9386688972426932
0.5993785738381621, 0.9386688972426932
0.5993785738381621, 0.9386688972426932
0.5993785738381621, 0.9386688972426932
0.5993785738381621, 0.9386688972426932
