1e-05
0.6335699561672534, 0.753095692774982
0.6335699561672534, 0.753095692774982
0.6335699561672534, 0.753095692774982
0.6335699561672534, 0.753095692774982
0.6335699561672534, 0.753095692774982
0.6335699561672534, 0.753095692774982
0.6335699561672534, 0.753095692774982
0.6335699561672534, 0.753095692774982
0.6335699561672534, 0.753095692774982
0.6335699561672534, 0.753095692774982
0.6549205558146368, 0.9081088343040818
0.6549205558146368, 0.9081088343040818
0.6549205558146368, 0.9081088343040818
0.6549205558146368, 0.9081088343040818
0.6549205558146368, 0.9081088343040818
0.6549205558146368, 0.9081088343040818
0.6549205558146368, 0.9081088343040818
0.6549205558146368, 0.9081088343040818
0.6549205558146368, 0.9081088343040818
0.6549205558146368, 0.9081088343040818
0.9234779395509882, 0.029181071611679044
0.9234779395509882, 0.029181071611679044
0.9234779395509882, 0.029181071611679044
0.9234779395509882, 0.029181071611679044
0.9234779395509882, 0.029181071611679044
0.9234779395509882, 0.029181071611679044
0.9234779395509882, 0.029181071611679044
0.9234779395509882, 0.029181071611679044
0.9234779395509882, 0.029181071611679044
0.9234779395509882, 0.029181071611679044
0.6567276227933704, 0.6736600311590778
0.6567276227933704, 0.6736600311590778
0.6567276227933704, 0.6736600311590778
0.6567276227933704, 0.6736600311590778
0.6567276227933704, 0.6736600311590778
0.6567276227933704, 0.6736600311590778
0.6567276227933704, 0.6736600311590778
0.6567276227933704, 0.6736600311590778
0.6567276227933704, 0.6736600311590778
0.6567276227933704, 0.6736600311590778
0.8281754941063878, 0.15495378343148725
0.8281754941063878, 0.15495378343148725
0.8281754941063878, 0.15495378343148725
0.8281754941063878, 0.15495378343148725
0.8281754941063878, 0.15495378343148725
0.8281754941063878, 0.15495378343148725
0.8281754941063878, 0.15495378343148725
0.8281754941063878, 0.15495378343148725
0.8281754941063878, 0.15495378343148725
0.8281754941063878, 0.15495378343148725
0.34019568794526966, 0.5271682436723986
0.34019568794526966, 0.5271682436723986
0.34019568794526966, 0.5271682436723986
0.34019568794526966, 0.5271682436723986
0.34019568794526966, 0.5271682436723986
0.34019568794526966, 0.5271682436723986
0.34019568794526966, 0.5271682436723986
0.34019568794526966, 0.5271682436723986
0.34019568794526966, 0.5271682436723986
0.34019568794526966, 0.5271682436723986
0.942733640590436, 0.7635621000621307
0.942733640590436, 0.7635621000621307
0.942733640590436, 0.7635621000621307
0.942733640590436, 0.7635621000621307
0.942733640590436, 0.7635621000621307
0.942733640590436, 0.7635621000621307
0.942733640590436, 0.7635621000621307
0.942733640590436, 0.7635621000621307
0.942733640590436, 0.7635621000621307
0.942733640590436, 0.7635621000621307
0.7765400532938878, 0.20860961496111152
0.7765400532938878, 0.20860961496111152
0.7765400532938878, 0.20860961496111152
0.7765400532938878, 0.20860961496111152
0.7765400532938878, 0.20860961496111152
0.7765400532938878, 0.20860961496111152
0.7765400532938878, 0.20860961496111152
0.7765400532938878, 0.20860961496111152
0.7765400532938878, 0.20860961496111152
0.7765400532938878, 0.20860961496111152
0.43370297871959973, 0.5101955408140469
0.43370297871959973, 0.5101955408140469
0.43370297871959973, 0.5101955408140469
0.43370297871959973, 0.5101955408140469
0.43370297871959973, 0.5101955408140469
0.43370297871959973, 0.5101955408140469
0.43370297871959973, 0.5101955408140469
0.43370297871959973, 0.5101955408140469
0.43370297871959973, 0.5101955408140469
0.43370297871959973, 0.5101955408140469
0.14256590485827725, 0.6801760488223658
0.14256590485827725, 0.6801760488223658
0.14256590485827725, 0.6801760488223658
0.14256590485827725, 0.6801760488223658
0.14256590485827725, 0.6801760488223658
0.14256590485827725, 0.6801760488223658
0.14256590485827725, 0.6801760488223658
0.14256590485827725, 0.6801760488223658
0.14256590485827725, 0.6801760488223658
0.14256590485827725, 0.6801760488223658
