1e-05
0.6516629641284811, 0.4415563390998404
0.6516629641284811, 0.4415563390998404
0.6516629641284811, 0.4415563390998404
0.6516629641284811, 0.4415563390998404
0.6516629641284811, 0.4415563390998404
0.6516629641284811, 0.4415563390998404
0.6516629641284811, 0.4415563390998404
0.6516629641284811, 0.4415563390998404
0.6516629641284811, 0.4415563390998404
0.6516629641284811, 0.4415563390998404
0.7879299442072837, 0.8762473483747729
0.7879299442072837, 0.8762473483747729
0.7879299442072837, 0.8762473483747729
0.7879299442072837, 0.8762473483747729
0.7879299442072837, 0.8762473483747729
0.7879299442072837, 0.8762473483747729
0.7879299442072837, 0.8762473483747729
0.7879299442072837, 0.8762473483747729
0.7879299442072837, 0.8762473483747729
0.7879299442072837, 0.8762473483747729
0.5660934487700254, 0.7029760645714732
0.5660934487700254, 0.7029760645714732
0.5660934487700254, 0.7029760645714732
0.5660934487700254, 0.7029760645714732
0.5660934487700254, 0.7029760645714732
0.5660934487700254, 0.7029760645714732
0.5660934487700254, 0.7029760645714732
0.5660934487700254, 0.7029760645714732
0.5660934487700254, 0.7029760645714732
0.5660934487700254, 0.7029760645714732
0.7804133909939202, 0.5680139321639905
0.7804133909939202, 0.5680139321639905
0.7804133909939202, 0.5680139321639905
0.7804133909939202, 0.5680139321639905
0.7804133909939202, 0.5680139321639905
0.7804133909939202, 0.5680139321639905
0.7804133909939202, 0.5680139321639905
0.7804133909939202, 0.5680139321639905
0.7804133909939202, 0.5680139321639905
0.7804133909939202, 0.5680139321639905
0.8066994220344776, 0.2868206724237763
0.8066994220344776, 0.2868206724237763
0.8066994220344776, 0.2868206724237763
0.8066994220344776, 0.2868206724237763
0.8066994220344776, 0.2868206724237763
0.8066994220344776, 0.2868206724237763
0.8066994220344776, 0.2868206724237763
0.8066994220344776, 0.2868206724237763
0.8066994220344776, 0.2868206724237763
0.8066994220344776, 0.2868206724237763
0.4337466588693494, 0.45347161381734047
0.4337466588693494, 0.45347161381734047
0.4337466588693494, 0.45347161381734047
0.4337466588693494, 0.45347161381734047
0.4337466588693494, 0.45347161381734047
0.4337466588693494, 0.45347161381734047
0.4337466588693494, 0.45347161381734047
0.4337466588693494, 0.45347161381734047
0.4337466588693494, 0.45347161381734047
0.4337466588693494, 0.45347161381734047
0.412509302815667, 0.380896318658699
0.412509302815667, 0.380896318658699
0.412509302815667, 0.380896318658699
0.412509302815667, 0.380896318658699
0.412509302815667, 0.380896318658699
0.412509302815667, 0.380896318658699
0.412509302815667, 0.380896318658699
0.412509302815667, 0.380896318658699
0.412509302815667, 0.380896318658699
0.412509302815667, 0.380896318658699
0.27169469209574515, 0.5608584044662834
0.27169469209574515, 0.5608584044662834
0.27169469209574515, 0.5608584044662834
0.27169469209574515, 0.5608584044662834
0.27169469209574515, 0.5608584044662834
0.27169469209574515, 0.5608584044662834
0.27169469209574515, 0.5608584044662834
0.27169469209574515, 0.5608584044662834
0.27169469209574515, 0.5608584044662834
0.27169469209574515, 0.5608584044662834
0.6022174670381019, 0.03853060266888986
0.6022174670381019, 0.03853060266888986
0.6022174670381019, 0.03853060266888986
0.6022174670381019, 0.03853060266888986
0.6022174670381019, 0.03853060266888986
0.6022174670381019, 0.03853060266888986
0.6022174670381019, 0.03853060266888986
0.6022174670381019, 0.03853060266888986
0.6022174670381019, 0.03853060266888986
0.6022174670381019, 0.03853060266888986
0.6869628985525333, 0.2840496483416095
0.6869628985525333, 0.2840496483416095
0.6869628985525333, 0.2840496483416095
0.6869628985525333, 0.2840496483416095
0.6869628985525333, 0.2840496483416095
0.6869628985525333, 0.2840496483416095
0.6869628985525333, 0.2840496483416095
0.6869628985525333, 0.2840496483416095
0.6869628985525333, 0.2840496483416095
0.6869628985525333, 0.2840496483416095
