1e-05
0.2127266932508941, 0.9739882174769637
0.2127266932508941, 0.9739882174769637
0.2127266932508941, 0.9739882174769637
0.2127266932508941, 0.9739882174769637
0.2127266932508941, 0.9739882174769637
0.2127266932508941, 0.9739882174769637
0.2127266932508941, 0.9739882174769637
0.2127266932508941, 0.9739882174769637
0.2127266932508941, 0.9739882174769637
0.2127266932508941, 0.9739882174769637
0.6394555588976205, 0.38759390384582637
0.6394555588976205, 0.38759390384582637
0.6394555588976205, 0.38759390384582637
0.6394555588976205, 0.38759390384582637
0.6394555588976205, 0.38759390384582637
0.6394555588976205, 0.38759390384582637
0.6394555588976205, 0.38759390384582637
0.6394555588976205, 0.38759390384582637
0.6394555588976205, 0.38759390384582637
0.6394555588976205, 0.38759390384582637
0.5724447534109878, 0.8239437475051565
0.5724447534109878, 0.8239437475051565
0.5724447534109878, 0.8239437475051565
0.5724447534109878, 0.8239437475051565
0.5724447534109878, 0.8239437475051565
0.5724447534109878, 0.8239437475051565
0.5724447534109878, 0.8239437475051565
0.5724447534109878, 0.8239437475051565
0.5724447534109878, 0.8239437475051565
0.5724447534109878, 0.8239437475051565
0.34640904426069596, 0.710185646789828
0.34640904426069596, 0.710185646789828
0.34640904426069596, 0.710185646789828
0.34640904426069596, 0.710185646789828
0.34640904426069596, 0.710185646789828
0.34640904426069596, 0.710185646789828
0.34640904426069596, 0.710185646789828
0.34640904426069596, 0.710185646789828
0.34640904426069596, 0.710185646789828
0.34640904426069596, 0.710185646789828
0.1500242960952627, 0.37707372083962687
0.1500242960952627, 0.37707372083962687
0.1500242960952627, 0.37707372083962687
0.1500242960952627, 0.37707372083962687
0.1500242960952627, 0.37707372083962687
0.1500242960952627, 0.37707372083962687
0.1500242960952627, 0.37707372083962687
0.1500242960952627, 0.37707372083962687
0.1500242960952627, 0.37707372083962687
0.1500242960952627, 0.37707372083962687
0.21824570545656719, 0.2728467185130332
0.21824570545656719, 0.2728467185130332
0.21824570545656719, 0.2728467185130332
0.21824570545656719, 0.2728467185130332
0.21824570545656719, 0.2728467185130332
0.21824570545656719, 0.2728467185130332
0.21824570545656719, 0.2728467185130332
0.21824570545656719, 0.2728467185130332
0.21824570545656719, 0.2728467185130332
0.21824570545656719, 0.2728467185130332
0.08075973943017445, 0.4323084650846871
0.08075973943017445, 0.4323084650846871
0.08075973943017445, 0.4323084650846871
0.08075973943017445, 0.4323084650846871
0.08075973943017445, 0.4323084650846871
0.08075973943017445, 0.4323084650846871
0.08075973943017445, 0.4323084650846871
0.08075973943017445, 0.4323084650846871
0.08075973943017445, 0.4323084650846871
0.08075973943017445, 0.4323084650846871
0.4794536211480438, 0.6434229165247815
0.4794536211480438, 0.6434229165247815
0.4794536211480438, 0.6434229165247815
0.4794536211480438, 0.6434229165247815
0.4794536211480438, 0.6434229165247815
0.4794536211480438, 0.6434229165247815
0.4794536211480438, 0.6434229165247815
0.4794536211480438, 0.6434229165247815
0.4794536211480438, 0.6434229165247815
0.4794536211480438, 0.6434229165247815
0.5004946410794531, 0.6952222201287628
0.5004946410794531, 0.6952222201287628
0.5004946410794531, 0.6952222201287628
0.5004946410794531, 0.6952222201287628
0.5004946410794531, 0.6952222201287628
0.5004946410794531, 0.6952222201287628
0.5004946410794531, 0.6952222201287628
0.5004946410794531, 0.6952222201287628
0.5004946410794531, 0.6952222201287628
0.5004946410794531, 0.6952222201287628
0.5758615837416736, 0.46553399946724994
0.5758615837416736, 0.46553399946724994
0.5758615837416736, 0.46553399946724994
0.5758615837416736, 0.46553399946724994
0.5758615837416736, 0.46553399946724994
0.5758615837416736, 0.46553399946724994
0.5758615837416736, 0.46553399946724994
0.5758615837416736, 0.46553399946724994
0.5758615837416736, 0.46553399946724994
0.5758615837416736, 0.46553399946724994
