1e-05
0.31699107428809925, 0.8308334883332215
0.31699107428809925, 0.8308334883332215
0.31699107428809925, 0.8308334883332215
0.31699107428809925, 0.8308334883332215
0.31699107428809925, 0.8308334883332215
0.31699107428809925, 0.8308334883332215
0.31699107428809925, 0.8308334883332215
0.31699107428809925, 0.8308334883332215
0.31699107428809925, 0.8308334883332215
0.31699107428809925, 0.8308334883332215
0.3677213223192457, 0.672704099264887
0.3677213223192457, 0.672704099264887
0.3677213223192457, 0.672704099264887
0.3677213223192457, 0.672704099264887
0.3677213223192457, 0.672704099264887
0.3677213223192457, 0.672704099264887
0.3677213223192457, 0.672704099264887
0.3677213223192457, 0.672704099264887
0.3677213223192457, 0.672704099264887
0.3677213223192457, 0.672704099264887
0.9690148099984177, 0.5255465693700444
0.9690148099984177, 0.5255465693700444
0.9690148099984177, 0.5255465693700444
0.9690148099984177, 0.5255465693700444
0.9690148099984177, 0.5255465693700444
0.9690148099984177, 0.5255465693700444
0.9690148099984177, 0.5255465693700444
0.9690148099984177, 0.5255465693700444
0.9690148099984177, 0.5255465693700444
0.9690148099984177, 0.5255465693700444
0.821343421609436, 0.554760354860726
0.821343421609436, 0.554760354860726
0.821343421609436, 0.554760354860726
0.821343421609436, 0.554760354860726
0.821343421609436, 0.554760354860726
0.821343421609436, 0.554760354860726
0.821343421609436, 0.554760354860726
0.821343421609436, 0.554760354860726
0.821343421609436, 0.554760354860726
0.821343421609436, 0.554760354860726
0.9184928779521521, 0.11999678165710359
0.9184928779521521, 0.11999678165710359
0.9184928779521521, 0.11999678165710359
0.9184928779521521, 0.11999678165710359
0.9184928779521521, 0.11999678165710359
0.9184928779521521, 0.11999678165710359
0.9184928779521521, 0.11999678165710359
0.9184928779521521, 0.11999678165710359
0.9184928779521521, 0.11999678165710359
0.9184928779521521, 0.11999678165710359
0.7321037934218694, 0.4193290011908667
0.7321037934218694, 0.4193290011908667
0.7321037934218694, 0.4193290011908667
0.7321037934218694, 0.4193290011908667
0.7321037934218694, 0.4193290011908667
0.7321037934218694, 0.4193290011908667
0.7321037934218694, 0.4193290011908667
0.7321037934218694, 0.4193290011908667
0.7321037934218694, 0.4193290011908667
0.7321037934218694, 0.4193290011908667
0.470673403655804, 0.9064068921378495
0.470673403655804, 0.9064068921378495
0.470673403655804, 0.9064068921378495
0.470673403655804, 0.9064068921378495
0.470673403655804, 0.9064068921378495
0.470673403655804, 0.9064068921378495
0.470673403655804, 0.9064068921378495
0.470673403655804, 0.9064068921378495
0.470673403655804, 0.9064068921378495
0.470673403655804, 0.9064068921378495
0.8044634950857125, 0.5895242221137594
0.8044634950857125, 0.5895242221137594
0.8044634950857125, 0.5895242221137594
0.8044634950857125, 0.5895242221137594
0.8044634950857125, 0.5895242221137594
0.8044634950857125, 0.5895242221137594
0.8044634950857125, 0.5895242221137594
0.8044634950857125, 0.5895242221137594
0.8044634950857125, 0.5895242221137594
0.8044634950857125, 0.5895242221137594
0.29747136814862696, 0.9893458610720104
0.29747136814862696, 0.9893458610720104
0.29747136814862696, 0.9893458610720104
0.29747136814862696, 0.9893458610720104
0.29747136814862696, 0.9893458610720104
0.29747136814862696, 0.9893458610720104
0.29747136814862696, 0.9893458610720104
0.29747136814862696, 0.9893458610720104
0.29747136814862696, 0.9893458610720104
0.29747136814862696, 0.9893458610720104
0.6005460826978968, 0.7911123615939613
0.6005460826978968, 0.7911123615939613
0.6005460826978968, 0.7911123615939613
0.6005460826978968, 0.7911123615939613
0.6005460826978968, 0.7911123615939613
0.6005460826978968, 0.7911123615939613
0.6005460826978968, 0.7911123615939613
0.6005460826978968, 0.7911123615939613
0.6005460826978968, 0.7911123615939613
0.6005460826978968, 0.7911123615939613
