1e-05
0.44195950365237313, 0.3042836380598385
0.44195950365237313, 0.3042836380598385
0.44195950365237313, 0.3042836380598385
0.44195950365237313, 0.3042836380598385
0.44195950365237313, 0.3042836380598385
0.44195950365237313, 0.3042836380598385
0.44195950365237313, 0.3042836380598385
0.44195950365237313, 0.3042836380598385
0.44195950365237313, 0.3042836380598385
0.44195950365237313, 0.3042836380598385
0.8906697401773234, 0.8270299794237624
0.8906697401773234, 0.8270299794237624
0.8906697401773234, 0.8270299794237624
0.8906697401773234, 0.8270299794237624
0.8906697401773234, 0.8270299794237624
0.8906697401773234, 0.8270299794237624
0.8906697401773234, 0.8270299794237624
0.8906697401773234, 0.8270299794237624
0.8906697401773234, 0.8270299794237624
0.8906697401773234, 0.8270299794237624
0.91200300807451, 0.23277625619115438
0.91200300807451, 0.23277625619115438
0.91200300807451, 0.23277625619115438
0.91200300807451, 0.23277625619115438
0.91200300807451, 0.23277625619115438
0.91200300807451, 0.23277625619115438
0.91200300807451, 0.23277625619115438
0.91200300807451, 0.23277625619115438
0.91200300807451, 0.23277625619115438
0.91200300807451, 0.23277625619115438
0.4019998311522682, 0.5812356431915063
0.4019998311522682, 0.5812356431915063
0.4019998311522682, 0.5812356431915063
0.4019998311522682, 0.5812356431915063
0.4019998311522682, 0.5812356431915063
0.4019998311522682, 0.5812356431915063
0.4019998311522682, 0.5812356431915063
0.4019998311522682, 0.5812356431915063
0.4019998311522682, 0.5812356431915063
0.4019998311522682, 0.5812356431915063
0.9500429594369766, 0.7493601676225429
0.9500429594369766, 0.7493601676225429
0.9500429594369766, 0.7493601676225429
0.9500429594369766, 0.7493601676225429
0.9500429594369766, 0.7493601676225429
0.9500429594369766, 0.7493601676225429
0.9500429594369766, 0.7493601676225429
0.9500429594369766, 0.7493601676225429
0.9500429594369766, 0.7493601676225429
0.9500429594369766, 0.7493601676225429
0.5212965892902427, 0.32701699425892405
0.5212965892902427, 0.32701699425892405
0.5212965892902427, 0.32701699425892405
0.5212965892902427, 0.32701699425892405
0.5212965892902427, 0.32701699425892405
0.5212965892902427, 0.32701699425892405
0.5212965892902427, 0.32701699425892405
0.5212965892902427, 0.32701699425892405
0.5212965892902427, 0.32701699425892405
0.5212965892902427, 0.32701699425892405
0.4080359031717242, 0.19342463453672643
0.4080359031717242, 0.19342463453672643
0.4080359031717242, 0.19342463453672643
0.4080359031717242, 0.19342463453672643
0.4080359031717242, 0.19342463453672643
0.4080359031717242, 0.19342463453672643
0.4080359031717242, 0.19342463453672643
0.4080359031717242, 0.19342463453672643
0.4080359031717242, 0.19342463453672643
0.4080359031717242, 0.19342463453672643
0.28572367729779924, 0.6874960589820375
0.28572367729779924, 0.6874960589820375
0.28572367729779924, 0.6874960589820375
0.28572367729779924, 0.6874960589820375
0.28572367729779924, 0.6874960589820375
0.28572367729779924, 0.6874960589820375
0.28572367729779924, 0.6874960589820375
0.28572367729779924, 0.6874960589820375
0.28572367729779924, 0.6874960589820375
0.28572367729779924, 0.6874960589820375
0.8199459122458226, 0.04396885204985024
0.8199459122458226, 0.04396885204985024
0.8199459122458226, 0.04396885204985024
0.8199459122458226, 0.04396885204985024
0.8199459122458226, 0.04396885204985024
0.8199459122458226, 0.04396885204985024
0.8199459122458226, 0.04396885204985024
0.8199459122458226, 0.04396885204985024
0.8199459122458226, 0.04396885204985024
0.8199459122458226, 0.04396885204985024
0.17580476295141212, 0.7796823014840355
0.17580476295141212, 0.7796823014840355
0.17580476295141212, 0.7796823014840355
0.17580476295141212, 0.7796823014840355
0.17580476295141212, 0.7796823014840355
0.17580476295141212, 0.7796823014840355
0.17580476295141212, 0.7796823014840355
0.17580476295141212, 0.7796823014840355
0.17580476295141212, 0.7796823014840355
0.17580476295141212, 0.7796823014840355
