1e-05
0.5035330954684676, 0.17826017602744448
0.46928571646499173, 0.5998673854548513
0.035828563871510566, 0.03966081540886657
0.5587701131649124, 0.8076051090549132
0.6858072369508662, 0.7103920302471997
0.027513152708216193, 0.6804848876400209
0.09175640852879652, 0.1466366587673512
0.8825449208831212, 0.6063354959185351
0.5630318101009054, 0.4933486088451722
0.20989194793103882, 0.27437901466366477
0.2644707219228878, 0.38312347372008493
0.6358394363438482, 0.9824620218542897
0.3476615780019282, 0.035561215378708044
0.5536095554347058, 0.8279184193936308
0.21388510378524805, 0.11046052220058589
0.9293325214830844, 0.6290418011663199
0.058441799298619035, 0.14305534234882356
0.819930267779267, 0.001669752194278229
0.7711081199037995, 0.6780460616133973
0.8783996536272589, 0.4631243711719255
0.31890208901815265, 0.6771287258103965
0.44886234995932583, 0.5297766007700871
0.06046664888336084, 0.9502270768763954
0.7753748664164486, 0.3314904833892245
0.802114818767962, 0.5428012287714962
0.006503662389801157, 0.5116646350595342
0.09297590247948384, 0.7627810915345404
0.10025459912716927, 0.41573544123687023
0.39040570939559804, 0.27141212307792517
0.42156487408019516, 0.45729922976249726
0.5734860854891966, 0.6338307285962261
0.7362099417294808, 0.6085360208168394
0.7726166312030289, 0.4942812747905142
0.25677557338213686, 0.4611938614048494
0.5832079475599549, 0.4039884390329397
0.588130409120172, 0.5947546929847568
0.024032099081034652, 0.8308861044646659
0.13752089275902468, 0.7189906113739188
0.9208385480917404, 0.8342637069402471
0.7312096700585938, 0.7115878741418425
0.9624327919528792, 0.5513314031878641
0.4048604406943469, 0.6819433256777698
0.8344685346329554, 0.7216170605042947
0.33557498436633293, 0.7047575485136586
0.5286203335816309, 0.47755610765092404
0.7103661145499747, 0.9761879715897936
0.2687090386041777, 0.7036512383283074
0.858419557752487, 0.25106218396004965
0.4534732134002226, 0.17627325309987607
0.02579432699166251, 0.09260945193594528
0.08650558738900571, 0.4525146226558334
0.13617926588396234, 0.5654482857956117
0.8747297634183144, 0.022099029862820307
0.9043930335293846, 0.17201100147091897
0.9560302856876275, 0.7769524968974143
0.014590829781097603, 0.13353298899838528
0.9429018809758574, 0.5982584201953971
0.34966897366794236, 0.5523916832948657
0.6797812333583844, 0.23949998868132027
0.6948293648639692, 0.4833860584892804
0.15617829397099925, 0.6808430751557216
0.4141528823153593, 0.8283018305158445
0.7082101244313895, 0.6871884732416207
0.17381312451668718, 0.8345295032100669
0.48810373235378524, 0.005050099398891561
0.7970965744355754, 0.2553807631747298
0.4026484944045158, 0.3741426714889885
0.4300616336336123, 0.8351024208250986
0.2773459066199613, 0.2961651922532802
0.9180858210485453, 0.5253614589860791
0.6107953257146057, 0.09036310057658337
0.7456407537949297, 0.29655726614003375
0.4661363122743447, 0.7864900712392469
0.8776285814170355, 0.20965245192155524
0.7499233961118934, 0.8714873349173289
0.594504040286808, 0.9736352128210298
0.3191354559189986, 0.9768007997186036
0.9762778200864519, 0.666716675896759
0.7568186362116174, 0.9982950757883879
0.8903873782703505, 0.8962985204834903
0.17715688472629232, 0.19994253122053685
0.8330969268587688, 0.11967659840513256
0.23865651619495865, 0.2833624550252217
0.5179191290907639, 0.8897103388218977
0.9640289003314385, 0.13763354684793128
0.20103617454070066, 0.21868552085881832
0.28866497620834597, 0.36471235798573354
0.8277600840512908, 0.5194290608647902
0.415199047176778, 0.7195517528048654
0.09476615361429519, 0.04891646245037595
0.6429641930237293, 0.08854356633474714
0.04074445953285566, 0.35025981227529723
0.7726408340000405, 0.7131150744405146
0.4192561927054692, 0.013303458210335739
0.7263848783154742, 0.5587677638108646
0.25551975410734906, 0.9354064353360846
0.9367701884655497, 0.895794912535586
0.39785109568773647, 0.03733468757382896
0.8087022717395105, 0.636647799441786
0.14225740848043278, 0.12199501763497822
