1e-05
0.0734263364247788, 0.1494162801010117
0.0734263364247788, 0.1494162801010117
0.0734263364247788, 0.1494162801010117
0.0734263364247788, 0.1494162801010117
0.0734263364247788, 0.1494162801010117
0.0734263364247788, 0.1494162801010117
0.0734263364247788, 0.1494162801010117
0.0734263364247788, 0.1494162801010117
0.0734263364247788, 0.1494162801010117
0.0734263364247788, 0.1494162801010117
0.9367054275182829, 0.9559938631366705
0.9367054275182829, 0.9559938631366705
0.9367054275182829, 0.9559938631366705
0.9367054275182829, 0.9559938631366705
0.9367054275182829, 0.9559938631366705
0.9367054275182829, 0.9559938631366705
0.9367054275182829, 0.9559938631366705
0.9367054275182829, 0.9559938631366705
0.9367054275182829, 0.9559938631366705
0.9367054275182829, 0.9559938631366705
0.8935588657994805, 0.01628649131351978
0.8935588657994805, 0.01628649131351978
0.8935588657994805, 0.01628649131351978
0.8935588657994805, 0.01628649131351978
0.8935588657994805, 0.01628649131351978
0.8935588657994805, 0.01628649131351978
0.8935588657994805, 0.01628649131351978
0.8935588657994805, 0.01628649131351978
0.8935588657994805, 0.01628649131351978
0.8935588657994805, 0.01628649131351978
0.6397177904743558, 0.3907474431350102
0.6397177904743558, 0.3907474431350102
0.6397177904743558, 0.3907474431350102
0.6397177904743558, 0.3907474431350102
0.6397177904743558, 0.3907474431350102
0.6397177904743558, 0.3907474431350102
0.6397177904743558, 0.3907474431350102
0.6397177904743558, 0.3907474431350102
0.6397177904743558, 0.3907474431350102
0.6397177904743558, 0.3907474431350102
0.745574230685428, 0.3525609391341977
0.745574230685428, 0.3525609391341977
0.745574230685428, 0.3525609391341977
0.745574230685428, 0.3525609391341977
0.745574230685428, 0.3525609391341977
0.745574230685428, 0.3525609391341977
0.745574230685428, 0.3525609391341977
0.745574230685428, 0.3525609391341977
0.745574230685428, 0.3525609391341977
0.745574230685428, 0.3525609391341977
0.4415574080305599, 0.6222407147359329
0.4415574080305599, 0.6222407147359329
0.4415574080305599, 0.6222407147359329
0.4415574080305599, 0.6222407147359329
0.4415574080305599, 0.6222407147359329
0.4415574080305599, 0.6222407147359329
0.4415574080305599, 0.6222407147359329
0.4415574080305599, 0.6222407147359329
0.4415574080305599, 0.6222407147359329
0.4415574080305599, 0.6222407147359329
0.4257946898947871, 0.8750493866815233
0.4257946898947871, 0.8750493866815233
0.4257946898947871, 0.8750493866815233
0.4257946898947871, 0.8750493866815233
0.4257946898947871, 0.8750493866815233
0.4257946898947871, 0.8750493866815233
0.4257946898947871, 0.8750493866815233
0.4257946898947871, 0.8750493866815233
0.4257946898947871, 0.8750493866815233
0.4257946898947871, 0.8750493866815233
0.20178909480669927, 0.45813027575386145
0.20178909480669927, 0.45813027575386145
0.20178909480669927, 0.45813027575386145
0.20178909480669927, 0.45813027575386145
0.20178909480669927, 0.45813027575386145
0.20178909480669927, 0.45813027575386145
0.20178909480669927, 0.45813027575386145
0.20178909480669927, 0.45813027575386145
0.20178909480669927, 0.45813027575386145
0.20178909480669927, 0.45813027575386145
0.8434297293293732, 0.7284079535749994
0.8434297293293732, 0.7284079535749994
0.8434297293293732, 0.7284079535749994
0.8434297293293732, 0.7284079535749994
0.8434297293293732, 0.7284079535749994
0.8434297293293732, 0.7284079535749994
0.8434297293293732, 0.7284079535749994
0.8434297293293732, 0.7284079535749994
0.8434297293293732, 0.7284079535749994
0.8434297293293732, 0.7284079535749994
0.8798773173550475, 0.16198598939359032
0.8798773173550475, 0.16198598939359032
0.8798773173550475, 0.16198598939359032
0.8798773173550475, 0.16198598939359032
0.8798773173550475, 0.16198598939359032
0.8798773173550475, 0.16198598939359032
0.8798773173550475, 0.16198598939359032
0.8798773173550475, 0.16198598939359032
0.8798773173550475, 0.16198598939359032
0.8798773173550475, 0.16198598939359032
