1e-05
0.6375646561877798, 0.478959324450866
0.6375646561877798, 0.478959324450866
0.6375646561877798, 0.478959324450866
0.6375646561877798, 0.478959324450866
0.6375646561877798, 0.478959324450866
0.6375646561877798, 0.478959324450866
0.6375646561877798, 0.478959324450866
0.6375646561877798, 0.478959324450866
0.6375646561877798, 0.478959324450866
0.6375646561877798, 0.478959324450866
0.01322346313882583, 0.08232840626005111
0.01322346313882583, 0.08232840626005111
0.01322346313882583, 0.08232840626005111
0.01322346313882583, 0.08232840626005111
0.01322346313882583, 0.08232840626005111
0.01322346313882583, 0.08232840626005111
0.01322346313882583, 0.08232840626005111
0.01322346313882583, 0.08232840626005111
0.01322346313882583, 0.08232840626005111
0.01322346313882583, 0.08232840626005111
0.8077802708979943, 0.6278997726249346
0.8077802708979943, 0.6278997726249346
0.8077802708979943, 0.6278997726249346
0.8077802708979943, 0.6278997726249346
0.8077802708979943, 0.6278997726249346
0.8077802708979943, 0.6278997726249346
0.8077802708979943, 0.6278997726249346
0.8077802708979943, 0.6278997726249346
0.8077802708979943, 0.6278997726249346
0.8077802708979943, 0.6278997726249346
0.5834336167791192, 0.2421073036871665
0.5834336167791192, 0.2421073036871665
0.5834336167791192, 0.2421073036871665
0.5834336167791192, 0.2421073036871665
0.5834336167791192, 0.2421073036871665
0.5834336167791192, 0.2421073036871665
0.5834336167791192, 0.2421073036871665
0.5834336167791192, 0.2421073036871665
0.5834336167791192, 0.2421073036871665
0.5834336167791192, 0.2421073036871665
0.20144756942078945, 0.7130288835365268
0.20144756942078945, 0.7130288835365268
0.20144756942078945, 0.7130288835365268
0.20144756942078945, 0.7130288835365268
0.20144756942078945, 0.7130288835365268
0.20144756942078945, 0.7130288835365268
0.20144756942078945, 0.7130288835365268
0.20144756942078945, 0.7130288835365268
0.20144756942078945, 0.7130288835365268
0.20144756942078945, 0.7130288835365268
0.5534729953991996, 0.13338423787686615
0.5534729953991996, 0.13338423787686615
0.5534729953991996, 0.13338423787686615
0.5534729953991996, 0.13338423787686615
0.5534729953991996, 0.13338423787686615
0.5534729953991996, 0.13338423787686615
0.5534729953991996, 0.13338423787686615
0.5534729953991996, 0.13338423787686615
0.5534729953991996, 0.13338423787686615
0.5534729953991996, 0.13338423787686615
0.24799173169915123, 0.9881320379650487
0.24799173169915123, 0.9881320379650487
0.24799173169915123, 0.9881320379650487
0.24799173169915123, 0.9881320379650487
0.24799173169915123, 0.9881320379650487
0.24799173169915123, 0.9881320379650487
0.24799173169915123, 0.9881320379650487
0.24799173169915123, 0.9881320379650487
0.24799173169915123, 0.9881320379650487
0.24799173169915123, 0.9881320379650487
0.5955303494407802, 0.5633312718014769
0.5955303494407802, 0.5633312718014769
0.5955303494407802, 0.5633312718014769
0.5955303494407802, 0.5633312718014769
0.5955303494407802, 0.5633312718014769
0.5955303494407802, 0.5633312718014769
0.5955303494407802, 0.5633312718014769
0.5955303494407802, 0.5633312718014769
0.5955303494407802, 0.5633312718014769
0.5955303494407802, 0.5633312718014769
0.40965497889438696, 0.7328300875037042
0.40965497889438696, 0.7328300875037042
0.40965497889438696, 0.7328300875037042
0.40965497889438696, 0.7328300875037042
0.40965497889438696, 0.7328300875037042
0.40965497889438696, 0.7328300875037042
0.40965497889438696, 0.7328300875037042
0.40965497889438696, 0.7328300875037042
0.40965497889438696, 0.7328300875037042
0.40965497889438696, 0.7328300875037042
0.9132378332531004, 0.49775973970215104
0.9132378332531004, 0.49775973970215104
0.9132378332531004, 0.49775973970215104
0.9132378332531004, 0.49775973970215104
0.9132378332531004, 0.49775973970215104
0.9132378332531004, 0.49775973970215104
0.9132378332531004, 0.49775973970215104
0.9132378332531004, 0.49775973970215104
0.9132378332531004, 0.49775973970215104
0.9132378332531004, 0.49775973970215104
