1e-05
0.5854757041776791, 0.9738909575138743
0.5854757041776791, 0.9738909575138743
0.5854757041776791, 0.9738909575138743
0.5854757041776791, 0.9738909575138743
0.5854757041776791, 0.9738909575138743
0.5854757041776791, 0.9738909575138743
0.5854757041776791, 0.9738909575138743
0.5854757041776791, 0.9738909575138743
0.5854757041776791, 0.9738909575138743
0.5854757041776791, 0.9738909575138743
0.9716182281957206, 0.9252370813926593
0.9716182281957206, 0.9252370813926593
0.9716182281957206, 0.9252370813926593
0.9716182281957206, 0.9252370813926593
0.9716182281957206, 0.9252370813926593
0.9716182281957206, 0.9252370813926593
0.9716182281957206, 0.9252370813926593
0.9716182281957206, 0.9252370813926593
0.9716182281957206, 0.9252370813926593
0.9716182281957206, 0.9252370813926593
0.9697504853749398, 0.11556762684811173
0.9697504853749398, 0.11556762684811173
0.9697504853749398, 0.11556762684811173
0.9697504853749398, 0.11556762684811173
0.9697504853749398, 0.11556762684811173
0.9697504853749398, 0.11556762684811173
0.9697504853749398, 0.11556762684811173
0.9697504853749398, 0.11556762684811173
0.9697504853749398, 0.11556762684811173
0.9697504853749398, 0.11556762684811173
0.033839983654468386, 0.8940636736050022
0.033839983654468386, 0.8940636736050022
0.033839983654468386, 0.8940636736050022
0.033839983654468386, 0.8940636736050022
0.033839983654468386, 0.8940636736050022
0.033839983654468386, 0.8940636736050022
0.033839983654468386, 0.8940636736050022
0.033839983654468386, 0.8940636736050022
0.033839983654468386, 0.8940636736050022
0.033839983654468386, 0.8940636736050022
0.020973133837168367, 0.7886607873768399
0.020973133837168367, 0.7886607873768399
0.020973133837168367, 0.7886607873768399
0.020973133837168367, 0.7886607873768399
0.020973133837168367, 0.7886607873768399
0.020973133837168367, 0.7886607873768399
0.020973133837168367, 0.7886607873768399
0.020973133837168367, 0.7886607873768399
0.020973133837168367, 0.7886607873768399
0.020973133837168367, 0.7886607873768399
0.3013727889539185, 0.8904147635068412
0.3013727889539185, 0.8904147635068412
0.3013727889539185, 0.8904147635068412
0.3013727889539185, 0.8904147635068412
0.3013727889539185, 0.8904147635068412
0.3013727889539185, 0.8904147635068412
0.3013727889539185, 0.8904147635068412
0.3013727889539185, 0.8904147635068412
0.3013727889539185, 0.8904147635068412
0.3013727889539185, 0.8904147635068412
0.2185866038535399, 0.2629297464275988
0.2185866038535399, 0.2629297464275988
0.2185866038535399, 0.2629297464275988
0.2185866038535399, 0.2629297464275988
0.2185866038535399, 0.2629297464275988
0.2185866038535399, 0.2629297464275988
0.2185866038535399, 0.2629297464275988
0.2185866038535399, 0.2629297464275988
0.2185866038535399, 0.2629297464275988
0.2185866038535399, 0.2629297464275988
0.5764941236381856, 0.9942685549212806
0.5764941236381856, 0.9942685549212806
0.5764941236381856, 0.9942685549212806
0.5764941236381856, 0.9942685549212806
0.5764941236381856, 0.9942685549212806
0.5764941236381856, 0.9942685549212806
0.5764941236381856, 0.9942685549212806
0.5764941236381856, 0.9942685549212806
0.5764941236381856, 0.9942685549212806
0.5764941236381856, 0.9942685549212806
0.7939500943603842, 0.9982997981167261
0.7939500943603842, 0.9982997981167261
0.7939500943603842, 0.9982997981167261
0.7939500943603842, 0.9982997981167261
0.7939500943603842, 0.9982997981167261
0.7939500943603842, 0.9982997981167261
0.7939500943603842, 0.9982997981167261
0.7939500943603842, 0.9982997981167261
0.7939500943603842, 0.9982997981167261
0.7939500943603842, 0.9982997981167261
0.5650723192417035, 0.32835842985306096
0.5650723192417035, 0.32835842985306096
0.5650723192417035, 0.32835842985306096
0.5650723192417035, 0.32835842985306096
0.5650723192417035, 0.32835842985306096
0.5650723192417035, 0.32835842985306096
0.5650723192417035, 0.32835842985306096
0.5650723192417035, 0.32835842985306096
0.5650723192417035, 0.32835842985306096
0.5650723192417035, 0.32835842985306096
