1e-05
0.19763224361419263, 0.44379886871684526
0.9106908729373581, 0.16798232698665827
0.14295995586518873, 0.1541884274273153
0.72925693403386, 0.2773444244433826
0.27435323277943036, 0.9833492276819368
0.26908077704618605, 0.4228729124747642
0.35340716009660333, 0.7296154290951455
0.535458187249118, 0.7998801941493436
0.25280640005699373, 0.4707467728705065
0.34466954869309463, 0.09990714670678824
0.864984102683815, 0.33906915601268994
0.13390565349388472, 0.14935631461466103
0.6613278005611429, 0.34444620822429906
0.8709424821997395, 0.3129633032109922
0.7203217283076587, 0.13934613550852581
0.4812295634668825, 0.6324484272479007
0.438004179000414, 0.908884712967806
0.13897540548494702, 0.38694906628827797
0.1226273292287332, 0.24800318900892593
0.46319031135525957, 0.23712045654523584
0.7396623215026904, 0.5570581977708913
0.6889956200208318, 0.8793148724099099
0.7283967964588313, 0.08638642469258662
0.406428153749262, 0.8126734943046147
0.7460568948088435, 0.9729989892946924
0.9272798634863435, 0.8300198477081503
0.8536371295009091, 0.44865218787617644
0.753159486530099, 0.13228915369259686
0.17170807843602098, 0.725470411418848
0.35008654095390623, 0.42941280179197816
0.9433653826404821, 0.3267680720698485
0.8117454421795839, 0.06364694360771705
0.016741011366921188, 0.2581334789646509
0.8441067211934047, 0.1883616915829759
0.16063249229814014, 0.0007272299814973238
0.007090377187619401, 0.9311861372974527
0.1190955714666716, 0.5389372693527971
0.04385174820141202, 0.4874891406335429
0.48062236430405303, 0.9867248282684278
0.9109446726305387, 0.2540218958472522
0.8552093783971411, 0.5147320450937513
0.5841898204564177, 0.4727780547072349
0.6513533001438807, 0.39325743257311474
0.7544593072076407, 0.5817817033659387
0.08324818314282745, 0.4712794049687067
0.24194702814872282, 0.44526082287747504
0.8962815128844591, 0.7559652844132372
0.46941880043802153, 0.10755588948641337
0.33177639496199485, 0.8379989924838325
0.18657846236846498, 0.6210315197423559
0.849233333013331, 0.8703808588040427
0.6868789513709801, 0.7493489375864403
0.8609021345041259, 0.30082339469861685
0.08908020113977533, 0.862476752305152
0.4110249721162337, 0.42480581854643884
0.555144325435546, 0.06905986258824182
0.5957784872964078, 0.835003888419714
0.11661043136378291, 0.8227661460128914
0.025375924858228927, 0.3234232442020626
0.6238772419863452, 0.7184518597499092
0.2541818079196806, 0.6799036126331265
0.03991051741209817, 0.05859063423993227
0.8263629213281283, 0.9817378898007891
0.7335909492633006, 0.6384535596044437
0.8637650003658262, 0.39591183870755386
0.6615184342031502, 0.6876722334047346
0.29359676666839096, 0.5372315970885003
0.34049056713658066, 0.9662552150349044
0.1567638504301756, 0.03689918236753542
0.8841476036972973, 0.7887042901996483
0.4227407574123847, 0.650331634140652
0.08716463702138466, 0.773499867521234
0.9291199836269977, 0.3256234019939921
0.7091758332058041, 0.2835407475718803
0.1499492566397117, 0.27321999401722885
0.5475994953068631, 0.865066682317169
0.8015751896261742, 0.3309887611024529
0.6235634840441473, 0.08556114447591101
0.5844612378689292, 0.4337788898661006
0.8372688660498578, 0.18528336137699986
0.10608258043846197, 0.8940983355799069
0.7445145806688521, 0.9873500845034915
0.12616453975081654, 0.7238619000020494
0.2191244760871197, 0.36349832069837773
0.686338405035188, 0.19447874243939123
0.3548355789272486, 0.24997796123828409
0.16681309351212603, 0.3502113649839088
0.9152833818733056, 0.8600190455214953
0.18699106608874128, 0.6740056169632342
0.4305474290233978, 0.5568417857424869
0.03510105187711032, 0.8485576952668282
0.20134390894901644, 0.9130507878647209
0.8273622861243799, 0.5434995962653422
0.7324001717081491, 0.4119685651358068
0.19092353925364236, 0.8102451907376751
0.5245692780357103, 0.8681311538888169
0.9599339828611002, 0.2871985580841392
0.08577250531958835, 0.49673719516292314
0.1386144564603593, 0.47235393711658846
0.022620293269939418, 0.4722724988117494
