1e-05
0.41155182273501945, 0.9993450169935755
0.41155182273501945, 0.9993450169935755
0.41155182273501945, 0.9993450169935755
0.41155182273501945, 0.9993450169935755
0.41155182273501945, 0.9993450169935755
0.41155182273501945, 0.9993450169935755
0.41155182273501945, 0.9993450169935755
0.41155182273501945, 0.9993450169935755
0.41155182273501945, 0.9993450169935755
0.41155182273501945, 0.9993450169935755
0.16840824412538502, 0.13477216010360982
0.16840824412538502, 0.13477216010360982
0.16840824412538502, 0.13477216010360982
0.16840824412538502, 0.13477216010360982
0.16840824412538502, 0.13477216010360982
0.16840824412538502, 0.13477216010360982
0.16840824412538502, 0.13477216010360982
0.16840824412538502, 0.13477216010360982
0.16840824412538502, 0.13477216010360982
0.16840824412538502, 0.13477216010360982
0.6297113477152136, 0.6529788589173638
0.6297113477152136, 0.6529788589173638
0.6297113477152136, 0.6529788589173638
0.6297113477152136, 0.6529788589173638
0.6297113477152136, 0.6529788589173638
0.6297113477152136, 0.6529788589173638
0.6297113477152136, 0.6529788589173638
0.6297113477152136, 0.6529788589173638
0.6297113477152136, 0.6529788589173638
0.6297113477152136, 0.6529788589173638
0.6347164154125753, 0.1755952800530438
0.6347164154125753, 0.1755952800530438
0.6347164154125753, 0.1755952800530438
0.6347164154125753, 0.1755952800530438
0.6347164154125753, 0.1755952800530438
0.6347164154125753, 0.1755952800530438
0.6347164154125753, 0.1755952800530438
0.6347164154125753, 0.1755952800530438
0.6347164154125753, 0.1755952800530438
0.6347164154125753, 0.1755952800530438
0.6006611522709467, 0.8285264764269865
0.6006611522709467, 0.8285264764269865
0.6006611522709467, 0.8285264764269865
0.6006611522709467, 0.8285264764269865
0.6006611522709467, 0.8285264764269865
0.6006611522709467, 0.8285264764269865
0.6006611522709467, 0.8285264764269865
0.6006611522709467, 0.8285264764269865
0.6006611522709467, 0.8285264764269865
0.6006611522709467, 0.8285264764269865
0.11275017451420044, 0.8409400807695757
0.11275017451420044, 0.8409400807695757
0.11275017451420044, 0.8409400807695757
0.11275017451420044, 0.8409400807695757
0.11275017451420044, 0.8409400807695757
0.11275017451420044, 0.8409400807695757
0.11275017451420044, 0.8409400807695757
0.11275017451420044, 0.8409400807695757
0.11275017451420044, 0.8409400807695757
0.11275017451420044, 0.8409400807695757
0.6348204069174188, 0.5479466666139614
0.6348204069174188, 0.5479466666139614
0.6348204069174188, 0.5479466666139614
0.6348204069174188, 0.5479466666139614
0.6348204069174188, 0.5479466666139614
0.6348204069174188, 0.5479466666139614
0.6348204069174188, 0.5479466666139614
0.6348204069174188, 0.5479466666139614
0.6348204069174188, 0.5479466666139614
0.6348204069174188, 0.5479466666139614
0.05309071510350949, 0.782664054687919
0.05309071510350949, 0.782664054687919
0.05309071510350949, 0.782664054687919
0.05309071510350949, 0.782664054687919
0.05309071510350949, 0.782664054687919
0.05309071510350949, 0.782664054687919
0.05309071510350949, 0.782664054687919
0.05309071510350949, 0.782664054687919
0.05309071510350949, 0.782664054687919
0.05309071510350949, 0.782664054687919
0.18773682520662072, 0.3788889332262255
0.18773682520662072, 0.3788889332262255
0.18773682520662072, 0.3788889332262255
0.18773682520662072, 0.3788889332262255
0.18773682520662072, 0.3788889332262255
0.18773682520662072, 0.3788889332262255
0.18773682520662072, 0.3788889332262255
0.18773682520662072, 0.3788889332262255
0.18773682520662072, 0.3788889332262255
0.18773682520662072, 0.3788889332262255
0.16613987463894642, 0.3822980532569207
0.16613987463894642, 0.3822980532569207
0.16613987463894642, 0.3822980532569207
0.16613987463894642, 0.3822980532569207
0.16613987463894642, 0.3822980532569207
0.16613987463894642, 0.3822980532569207
0.16613987463894642, 0.3822980532569207
0.16613987463894642, 0.3822980532569207
0.16613987463894642, 0.3822980532569207
0.16613987463894642, 0.3822980532569207
