1e-05
0.5673742096811559, 0.6145763743746768
0.5673742096811559, 0.6145763743746768
0.5673742096811559, 0.6145763743746768
0.5673742096811559, 0.6145763743746768
0.5673742096811559, 0.6145763743746768
0.5673742096811559, 0.6145763743746768
0.5673742096811559, 0.6145763743746768
0.5673742096811559, 0.6145763743746768
0.5673742096811559, 0.6145763743746768
0.5673742096811559, 0.6145763743746768
0.5930060260922887, 0.5458482465897877
0.5930060260922887, 0.5458482465897877
0.5930060260922887, 0.5458482465897877
0.5930060260922887, 0.5458482465897877
0.5930060260922887, 0.5458482465897877
0.5930060260922887, 0.5458482465897877
0.5930060260922887, 0.5458482465897877
0.5930060260922887, 0.5458482465897877
0.5930060260922887, 0.5458482465897877
0.5930060260922887, 0.5458482465897877
0.8462368957307642, 0.01950116578624117
0.8462368957307642, 0.01950116578624117
0.8462368957307642, 0.01950116578624117
0.8462368957307642, 0.01950116578624117
0.8462368957307642, 0.01950116578624117
0.8462368957307642, 0.01950116578624117
0.8462368957307642, 0.01950116578624117
0.8462368957307642, 0.01950116578624117
0.8462368957307642, 0.01950116578624117
0.8462368957307642, 0.01950116578624117
0.5206768604331822, 0.580524836513177
0.5206768604331822, 0.580524836513177
0.5206768604331822, 0.580524836513177
0.5206768604331822, 0.580524836513177
0.5206768604331822, 0.580524836513177
0.5206768604331822, 0.580524836513177
0.5206768604331822, 0.580524836513177
0.5206768604331822, 0.580524836513177
0.5206768604331822, 0.580524836513177
0.5206768604331822, 0.580524836513177
0.23057220355231223, 0.17076348435608668
0.23057220355231223, 0.17076348435608668
0.23057220355231223, 0.17076348435608668
0.23057220355231223, 0.17076348435608668
0.23057220355231223, 0.17076348435608668
0.23057220355231223, 0.17076348435608668
0.23057220355231223, 0.17076348435608668
0.23057220355231223, 0.17076348435608668
0.23057220355231223, 0.17076348435608668
0.23057220355231223, 0.17076348435608668
0.1358700268438212, 0.02404802011188767
0.1358700268438212, 0.02404802011188767
0.1358700268438212, 0.02404802011188767
0.1358700268438212, 0.02404802011188767
0.1358700268438212, 0.02404802011188767
0.1358700268438212, 0.02404802011188767
0.1358700268438212, 0.02404802011188767
0.1358700268438212, 0.02404802011188767
0.1358700268438212, 0.02404802011188767
0.1358700268438212, 0.02404802011188767
0.028755332222740515, 0.3011603309323715
0.028755332222740515, 0.3011603309323715
0.028755332222740515, 0.3011603309323715
0.028755332222740515, 0.3011603309323715
0.028755332222740515, 0.3011603309323715
0.028755332222740515, 0.3011603309323715
0.028755332222740515, 0.3011603309323715
0.028755332222740515, 0.3011603309323715
0.028755332222740515, 0.3011603309323715
0.028755332222740515, 0.3011603309323715
0.43894974924692653, 0.6344094562775577
0.43894974924692653, 0.6344094562775577
0.43894974924692653, 0.6344094562775577
0.43894974924692653, 0.6344094562775577
0.43894974924692653, 0.6344094562775577
0.43894974924692653, 0.6344094562775577
0.43894974924692653, 0.6344094562775577
0.43894974924692653, 0.6344094562775577
0.43894974924692653, 0.6344094562775577
0.43894974924692653, 0.6344094562775577
0.02636984734259562, 0.0831722369304152
0.02636984734259562, 0.0831722369304152
0.02636984734259562, 0.0831722369304152
0.02636984734259562, 0.0831722369304152
0.02636984734259562, 0.0831722369304152
0.02636984734259562, 0.0831722369304152
0.02636984734259562, 0.0831722369304152
0.02636984734259562, 0.0831722369304152
0.02636984734259562, 0.0831722369304152
0.02636984734259562, 0.0831722369304152
0.6695008846244633, 0.1738390806079394
0.6695008846244633, 0.1738390806079394
0.6695008846244633, 0.1738390806079394
0.6695008846244633, 0.1738390806079394
0.6695008846244633, 0.1738390806079394
0.6695008846244633, 0.1738390806079394
0.6695008846244633, 0.1738390806079394
0.6695008846244633, 0.1738390806079394
0.6695008846244633, 0.1738390806079394
0.6695008846244633, 0.1738390806079394
