1e-05
0.07028569378595995, 0.5044548399643347
0.07028569378595995, 0.5044548399643347
0.07028569378595995, 0.5044548399643347
0.07028569378595995, 0.5044548399643347
0.07028569378595995, 0.5044548399643347
0.07028569378595995, 0.5044548399643347
0.07028569378595995, 0.5044548399643347
0.07028569378595995, 0.5044548399643347
0.07028569378595995, 0.5044548399643347
0.07028569378595995, 0.5044548399643347
0.44217431464321877, 0.11855834782900865
0.44217431464321877, 0.11855834782900865
0.44217431464321877, 0.11855834782900865
0.44217431464321877, 0.11855834782900865
0.44217431464321877, 0.11855834782900865
0.44217431464321877, 0.11855834782900865
0.44217431464321877, 0.11855834782900865
0.44217431464321877, 0.11855834782900865
0.44217431464321877, 0.11855834782900865
0.44217431464321877, 0.11855834782900865
0.802691391950805, 0.6211853086148916
0.802691391950805, 0.6211853086148916
0.802691391950805, 0.6211853086148916
0.802691391950805, 0.6211853086148916
0.802691391950805, 0.6211853086148916
0.802691391950805, 0.6211853086148916
0.802691391950805, 0.6211853086148916
0.802691391950805, 0.6211853086148916
0.802691391950805, 0.6211853086148916
0.802691391950805, 0.6211853086148916
0.23037809939921128, 0.883575011558747
0.23037809939921128, 0.883575011558747
0.23037809939921128, 0.883575011558747
0.23037809939921128, 0.883575011558747
0.23037809939921128, 0.883575011558747
0.23037809939921128, 0.883575011558747
0.23037809939921128, 0.883575011558747
0.23037809939921128, 0.883575011558747
0.23037809939921128, 0.883575011558747
0.23037809939921128, 0.883575011558747
0.5920608663037498, 0.14820086130150878
0.5920608663037498, 0.14820086130150878
0.5920608663037498, 0.14820086130150878
0.5920608663037498, 0.14820086130150878
0.5920608663037498, 0.14820086130150878
0.5920608663037498, 0.14820086130150878
0.5920608663037498, 0.14820086130150878
0.5920608663037498, 0.14820086130150878
0.5920608663037498, 0.14820086130150878
0.5920608663037498, 0.14820086130150878
0.12388109826774196, 0.06781712722740885
0.12388109826774196, 0.06781712722740885
0.12388109826774196, 0.06781712722740885
0.12388109826774196, 0.06781712722740885
0.12388109826774196, 0.06781712722740885
0.12388109826774196, 0.06781712722740885
0.12388109826774196, 0.06781712722740885
0.12388109826774196, 0.06781712722740885
0.12388109826774196, 0.06781712722740885
0.12388109826774196, 0.06781712722740885
0.0786658790687258, 0.25307821361675875
0.0786658790687258, 0.25307821361675875
0.0786658790687258, 0.25307821361675875
0.0786658790687258, 0.25307821361675875
0.0786658790687258, 0.25307821361675875
0.0786658790687258, 0.25307821361675875
0.0786658790687258, 0.25307821361675875
0.0786658790687258, 0.25307821361675875
0.0786658790687258, 0.25307821361675875
0.0786658790687258, 0.25307821361675875
0.8512300914821677, 0.5582920921283271
0.8512300914821677, 0.5582920921283271
0.8512300914821677, 0.5582920921283271
0.8512300914821677, 0.5582920921283271
0.8512300914821677, 0.5582920921283271
0.8512300914821677, 0.5582920921283271
0.8512300914821677, 0.5582920921283271
0.8512300914821677, 0.5582920921283271
0.8512300914821677, 0.5582920921283271
0.8512300914821677, 0.5582920921283271
0.7751121219623089, 0.6708686383263979
0.7751121219623089, 0.6708686383263979
0.7751121219623089, 0.6708686383263979
0.7751121219623089, 0.6708686383263979
0.7751121219623089, 0.6708686383263979
0.7751121219623089, 0.6708686383263979
0.7751121219623089, 0.6708686383263979
0.7751121219623089, 0.6708686383263979
0.7751121219623089, 0.6708686383263979
0.7751121219623089, 0.6708686383263979
0.9628739107899784, 0.8202330942830004
0.9628739107899784, 0.8202330942830004
0.9628739107899784, 0.8202330942830004
0.9628739107899784, 0.8202330942830004
0.9628739107899784, 0.8202330942830004
0.9628739107899784, 0.8202330942830004
0.9628739107899784, 0.8202330942830004
0.9628739107899784, 0.8202330942830004
0.9628739107899784, 0.8202330942830004
0.9628739107899784, 0.8202330942830004
