1e-05
0.13240534522835723, 0.8187085376833529
0.13240534522835723, 0.8187085376833529
0.13240534522835723, 0.8187085376833529
0.13240534522835723, 0.8187085376833529
0.13240534522835723, 0.8187085376833529
0.13240534522835723, 0.8187085376833529
0.13240534522835723, 0.8187085376833529
0.13240534522835723, 0.8187085376833529
0.13240534522835723, 0.8187085376833529
0.13240534522835723, 0.8187085376833529
0.3812297482598974, 0.9088627763291074
0.3812297482598974, 0.9088627763291074
0.3812297482598974, 0.9088627763291074
0.3812297482598974, 0.9088627763291074
0.3812297482598974, 0.9088627763291074
0.3812297482598974, 0.9088627763291074
0.3812297482598974, 0.9088627763291074
0.3812297482598974, 0.9088627763291074
0.3812297482598974, 0.9088627763291074
0.3812297482598974, 0.9088627763291074
0.41914252757008763, 0.9161560018864868
0.41914252757008763, 0.9161560018864868
0.41914252757008763, 0.9161560018864868
0.41914252757008763, 0.9161560018864868
0.41914252757008763, 0.9161560018864868
0.41914252757008763, 0.9161560018864868
0.41914252757008763, 0.9161560018864868
0.41914252757008763, 0.9161560018864868
0.41914252757008763, 0.9161560018864868
0.41914252757008763, 0.9161560018864868
0.3562752024773439, 0.5031448962292793
0.3562752024773439, 0.5031448962292793
0.3562752024773439, 0.5031448962292793
0.3562752024773439, 0.5031448962292793
0.3562752024773439, 0.5031448962292793
0.3562752024773439, 0.5031448962292793
0.3562752024773439, 0.5031448962292793
0.3562752024773439, 0.5031448962292793
0.3562752024773439, 0.5031448962292793
0.3562752024773439, 0.5031448962292793
0.9853841075405191, 0.5361428278447871
0.9853841075405191, 0.5361428278447871
0.9853841075405191, 0.5361428278447871
0.9853841075405191, 0.5361428278447871
0.9853841075405191, 0.5361428278447871
0.9853841075405191, 0.5361428278447871
0.9853841075405191, 0.5361428278447871
0.9853841075405191, 0.5361428278447871
0.9853841075405191, 0.5361428278447871
0.9853841075405191, 0.5361428278447871
0.874605599834459, 0.5850251758890268
0.874605599834459, 0.5850251758890268
0.874605599834459, 0.5850251758890268
0.874605599834459, 0.5850251758890268
0.874605599834459, 0.5850251758890268
0.874605599834459, 0.5850251758890268
0.874605599834459, 0.5850251758890268
0.874605599834459, 0.5850251758890268
0.874605599834459, 0.5850251758890268
0.874605599834459, 0.5850251758890268
0.8361862090817803, 0.7082465134007265
0.8361862090817803, 0.7082465134007265
0.8361862090817803, 0.7082465134007265
0.8361862090817803, 0.7082465134007265
0.8361862090817803, 0.7082465134007265
0.8361862090817803, 0.7082465134007265
0.8361862090817803, 0.7082465134007265
0.8361862090817803, 0.7082465134007265
0.8361862090817803, 0.7082465134007265
0.8361862090817803, 0.7082465134007265
0.10882512295882474, 0.4960213217555467
0.10882512295882474, 0.4960213217555467
0.10882512295882474, 0.4960213217555467
0.10882512295882474, 0.4960213217555467
0.10882512295882474, 0.4960213217555467
0.10882512295882474, 0.4960213217555467
0.10882512295882474, 0.4960213217555467
0.10882512295882474, 0.4960213217555467
0.10882512295882474, 0.4960213217555467
0.10882512295882474, 0.4960213217555467
0.764327281176957, 0.5451130882668171
0.764327281176957, 0.5451130882668171
0.764327281176957, 0.5451130882668171
0.764327281176957, 0.5451130882668171
0.764327281176957, 0.5451130882668171
0.764327281176957, 0.5451130882668171
0.764327281176957, 0.5451130882668171
0.764327281176957, 0.5451130882668171
0.764327281176957, 0.5451130882668171
0.764327281176957, 0.5451130882668171
0.3093301249155568, 0.6408106735095123
0.3093301249155568, 0.6408106735095123
0.3093301249155568, 0.6408106735095123
0.3093301249155568, 0.6408106735095123
0.3093301249155568, 0.6408106735095123
0.3093301249155568, 0.6408106735095123
0.3093301249155568, 0.6408106735095123
0.3093301249155568, 0.6408106735095123
0.3093301249155568, 0.6408106735095123
0.3093301249155568, 0.6408106735095123
