1e-05
0.2924683614950919, 0.6242507116368831
0.2924683614950919, 0.6242507116368831
0.2924683614950919, 0.6242507116368831
0.2924683614950919, 0.6242507116368831
0.2924683614950919, 0.6242507116368831
0.2924683614950919, 0.6242507116368831
0.2924683614950919, 0.6242507116368831
0.2924683614950919, 0.6242507116368831
0.2924683614950919, 0.6242507116368831
0.2924683614950919, 0.6242507116368831
0.9699481705787844, 0.7484025312912892
0.9699481705787844, 0.7484025312912892
0.9699481705787844, 0.7484025312912892
0.9699481705787844, 0.7484025312912892
0.9699481705787844, 0.7484025312912892
0.9699481705787844, 0.7484025312912892
0.9699481705787844, 0.7484025312912892
0.9699481705787844, 0.7484025312912892
0.9699481705787844, 0.7484025312912892
0.9699481705787844, 0.7484025312912892
0.29121940348571007, 0.9609252080798955
0.29121940348571007, 0.9609252080798955
0.29121940348571007, 0.9609252080798955
0.29121940348571007, 0.9609252080798955
0.29121940348571007, 0.9609252080798955
0.29121940348571007, 0.9609252080798955
0.29121940348571007, 0.9609252080798955
0.29121940348571007, 0.9609252080798955
0.29121940348571007, 0.9609252080798955
0.29121940348571007, 0.9609252080798955
0.19649184322625768, 0.1552122982421248
0.19649184322625768, 0.1552122982421248
0.19649184322625768, 0.1552122982421248
0.19649184322625768, 0.1552122982421248
0.19649184322625768, 0.1552122982421248
0.19649184322625768, 0.1552122982421248
0.19649184322625768, 0.1552122982421248
0.19649184322625768, 0.1552122982421248
0.19649184322625768, 0.1552122982421248
0.19649184322625768, 0.1552122982421248
0.25182698225195166, 0.08473417663814042
0.25182698225195166, 0.08473417663814042
0.25182698225195166, 0.08473417663814042
0.25182698225195166, 0.08473417663814042
0.25182698225195166, 0.08473417663814042
0.25182698225195166, 0.08473417663814042
0.25182698225195166, 0.08473417663814042
0.25182698225195166, 0.08473417663814042
0.25182698225195166, 0.08473417663814042
0.25182698225195166, 0.08473417663814042
0.18173945142848202, 0.061309136491241256
0.18173945142848202, 0.061309136491241256
0.18173945142848202, 0.061309136491241256
0.18173945142848202, 0.061309136491241256
0.18173945142848202, 0.061309136491241256
0.18173945142848202, 0.061309136491241256
0.18173945142848202, 0.061309136491241256
0.18173945142848202, 0.061309136491241256
0.18173945142848202, 0.061309136491241256
0.18173945142848202, 0.061309136491241256
0.918721652936343, 0.3687305869515979
0.918721652936343, 0.3687305869515979
0.918721652936343, 0.3687305869515979
0.918721652936343, 0.3687305869515979
0.918721652936343, 0.3687305869515979
0.918721652936343, 0.3687305869515979
0.918721652936343, 0.3687305869515979
0.918721652936343, 0.3687305869515979
0.918721652936343, 0.3687305869515979
0.918721652936343, 0.3687305869515979
0.8959805950179018, 0.07610969371144694
0.8959805950179018, 0.07610969371144694
0.8959805950179018, 0.07610969371144694
0.8959805950179018, 0.07610969371144694
0.8959805950179018, 0.07610969371144694
0.8959805950179018, 0.07610969371144694
0.8959805950179018, 0.07610969371144694
0.8959805950179018, 0.07610969371144694
0.8959805950179018, 0.07610969371144694
0.8959805950179018, 0.07610969371144694
0.009834502423827218, 0.6372448254229722
0.009834502423827218, 0.6372448254229722
0.009834502423827218, 0.6372448254229722
0.009834502423827218, 0.6372448254229722
0.009834502423827218, 0.6372448254229722
0.009834502423827218, 0.6372448254229722
0.009834502423827218, 0.6372448254229722
0.009834502423827218, 0.6372448254229722
0.009834502423827218, 0.6372448254229722
0.009834502423827218, 0.6372448254229722
0.13108810780940716, 0.7226066299934563
0.13108810780940716, 0.7226066299934563
0.13108810780940716, 0.7226066299934563
0.13108810780940716, 0.7226066299934563
0.13108810780940716, 0.7226066299934563
0.13108810780940716, 0.7226066299934563
0.13108810780940716, 0.7226066299934563
0.13108810780940716, 0.7226066299934563
0.13108810780940716, 0.7226066299934563
0.13108810780940716, 0.7226066299934563
