1e-05
0.6756440339964792, 0.7591901787950603
0.6756440339964792, 0.7591901787950603
0.6756440339964792, 0.7591901787950603
0.6756440339964792, 0.7591901787950603
0.6756440339964792, 0.7591901787950603
0.6756440339964792, 0.7591901787950603
0.6756440339964792, 0.7591901787950603
0.6756440339964792, 0.7591901787950603
0.6756440339964792, 0.7591901787950603
0.6756440339964792, 0.7591901787950603
0.4528207124447259, 0.38880245401769387
0.4528207124447259, 0.38880245401769387
0.4528207124447259, 0.38880245401769387
0.4528207124447259, 0.38880245401769387
0.4528207124447259, 0.38880245401769387
0.4528207124447259, 0.38880245401769387
0.4528207124447259, 0.38880245401769387
0.4528207124447259, 0.38880245401769387
0.4528207124447259, 0.38880245401769387
0.4528207124447259, 0.38880245401769387
0.01082376658962636, 0.3086954707107258
0.01082376658962636, 0.3086954707107258
0.01082376658962636, 0.3086954707107258
0.01082376658962636, 0.3086954707107258
0.01082376658962636, 0.3086954707107258
0.01082376658962636, 0.3086954707107258
0.01082376658962636, 0.3086954707107258
0.01082376658962636, 0.3086954707107258
0.01082376658962636, 0.3086954707107258
0.01082376658962636, 0.3086954707107258
0.7970162441612009, 0.6427208477986198
0.7970162441612009, 0.6427208477986198
0.7970162441612009, 0.6427208477986198
0.7970162441612009, 0.6427208477986198
0.7970162441612009, 0.6427208477986198
0.7970162441612009, 0.6427208477986198
0.7970162441612009, 0.6427208477986198
0.7970162441612009, 0.6427208477986198
0.7970162441612009, 0.6427208477986198
0.7970162441612009, 0.6427208477986198
0.8879283868841028, 0.9041653257297273
0.8879283868841028, 0.9041653257297273
0.8879283868841028, 0.9041653257297273
0.8879283868841028, 0.9041653257297273
0.8879283868841028, 0.9041653257297273
0.8879283868841028, 0.9041653257297273
0.8879283868841028, 0.9041653257297273
0.8879283868841028, 0.9041653257297273
0.8879283868841028, 0.9041653257297273
0.8879283868841028, 0.9041653257297273
0.7751412640681228, 0.19749783383210862
0.7751412640681228, 0.19749783383210862
0.7751412640681228, 0.19749783383210862
0.7751412640681228, 0.19749783383210862
0.7751412640681228, 0.19749783383210862
0.7751412640681228, 0.19749783383210862
0.7751412640681228, 0.19749783383210862
0.7751412640681228, 0.19749783383210862
0.7751412640681228, 0.19749783383210862
0.7751412640681228, 0.19749783383210862
0.08268872923139126, 0.5534257925306653
0.08268872923139126, 0.5534257925306653
0.08268872923139126, 0.5534257925306653
0.08268872923139126, 0.5534257925306653
0.08268872923139126, 0.5534257925306653
0.08268872923139126, 0.5534257925306653
0.08268872923139126, 0.5534257925306653
0.08268872923139126, 0.5534257925306653
0.08268872923139126, 0.5534257925306653
0.08268872923139126, 0.5534257925306653
0.40213346108537995, 0.5732930436252317
0.40213346108537995, 0.5732930436252317
0.40213346108537995, 0.5732930436252317
0.40213346108537995, 0.5732930436252317
0.40213346108537995, 0.5732930436252317
0.40213346108537995, 0.5732930436252317
0.40213346108537995, 0.5732930436252317
0.40213346108537995, 0.5732930436252317
0.40213346108537995, 0.5732930436252317
0.40213346108537995, 0.5732930436252317
0.1271810455365533, 0.940112459255761
0.1271810455365533, 0.940112459255761
0.1271810455365533, 0.940112459255761
0.1271810455365533, 0.940112459255761
0.1271810455365533, 0.940112459255761
0.1271810455365533, 0.940112459255761
0.1271810455365533, 0.940112459255761
0.1271810455365533, 0.940112459255761
0.1271810455365533, 0.940112459255761
0.1271810455365533, 0.940112459255761
0.7692221697154906, 0.30226664045082097
0.7692221697154906, 0.30226664045082097
0.7692221697154906, 0.30226664045082097
0.7692221697154906, 0.30226664045082097
0.7692221697154906, 0.30226664045082097
0.7692221697154906, 0.30226664045082097
0.7692221697154906, 0.30226664045082097
0.7692221697154906, 0.30226664045082097
0.7692221697154906, 0.30226664045082097
0.7692221697154906, 0.30226664045082097
