1e-05
0.7380074340925586, 0.061239681345429675
0.7380074340925586, 0.061239681345429675
0.7380074340925586, 0.061239681345429675
0.7380074340925586, 0.061239681345429675
0.7380074340925586, 0.061239681345429675
0.7380074340925586, 0.061239681345429675
0.7380074340925586, 0.061239681345429675
0.7380074340925586, 0.061239681345429675
0.7380074340925586, 0.061239681345429675
0.7380074340925586, 0.061239681345429675
0.10876843675142189, 0.8373023994084242
0.10876843675142189, 0.8373023994084242
0.10876843675142189, 0.8373023994084242
0.10876843675142189, 0.8373023994084242
0.10876843675142189, 0.8373023994084242
0.10876843675142189, 0.8373023994084242
0.10876843675142189, 0.8373023994084242
0.10876843675142189, 0.8373023994084242
0.10876843675142189, 0.8373023994084242
0.10876843675142189, 0.8373023994084242
0.6201552449021567, 0.005422722496333243
0.6201552449021567, 0.005422722496333243
0.6201552449021567, 0.005422722496333243
0.6201552449021567, 0.005422722496333243
0.6201552449021567, 0.005422722496333243
0.6201552449021567, 0.005422722496333243
0.6201552449021567, 0.005422722496333243
0.6201552449021567, 0.005422722496333243
0.6201552449021567, 0.005422722496333243
0.6201552449021567, 0.005422722496333243
0.40812445686745846, 0.11505557295380353
0.40812445686745846, 0.11505557295380353
0.40812445686745846, 0.11505557295380353
0.40812445686745846, 0.11505557295380353
0.40812445686745846, 0.11505557295380353
0.40812445686745846, 0.11505557295380353
0.40812445686745846, 0.11505557295380353
0.40812445686745846, 0.11505557295380353
0.40812445686745846, 0.11505557295380353
0.40812445686745846, 0.11505557295380353
0.055122628684535546, 0.4853410472994343
0.055122628684535546, 0.4853410472994343
0.055122628684535546, 0.4853410472994343
0.055122628684535546, 0.4853410472994343
0.055122628684535546, 0.4853410472994343
0.055122628684535546, 0.4853410472994343
0.055122628684535546, 0.4853410472994343
0.055122628684535546, 0.4853410472994343
0.055122628684535546, 0.4853410472994343
0.055122628684535546, 0.4853410472994343
0.6274363590298384, 0.6322118791145153
0.6274363590298384, 0.6322118791145153
0.6274363590298384, 0.6322118791145153
0.6274363590298384, 0.6322118791145153
0.6274363590298384, 0.6322118791145153
0.6274363590298384, 0.6322118791145153
0.6274363590298384, 0.6322118791145153
0.6274363590298384, 0.6322118791145153
0.6274363590298384, 0.6322118791145153
0.6274363590298384, 0.6322118791145153
0.2457134681259453, 0.5598900693710332
0.2457134681259453, 0.5598900693710332
0.2457134681259453, 0.5598900693710332
0.2457134681259453, 0.5598900693710332
0.2457134681259453, 0.5598900693710332
0.2457134681259453, 0.5598900693710332
0.2457134681259453, 0.5598900693710332
0.2457134681259453, 0.5598900693710332
0.2457134681259453, 0.5598900693710332
0.2457134681259453, 0.5598900693710332
0.2734554546593335, 0.7032432960041571
0.2734554546593335, 0.7032432960041571
0.2734554546593335, 0.7032432960041571
0.2734554546593335, 0.7032432960041571
0.2734554546593335, 0.7032432960041571
0.2734554546593335, 0.7032432960041571
0.2734554546593335, 0.7032432960041571
0.2734554546593335, 0.7032432960041571
0.2734554546593335, 0.7032432960041571
0.2734554546593335, 0.7032432960041571
0.4210192934849307, 0.6611965069360393
0.4210192934849307, 0.6611965069360393
0.4210192934849307, 0.6611965069360393
0.4210192934849307, 0.6611965069360393
0.4210192934849307, 0.6611965069360393
0.4210192934849307, 0.6611965069360393
0.4210192934849307, 0.6611965069360393
0.4210192934849307, 0.6611965069360393
0.4210192934849307, 0.6611965069360393
0.4210192934849307, 0.6611965069360393
0.967111998092061, 0.6579195237145655
0.967111998092061, 0.6579195237145655
0.967111998092061, 0.6579195237145655
0.967111998092061, 0.6579195237145655
0.967111998092061, 0.6579195237145655
0.967111998092061, 0.6579195237145655
0.967111998092061, 0.6579195237145655
0.967111998092061, 0.6579195237145655
0.967111998092061, 0.6579195237145655
0.967111998092061, 0.6579195237145655
