1e-05
0.27687872169662786, 0.15341782868151332
0.9394905874864174, 0.3525854164115638
0.474902143205823, 0.9931720187714991
0.30146427721473235, 0.9295819896489271
0.5899281480703035, 0.4583635582130271
0.6981539021688683, 0.7514620705310207
0.42252710317412856, 0.4375138871363725
0.9289213045796212, 0.9570341777692184
0.023217239700751957, 0.9523836215828902
0.33040616594308103, 0.926496253437303
0.4053633021981, 0.06437756155423424
0.03464816338354104, 0.2570168067212132
0.5064530476256124, 0.6838884005593214
0.5140791268395115, 0.4808296209722005
0.8191173335868865, 0.73205452680608
0.7722460674463394, 0.10830460556905341
0.6352093131672294, 0.11988835974360945
0.41087733698775386, 0.8284007526205022
0.24786336156590738, 0.9617138662193203
0.44902945208393463, 0.29953417505375446
0.12645976587976016, 0.18254730264860441
0.43511896727721433, 0.08116301962456685
0.784680986193454, 0.24149736965220658
0.7271020526421715, 0.7482626849577589
0.11854256987680778, 0.5736484758214296
0.27716925424656247, 0.4984851063386663
0.5155990234846044, 0.06500105697867864
0.04858848898123824, 0.43120580455119106
0.12189752907671814, 0.4251047504519073
0.3914509239508821, 0.9720761137944254
0.9289865607869461, 0.18101449987771367
0.4967981316034227, 0.5340625060202671
0.12809209231458618, 0.24431990802116688
0.7897251219322631, 0.9809055333614238
0.904639148525652, 0.11523049217858372
0.036880123751858895, 0.5824399402365226
0.13740526356893146, 0.3175093525639986
0.6717612362252631, 0.5844782562605031
0.15969209661288408, 0.9322098529490066
0.6954677379501247, 0.8211072100312777
0.9980213761440764, 0.37415201268060194
0.5377470979561918, 0.03247557185104688
0.3136989933898675, 0.19981588920632998
0.40999172043001897, 0.7942459062801212
0.9327129965332288, 0.5778783386753115
0.8510072039656156, 0.9388879662799146
0.5679931945827102, 0.854501154711608
0.5708528893312645, 0.10253954184477221
0.21008201097945733, 0.6384144429968882
0.279742073808269, 0.9730692167886068
0.8129469566237332, 0.7881592012525196
0.6040199355624566, 0.30154074281438303
0.8591531022195086, 0.26000087828892227
0.773957664606848, 0.7965581295386895
0.4558218472150858, 0.36046352268537674
0.7285470750232395, 0.9157030639086357
0.015727153082350953, 0.7180835522982167
0.22235974459824703, 0.5613972970294333
0.2586334257686612, 0.5595187901666467
0.97440296382593, 0.8986402798573654
0.4842635580810345, 0.6863597005338592
0.34256191398793245, 0.7881419141467589
0.6541663864590592, 0.16461208515976433
0.6375011197668463, 0.627079043533116
0.3955722869640904, 0.2996433479509786
0.606679886182629, 0.46534138620203636
0.6012332949600621, 0.8074568633849953
0.6326998046279138, 0.4462313788959593
0.9387379506838042, 0.7521569868641704
0.7245400246765349, 0.2246388544032908
0.9531462080501185, 0.9563476723825174
0.9624514682760092, 0.9487390375519513
0.32908056332161306, 0.38875292676273976
0.317065541953349, 0.8672497255004246
0.9886455046745616, 0.33699262801939034
0.71449710553878, 0.5094804747126824
0.7679885468463403, 0.34768768234526237
0.6329899234270169, 0.22320630638914163
0.6821743506222024, 0.3336290608852376
0.19323184027451046, 0.8648574451193601
0.7570661082494389, 0.3412072199276923
0.3911989491908502, 0.42107967184295125
0.7906640001715507, 0.97126635104598
0.4161706119884311, 0.8477653591492179
0.103753624516155, 0.5033752687041965
0.17442164921736736, 0.34926568822302095
0.3263123815832243, 0.9104922941715988
0.925097510047012, 0.8628163388888401
0.7649934179090735, 0.6760906710985662
0.46376777736462105, 0.33014415406232334
0.36850141998342845, 0.26209715229464026
0.9636867486664125, 0.5866922467288935
0.14608969305302855, 0.2526707943786397
0.179097994663712, 0.4258808052244425
0.463892240270384, 0.4009514831034974
0.7951228307400002, 0.041109148620425695
0.05507997909654749, 0.1634859834570246
0.0240165936877752, 0.590973065311417
0.7234015997408865, 0.001765795456863395
0.5062873807763306, 0.6632482544696404
