1e-05
0.9601528041526366, 0.5522133697638533
0.9601528041526366, 0.5522133697638533
0.9601528041526366, 0.5522133697638533
0.9601528041526366, 0.5522133697638533
0.9601528041526366, 0.5522133697638533
0.9601528041526366, 0.5522133697638533
0.9601528041526366, 0.5522133697638533
0.9601528041526366, 0.5522133697638533
0.9601528041526366, 0.5522133697638533
0.9601528041526366, 0.5522133697638533
0.8762229950611765, 0.7754196925097293
0.8762229950611765, 0.7754196925097293
0.8762229950611765, 0.7754196925097293
0.8762229950611765, 0.7754196925097293
0.8762229950611765, 0.7754196925097293
0.8762229950611765, 0.7754196925097293
0.8762229950611765, 0.7754196925097293
0.8762229950611765, 0.7754196925097293
0.8762229950611765, 0.7754196925097293
0.8762229950611765, 0.7754196925097293
0.18105645898406553, 0.25351193311108156
0.18105645898406553, 0.25351193311108156
0.18105645898406553, 0.25351193311108156
0.18105645898406553, 0.25351193311108156
0.18105645898406553, 0.25351193311108156
0.18105645898406553, 0.25351193311108156
0.18105645898406553, 0.25351193311108156
0.18105645898406553, 0.25351193311108156
0.18105645898406553, 0.25351193311108156
0.18105645898406553, 0.25351193311108156
0.9719732931224808, 0.49200675505889013
0.9719732931224808, 0.49200675505889013
0.9719732931224808, 0.49200675505889013
0.9719732931224808, 0.49200675505889013
0.9719732931224808, 0.49200675505889013
0.9719732931224808, 0.49200675505889013
0.9719732931224808, 0.49200675505889013
0.9719732931224808, 0.49200675505889013
0.9719732931224808, 0.49200675505889013
0.9719732931224808, 0.49200675505889013
0.05288221364575807, 0.37890230238800515
0.05288221364575807, 0.37890230238800515
0.05288221364575807, 0.37890230238800515
0.05288221364575807, 0.37890230238800515
0.05288221364575807, 0.37890230238800515
0.05288221364575807, 0.37890230238800515
0.05288221364575807, 0.37890230238800515
0.05288221364575807, 0.37890230238800515
0.05288221364575807, 0.37890230238800515
0.05288221364575807, 0.37890230238800515
0.4537962568440377, 0.8328751676641424
0.4537962568440377, 0.8328751676641424
0.4537962568440377, 0.8328751676641424
0.4537962568440377, 0.8328751676641424
0.4537962568440377, 0.8328751676641424
0.4537962568440377, 0.8328751676641424
0.4537962568440377, 0.8328751676641424
0.4537962568440377, 0.8328751676641424
0.4537962568440377, 0.8328751676641424
0.4537962568440377, 0.8328751676641424
0.012034495926881883, 0.42707706720943006
0.012034495926881883, 0.42707706720943006
0.012034495926881883, 0.42707706720943006
0.012034495926881883, 0.42707706720943006
0.012034495926881883, 0.42707706720943006
0.012034495926881883, 0.42707706720943006
0.012034495926881883, 0.42707706720943006
0.012034495926881883, 0.42707706720943006
0.012034495926881883, 0.42707706720943006
0.012034495926881883, 0.42707706720943006
0.9202613608400495, 0.7778920767714341
0.9202613608400495, 0.7778920767714341
0.9202613608400495, 0.7778920767714341
0.9202613608400495, 0.7778920767714341
0.9202613608400495, 0.7778920767714341
0.9202613608400495, 0.7778920767714341
0.9202613608400495, 0.7778920767714341
0.9202613608400495, 0.7778920767714341
0.9202613608400495, 0.7778920767714341
0.9202613608400495, 0.7778920767714341
0.9353540732001301, 0.7630769654124169
0.9353540732001301, 0.7630769654124169
0.9353540732001301, 0.7630769654124169
0.9353540732001301, 0.7630769654124169
0.9353540732001301, 0.7630769654124169
0.9353540732001301, 0.7630769654124169
0.9353540732001301, 0.7630769654124169
0.9353540732001301, 0.7630769654124169
0.9353540732001301, 0.7630769654124169
0.9353540732001301, 0.7630769654124169
0.9512512958119165, 0.6293374111750003
0.9512512958119165, 0.6293374111750003
0.9512512958119165, 0.6293374111750003
0.9512512958119165, 0.6293374111750003
0.9512512958119165, 0.6293374111750003
0.9512512958119165, 0.6293374111750003
0.9512512958119165, 0.6293374111750003
0.9512512958119165, 0.6293374111750003
0.9512512958119165, 0.6293374111750003
0.9512512958119165, 0.6293374111750003
