1e-05
0.8112935352397022, 0.4196985744220548
0.8112935352397022, 0.4196985744220548
0.8112935352397022, 0.4196985744220548
0.8112935352397022, 0.4196985744220548
0.8112935352397022, 0.4196985744220548
0.8112935352397022, 0.4196985744220548
0.8112935352397022, 0.4196985744220548
0.8112935352397022, 0.4196985744220548
0.8112935352397022, 0.4196985744220548
0.8112935352397022, 0.4196985744220548
0.40240222742961484, 0.9754616334191297
0.40240222742961484, 0.9754616334191297
0.40240222742961484, 0.9754616334191297
0.40240222742961484, 0.9754616334191297
0.40240222742961484, 0.9754616334191297
0.40240222742961484, 0.9754616334191297
0.40240222742961484, 0.9754616334191297
0.40240222742961484, 0.9754616334191297
0.40240222742961484, 0.9754616334191297
0.40240222742961484, 0.9754616334191297
0.7587069513468878, 0.3870599031954708
0.7587069513468878, 0.3870599031954708
0.7587069513468878, 0.3870599031954708
0.7587069513468878, 0.3870599031954708
0.7587069513468878, 0.3870599031954708
0.7587069513468878, 0.3870599031954708
0.7587069513468878, 0.3870599031954708
0.7587069513468878, 0.3870599031954708
0.7587069513468878, 0.3870599031954708
0.7587069513468878, 0.3870599031954708
0.14083902403456228, 0.9905305220435396
0.14083902403456228, 0.9905305220435396
0.14083902403456228, 0.9905305220435396
0.14083902403456228, 0.9905305220435396
0.14083902403456228, 0.9905305220435396
0.14083902403456228, 0.9905305220435396
0.14083902403456228, 0.9905305220435396
0.14083902403456228, 0.9905305220435396
0.14083902403456228, 0.9905305220435396
0.14083902403456228, 0.9905305220435396
0.3183992968549413, 0.3395110315548914
0.3183992968549413, 0.3395110315548914
0.3183992968549413, 0.3395110315548914
0.3183992968549413, 0.3395110315548914
0.3183992968549413, 0.3395110315548914
0.3183992968549413, 0.3395110315548914
0.3183992968549413, 0.3395110315548914
0.3183992968549413, 0.3395110315548914
0.3183992968549413, 0.3395110315548914
0.3183992968549413, 0.3395110315548914
0.6544591341507313, 0.2739081885947333
0.6544591341507313, 0.2739081885947333
0.6544591341507313, 0.2739081885947333
0.6544591341507313, 0.2739081885947333
0.6544591341507313, 0.2739081885947333
0.6544591341507313, 0.2739081885947333
0.6544591341507313, 0.2739081885947333
0.6544591341507313, 0.2739081885947333
0.6544591341507313, 0.2739081885947333
0.6544591341507313, 0.2739081885947333
0.6873761367211187, 0.5633319007340523
0.6873761367211187, 0.5633319007340523
0.6873761367211187, 0.5633319007340523
0.6873761367211187, 0.5633319007340523
0.6873761367211187, 0.5633319007340523
0.6873761367211187, 0.5633319007340523
0.6873761367211187, 0.5633319007340523
0.6873761367211187, 0.5633319007340523
0.6873761367211187, 0.5633319007340523
0.6873761367211187, 0.5633319007340523
0.9196884873972302, 0.4219844314745923
0.9196884873972302, 0.4219844314745923
0.9196884873972302, 0.4219844314745923
0.9196884873972302, 0.4219844314745923
0.9196884873972302, 0.4219844314745923
0.9196884873972302, 0.4219844314745923
0.9196884873972302, 0.4219844314745923
0.9196884873972302, 0.4219844314745923
0.9196884873972302, 0.4219844314745923
0.9196884873972302, 0.4219844314745923
0.2622259502248043, 0.5485988591336931
0.2622259502248043, 0.5485988591336931
0.2622259502248043, 0.5485988591336931
0.2622259502248043, 0.5485988591336931
0.2622259502248043, 0.5485988591336931
0.2622259502248043, 0.5485988591336931
0.2622259502248043, 0.5485988591336931
0.2622259502248043, 0.5485988591336931
0.2622259502248043, 0.5485988591336931
0.2622259502248043, 0.5485988591336931
0.6033797801311684, 0.6527597940901401
0.6033797801311684, 0.6527597940901401
0.6033797801311684, 0.6527597940901401
0.6033797801311684, 0.6527597940901401
0.6033797801311684, 0.6527597940901401
0.6033797801311684, 0.6527597940901401
0.6033797801311684, 0.6527597940901401
0.6033797801311684, 0.6527597940901401
0.6033797801311684, 0.6527597940901401
0.6033797801311684, 0.6527597940901401
