1e-05
0.19358262557467076, 0.4056707101870214
0.19358262557467076, 0.4056707101870214
0.19358262557467076, 0.4056707101870214
0.19358262557467076, 0.4056707101870214
0.19358262557467076, 0.4056707101870214
0.19358262557467076, 0.4056707101870214
0.19358262557467076, 0.4056707101870214
0.19358262557467076, 0.4056707101870214
0.19358262557467076, 0.4056707101870214
0.19358262557467076, 0.4056707101870214
0.25656230915317024, 0.46305845857264394
0.25656230915317024, 0.46305845857264394
0.25656230915317024, 0.46305845857264394
0.25656230915317024, 0.46305845857264394
0.25656230915317024, 0.46305845857264394
0.25656230915317024, 0.46305845857264394
0.25656230915317024, 0.46305845857264394
0.25656230915317024, 0.46305845857264394
0.25656230915317024, 0.46305845857264394
0.25656230915317024, 0.46305845857264394
0.798604004949269, 0.8402403224957788
0.798604004949269, 0.8402403224957788
0.798604004949269, 0.8402403224957788
0.798604004949269, 0.8402403224957788
0.798604004949269, 0.8402403224957788
0.798604004949269, 0.8402403224957788
0.798604004949269, 0.8402403224957788
0.798604004949269, 0.8402403224957788
0.798604004949269, 0.8402403224957788
0.798604004949269, 0.8402403224957788
0.6988172172768443, 0.9269290056730026
0.6988172172768443, 0.9269290056730026
0.6988172172768443, 0.9269290056730026
0.6988172172768443, 0.9269290056730026
0.6988172172768443, 0.9269290056730026
0.6988172172768443, 0.9269290056730026
0.6988172172768443, 0.9269290056730026
0.6988172172768443, 0.9269290056730026
0.6988172172768443, 0.9269290056730026
0.6988172172768443, 0.9269290056730026
0.625292356733349, 0.37262956449550455
0.625292356733349, 0.37262956449550455
0.625292356733349, 0.37262956449550455
0.625292356733349, 0.37262956449550455
0.625292356733349, 0.37262956449550455
0.625292356733349, 0.37262956449550455
0.625292356733349, 0.37262956449550455
0.625292356733349, 0.37262956449550455
0.625292356733349, 0.37262956449550455
0.625292356733349, 0.37262956449550455
0.8494575198416711, 0.306370069916434
0.8494575198416711, 0.306370069916434
0.8494575198416711, 0.306370069916434
0.8494575198416711, 0.306370069916434
0.8494575198416711, 0.306370069916434
0.8494575198416711, 0.306370069916434
0.8494575198416711, 0.306370069916434
0.8494575198416711, 0.306370069916434
0.8494575198416711, 0.306370069916434
0.8494575198416711, 0.306370069916434
0.02328299493244468, 0.4251365962831054
0.02328299493244468, 0.4251365962831054
0.02328299493244468, 0.4251365962831054
0.02328299493244468, 0.4251365962831054
0.02328299493244468, 0.4251365962831054
0.02328299493244468, 0.4251365962831054
0.02328299493244468, 0.4251365962831054
0.02328299493244468, 0.4251365962831054
0.02328299493244468, 0.4251365962831054
0.02328299493244468, 0.4251365962831054
0.5252742666301965, 0.3821270035945641
0.5252742666301965, 0.3821270035945641
0.5252742666301965, 0.3821270035945641
0.5252742666301965, 0.3821270035945641
0.5252742666301965, 0.3821270035945641
0.5252742666301965, 0.3821270035945641
0.5252742666301965, 0.3821270035945641
0.5252742666301965, 0.3821270035945641
0.5252742666301965, 0.3821270035945641
0.5252742666301965, 0.3821270035945641
0.03129332710375543, 0.8555165863726527
0.03129332710375543, 0.8555165863726527
0.03129332710375543, 0.8555165863726527
0.03129332710375543, 0.8555165863726527
0.03129332710375543, 0.8555165863726527
0.03129332710375543, 0.8555165863726527
0.03129332710375543, 0.8555165863726527
0.03129332710375543, 0.8555165863726527
0.03129332710375543, 0.8555165863726527
0.03129332710375543, 0.8555165863726527
0.460198339014679, 0.7845578704520283
0.460198339014679, 0.7845578704520283
0.460198339014679, 0.7845578704520283
0.460198339014679, 0.7845578704520283
0.460198339014679, 0.7845578704520283
0.460198339014679, 0.7845578704520283
0.460198339014679, 0.7845578704520283
0.460198339014679, 0.7845578704520283
0.460198339014679, 0.7845578704520283
0.460198339014679, 0.7845578704520283
