1e-05
0.1934673827191491, 0.9924048539368573
0.1934673827191491, 0.9924048539368573
0.1934673827191491, 0.9924048539368573
0.1934673827191491, 0.9924048539368573
0.1934673827191491, 0.9924048539368573
0.1934673827191491, 0.9924048539368573
0.1934673827191491, 0.9924048539368573
0.1934673827191491, 0.9924048539368573
0.1934673827191491, 0.9924048539368573
0.1934673827191491, 0.9924048539368573
0.45322071190623925, 0.10672350707750133
0.45322071190623925, 0.10672350707750133
0.45322071190623925, 0.10672350707750133
0.45322071190623925, 0.10672350707750133
0.45322071190623925, 0.10672350707750133
0.45322071190623925, 0.10672350707750133
0.45322071190623925, 0.10672350707750133
0.45322071190623925, 0.10672350707750133
0.45322071190623925, 0.10672350707750133
0.45322071190623925, 0.10672350707750133
0.7415452954962936, 0.13639343543063076
0.7415452954962936, 0.13639343543063076
0.7415452954962936, 0.13639343543063076
0.7415452954962936, 0.13639343543063076
0.7415452954962936, 0.13639343543063076
0.7415452954962936, 0.13639343543063076
0.7415452954962936, 0.13639343543063076
0.7415452954962936, 0.13639343543063076
0.7415452954962936, 0.13639343543063076
0.7415452954962936, 0.13639343543063076
0.2788801890493552, 0.6816788066633045
0.2788801890493552, 0.6816788066633045
0.2788801890493552, 0.6816788066633045
0.2788801890493552, 0.6816788066633045
0.2788801890493552, 0.6816788066633045
0.2788801890493552, 0.6816788066633045
0.2788801890493552, 0.6816788066633045
0.2788801890493552, 0.6816788066633045
0.2788801890493552, 0.6816788066633045
0.2788801890493552, 0.6816788066633045
0.2104963092340143, 0.26019448752675345
0.2104963092340143, 0.26019448752675345
0.2104963092340143, 0.26019448752675345
0.2104963092340143, 0.26019448752675345
0.2104963092340143, 0.26019448752675345
0.2104963092340143, 0.26019448752675345
0.2104963092340143, 0.26019448752675345
0.2104963092340143, 0.26019448752675345
0.2104963092340143, 0.26019448752675345
0.2104963092340143, 0.26019448752675345
0.8695886917036647, 0.8699540762119131
0.8695886917036647, 0.8699540762119131
0.8695886917036647, 0.8699540762119131
0.8695886917036647, 0.8699540762119131
0.8695886917036647, 0.8699540762119131
0.8695886917036647, 0.8699540762119131
0.8695886917036647, 0.8699540762119131
0.8695886917036647, 0.8699540762119131
0.8695886917036647, 0.8699540762119131
0.8695886917036647, 0.8699540762119131
0.4181657084307775, 0.7716445030745024
0.4181657084307775, 0.7716445030745024
0.4181657084307775, 0.7716445030745024
0.4181657084307775, 0.7716445030745024
0.4181657084307775, 0.7716445030745024
0.4181657084307775, 0.7716445030745024
0.4181657084307775, 0.7716445030745024
0.4181657084307775, 0.7716445030745024
0.4181657084307775, 0.7716445030745024
0.4181657084307775, 0.7716445030745024
0.37262732329847714, 0.35964510388625515
0.37262732329847714, 0.35964510388625515
0.37262732329847714, 0.35964510388625515
0.37262732329847714, 0.35964510388625515
0.37262732329847714, 0.35964510388625515
0.37262732329847714, 0.35964510388625515
0.37262732329847714, 0.35964510388625515
0.37262732329847714, 0.35964510388625515
0.37262732329847714, 0.35964510388625515
0.37262732329847714, 0.35964510388625515
0.08067131748442613, 0.7683363422253396
0.08067131748442613, 0.7683363422253396
0.08067131748442613, 0.7683363422253396
0.08067131748442613, 0.7683363422253396
0.08067131748442613, 0.7683363422253396
0.08067131748442613, 0.7683363422253396
0.08067131748442613, 0.7683363422253396
0.08067131748442613, 0.7683363422253396
0.08067131748442613, 0.7683363422253396
0.08067131748442613, 0.7683363422253396
0.0788538859317175, 0.925842995557152
0.0788538859317175, 0.925842995557152
0.0788538859317175, 0.925842995557152
0.0788538859317175, 0.925842995557152
0.0788538859317175, 0.925842995557152
0.0788538859317175, 0.925842995557152
0.0788538859317175, 0.925842995557152
0.0788538859317175, 0.925842995557152
0.0788538859317175, 0.925842995557152
0.0788538859317175, 0.925842995557152
