1e-05
0.8971797827182609, 0.8188811581423453
0.8971797827182609, 0.8188811581423453
0.8971797827182609, 0.8188811581423453
0.8971797827182609, 0.8188811581423453
0.8971797827182609, 0.8188811581423453
0.8971797827182609, 0.8188811581423453
0.8971797827182609, 0.8188811581423453
0.8971797827182609, 0.8188811581423453
0.8971797827182609, 0.8188811581423453
0.8971797827182609, 0.8188811581423453
0.02870565943737924, 0.28039774818360963
0.02870565943737924, 0.28039774818360963
0.02870565943737924, 0.28039774818360963
0.02870565943737924, 0.28039774818360963
0.02870565943737924, 0.28039774818360963
0.02870565943737924, 0.28039774818360963
0.02870565943737924, 0.28039774818360963
0.02870565943737924, 0.28039774818360963
0.02870565943737924, 0.28039774818360963
0.02870565943737924, 0.28039774818360963
0.7294782194518415, 0.18729485903951537
0.7294782194518415, 0.18729485903951537
0.7294782194518415, 0.18729485903951537
0.7294782194518415, 0.18729485903951537
0.7294782194518415, 0.18729485903951537
0.7294782194518415, 0.18729485903951537
0.7294782194518415, 0.18729485903951537
0.7294782194518415, 0.18729485903951537
0.7294782194518415, 0.18729485903951537
0.7294782194518415, 0.18729485903951537
0.2465619671979007, 0.06463478341429729
0.2465619671979007, 0.06463478341429729
0.2465619671979007, 0.06463478341429729
0.2465619671979007, 0.06463478341429729
0.2465619671979007, 0.06463478341429729
0.2465619671979007, 0.06463478341429729
0.2465619671979007, 0.06463478341429729
0.2465619671979007, 0.06463478341429729
0.2465619671979007, 0.06463478341429729
0.2465619671979007, 0.06463478341429729
0.6611598995513386, 0.5440151558655092
0.6611598995513386, 0.5440151558655092
0.6611598995513386, 0.5440151558655092
0.6611598995513386, 0.5440151558655092
0.6611598995513386, 0.5440151558655092
0.6611598995513386, 0.5440151558655092
0.6611598995513386, 0.5440151558655092
0.6611598995513386, 0.5440151558655092
0.6611598995513386, 0.5440151558655092
0.6611598995513386, 0.5440151558655092
0.3352521774473137, 0.14454918217428947
0.3352521774473137, 0.14454918217428947
0.3352521774473137, 0.14454918217428947
0.3352521774473137, 0.14454918217428947
0.3352521774473137, 0.14454918217428947
0.3352521774473137, 0.14454918217428947
0.3352521774473137, 0.14454918217428947
0.3352521774473137, 0.14454918217428947
0.3352521774473137, 0.14454918217428947
0.3352521774473137, 0.14454918217428947
0.24871094801953253, 0.2146977105928003
0.24871094801953253, 0.2146977105928003
0.24871094801953253, 0.2146977105928003
0.24871094801953253, 0.2146977105928003
0.24871094801953253, 0.2146977105928003
0.24871094801953253, 0.2146977105928003
0.24871094801953253, 0.2146977105928003
0.24871094801953253, 0.2146977105928003
0.24871094801953253, 0.2146977105928003
0.24871094801953253, 0.2146977105928003
0.22580879303513246, 0.5523565710873168
0.22580879303513246, 0.5523565710873168
0.22580879303513246, 0.5523565710873168
0.22580879303513246, 0.5523565710873168
0.22580879303513246, 0.5523565710873168
0.22580879303513246, 0.5523565710873168
0.22580879303513246, 0.5523565710873168
0.22580879303513246, 0.5523565710873168
0.22580879303513246, 0.5523565710873168
0.22580879303513246, 0.5523565710873168
0.4592915827375833, 0.04817340173729645
0.4592915827375833, 0.04817340173729645
0.4592915827375833, 0.04817340173729645
0.4592915827375833, 0.04817340173729645
0.4592915827375833, 0.04817340173729645
0.4592915827375833, 0.04817340173729645
0.4592915827375833, 0.04817340173729645
0.4592915827375833, 0.04817340173729645
0.4592915827375833, 0.04817340173729645
0.4592915827375833, 0.04817340173729645
0.7089815122282017, 0.0700323328565241
0.7089815122282017, 0.0700323328565241
0.7089815122282017, 0.0700323328565241
0.7089815122282017, 0.0700323328565241
0.7089815122282017, 0.0700323328565241
0.7089815122282017, 0.0700323328565241
0.7089815122282017, 0.0700323328565241
0.7089815122282017, 0.0700323328565241
0.7089815122282017, 0.0700323328565241
0.7089815122282017, 0.0700323328565241
