1e-05
0.7994777949657378, 0.8490292203067925
0.7994777949657378, 0.8490292203067925
0.7994777949657378, 0.8490292203067925
0.7994777949657378, 0.8490292203067925
0.7994777949657378, 0.8490292203067925
0.7994777949657378, 0.8490292203067925
0.7994777949657378, 0.8490292203067925
0.7994777949657378, 0.8490292203067925
0.7994777949657378, 0.8490292203067925
0.7994777949657378, 0.8490292203067925
0.3223259428143135, 0.7286390534084548
0.3223259428143135, 0.7286390534084548
0.3223259428143135, 0.7286390534084548
0.3223259428143135, 0.7286390534084548
0.3223259428143135, 0.7286390534084548
0.3223259428143135, 0.7286390534084548
0.3223259428143135, 0.7286390534084548
0.3223259428143135, 0.7286390534084548
0.3223259428143135, 0.7286390534084548
0.3223259428143135, 0.7286390534084548
0.6509500387426842, 0.9620220493472608
0.6509500387426842, 0.9620220493472608
0.6509500387426842, 0.9620220493472608
0.6509500387426842, 0.9620220493472608
0.6509500387426842, 0.9620220493472608
0.6509500387426842, 0.9620220493472608
0.6509500387426842, 0.9620220493472608
0.6509500387426842, 0.9620220493472608
0.6509500387426842, 0.9620220493472608
0.6509500387426842, 0.9620220493472608
0.387023375593771, 0.6549753395283818
0.387023375593771, 0.6549753395283818
0.387023375593771, 0.6549753395283818
0.387023375593771, 0.6549753395283818
0.387023375593771, 0.6549753395283818
0.387023375593771, 0.6549753395283818
0.387023375593771, 0.6549753395283818
0.387023375593771, 0.6549753395283818
0.387023375593771, 0.6549753395283818
0.387023375593771, 0.6549753395283818
0.2936733216025793, 0.3880798177734154
0.2936733216025793, 0.3880798177734154
0.2936733216025793, 0.3880798177734154
0.2936733216025793, 0.3880798177734154
0.2936733216025793, 0.3880798177734154
0.2936733216025793, 0.3880798177734154
0.2936733216025793, 0.3880798177734154
0.2936733216025793, 0.3880798177734154
0.2936733216025793, 0.3880798177734154
0.2936733216025793, 0.3880798177734154
0.620921790771029, 0.035634807603887486
0.620921790771029, 0.035634807603887486
0.620921790771029, 0.035634807603887486
0.620921790771029, 0.035634807603887486
0.620921790771029, 0.035634807603887486
0.620921790771029, 0.035634807603887486
0.620921790771029, 0.035634807603887486
0.620921790771029, 0.035634807603887486
0.620921790771029, 0.035634807603887486
0.620921790771029, 0.035634807603887486
0.9565589983789642, 0.22093434359494324
0.9565589983789642, 0.22093434359494324
0.9565589983789642, 0.22093434359494324
0.9565589983789642, 0.22093434359494324
0.9565589983789642, 0.22093434359494324
0.9565589983789642, 0.22093434359494324
0.9565589983789642, 0.22093434359494324
0.9565589983789642, 0.22093434359494324
0.9565589983789642, 0.22093434359494324
0.9565589983789642, 0.22093434359494324
0.32377876241891324, 0.5881232008168413
0.32377876241891324, 0.5881232008168413
0.32377876241891324, 0.5881232008168413
0.32377876241891324, 0.5881232008168413
0.32377876241891324, 0.5881232008168413
0.32377876241891324, 0.5881232008168413
0.32377876241891324, 0.5881232008168413
0.32377876241891324, 0.5881232008168413
0.32377876241891324, 0.5881232008168413
0.32377876241891324, 0.5881232008168413
0.8518455090941186, 0.3147005340823422
0.8518455090941186, 0.3147005340823422
0.8518455090941186, 0.3147005340823422
0.8518455090941186, 0.3147005340823422
0.8518455090941186, 0.3147005340823422
0.8518455090941186, 0.3147005340823422
0.8518455090941186, 0.3147005340823422
0.8518455090941186, 0.3147005340823422
0.8518455090941186, 0.3147005340823422
0.8518455090941186, 0.3147005340823422
0.38491349620144255, 0.2945378122111558
0.38491349620144255, 0.2945378122111558
0.38491349620144255, 0.2945378122111558
0.38491349620144255, 0.2945378122111558
0.38491349620144255, 0.2945378122111558
0.38491349620144255, 0.2945378122111558
0.38491349620144255, 0.2945378122111558
0.38491349620144255, 0.2945378122111558
0.38491349620144255, 0.2945378122111558
0.38491349620144255, 0.2945378122111558
