1e-05
0.6891703481848576, 0.11454715825308492
0.6891703481848576, 0.11454715825308492
0.6891703481848576, 0.11454715825308492
0.6891703481848576, 0.11454715825308492
0.6891703481848576, 0.11454715825308492
0.6891703481848576, 0.11454715825308492
0.6891703481848576, 0.11454715825308492
0.6891703481848576, 0.11454715825308492
0.6891703481848576, 0.11454715825308492
0.6891703481848576, 0.11454715825308492
0.5434124708784542, 0.902809941080379
0.5434124708784542, 0.902809941080379
0.5434124708784542, 0.902809941080379
0.5434124708784542, 0.902809941080379
0.5434124708784542, 0.902809941080379
0.5434124708784542, 0.902809941080379
0.5434124708784542, 0.902809941080379
0.5434124708784542, 0.902809941080379
0.5434124708784542, 0.902809941080379
0.5434124708784542, 0.902809941080379
0.30037920786087646, 0.7291257112649482
0.30037920786087646, 0.7291257112649482
0.30037920786087646, 0.7291257112649482
0.30037920786087646, 0.7291257112649482
0.30037920786087646, 0.7291257112649482
0.30037920786087646, 0.7291257112649482
0.30037920786087646, 0.7291257112649482
0.30037920786087646, 0.7291257112649482
0.30037920786087646, 0.7291257112649482
0.30037920786087646, 0.7291257112649482
0.8098327085792918, 0.40215449503571543
0.8098327085792918, 0.40215449503571543
0.8098327085792918, 0.40215449503571543
0.8098327085792918, 0.40215449503571543
0.8098327085792918, 0.40215449503571543
0.8098327085792918, 0.40215449503571543
0.8098327085792918, 0.40215449503571543
0.8098327085792918, 0.40215449503571543
0.8098327085792918, 0.40215449503571543
0.8098327085792918, 0.40215449503571543
0.9812378645436918, 0.33926034399261096
0.9812378645436918, 0.33926034399261096
0.9812378645436918, 0.33926034399261096
0.9812378645436918, 0.33926034399261096
0.9812378645436918, 0.33926034399261096
0.9812378645436918, 0.33926034399261096
0.9812378645436918, 0.33926034399261096
0.9812378645436918, 0.33926034399261096
0.9812378645436918, 0.33926034399261096
0.9812378645436918, 0.33926034399261096
0.03500117925394708, 0.39059644123903725
0.03500117925394708, 0.39059644123903725
0.03500117925394708, 0.39059644123903725
0.03500117925394708, 0.39059644123903725
0.03500117925394708, 0.39059644123903725
0.03500117925394708, 0.39059644123903725
0.03500117925394708, 0.39059644123903725
0.03500117925394708, 0.39059644123903725
0.03500117925394708, 0.39059644123903725
0.03500117925394708, 0.39059644123903725
0.4569908885985685, 0.31438145012190066
0.4569908885985685, 0.31438145012190066
0.4569908885985685, 0.31438145012190066
0.4569908885985685, 0.31438145012190066
0.4569908885985685, 0.31438145012190066
0.4569908885985685, 0.31438145012190066
0.4569908885985685, 0.31438145012190066
0.4569908885985685, 0.31438145012190066
0.4569908885985685, 0.31438145012190066
0.4569908885985685, 0.31438145012190066
0.7128373018275201, 0.004256571127037145
0.7128373018275201, 0.004256571127037145
0.7128373018275201, 0.004256571127037145
0.7128373018275201, 0.004256571127037145
0.7128373018275201, 0.004256571127037145
0.7128373018275201, 0.004256571127037145
0.7128373018275201, 0.004256571127037145
0.7128373018275201, 0.004256571127037145
0.7128373018275201, 0.004256571127037145
0.7128373018275201, 0.004256571127037145
0.521662064080889, 0.7902029068576197
0.521662064080889, 0.7902029068576197
0.521662064080889, 0.7902029068576197
0.521662064080889, 0.7902029068576197
0.521662064080889, 0.7902029068576197
0.521662064080889, 0.7902029068576197
0.521662064080889, 0.7902029068576197
0.521662064080889, 0.7902029068576197
0.521662064080889, 0.7902029068576197
0.521662064080889, 0.7902029068576197
0.25188113189156036, 0.10275449883432275
0.25188113189156036, 0.10275449883432275
0.25188113189156036, 0.10275449883432275
0.25188113189156036, 0.10275449883432275
0.25188113189156036, 0.10275449883432275
0.25188113189156036, 0.10275449883432275
0.25188113189156036, 0.10275449883432275
0.25188113189156036, 0.10275449883432275
0.25188113189156036, 0.10275449883432275
0.25188113189156036, 0.10275449883432275
