0.001
0.5225426113548473, 0.61800953455522
0.004718785650395518, 0.7503898400261672
0.8912242849538081, 0.6819925973031854
0.04134509942286002, 0.5207035108113186
0.6976318449912302, 0.19660719503487567
0.465159589844231, 0.49074373908896474
0.6553717071396861, 0.8729651527008142
0.9398688477468918, 0.24315124224321016
0.3663875301490771, 0.24103242604948916
0.7353350588506722, 0.29485986543297327
0.17009822385408224, 0.09094332445402686
0.6111159430116125, 0.5698562151995182
0.552303717486211, 0.4968367220870792
0.7645750845912327, 0.7756865525868404
0.6869312626632529, 0.7514414558644718
0.6934508966759478, 0.2664793015980511
0.5654601587950333, 0.17852287227575014
