1e-05
0.549914692953413, 0.020329736570586565
0.549914692953413, 0.020329736570586565
0.549914692953413, 0.020329736570586565
0.549914692953413, 0.020329736570586565
0.549914692953413, 0.020329736570586565
0.549914692953413, 0.020329736570586565
0.549914692953413, 0.020329736570586565
0.549914692953413, 0.020329736570586565
0.549914692953413, 0.020329736570586565
0.549914692953413, 0.020329736570586565
0.9575016190471474, 0.9284537301664914
0.9575016190471474, 0.9284537301664914
0.9575016190471474, 0.9284537301664914
0.9575016190471474, 0.9284537301664914
0.9575016190471474, 0.9284537301664914
0.9575016190471474, 0.9284537301664914
0.9575016190471474, 0.9284537301664914
0.9575016190471474, 0.9284537301664914
0.9575016190471474, 0.9284537301664914
0.9575016190471474, 0.9284537301664914
0.436988733950301, 0.5918307257123733
0.436988733950301, 0.5918307257123733
0.436988733950301, 0.5918307257123733
0.436988733950301, 0.5918307257123733
0.436988733950301, 0.5918307257123733
0.436988733950301, 0.5918307257123733
0.436988733950301, 0.5918307257123733
0.436988733950301, 0.5918307257123733
0.436988733950301, 0.5918307257123733
0.436988733950301, 0.5918307257123733
0.39231547151046486, 0.10812261257509892
0.39231547151046486, 0.10812261257509892
0.39231547151046486, 0.10812261257509892
0.39231547151046486, 0.10812261257509892
0.39231547151046486, 0.10812261257509892
0.39231547151046486, 0.10812261257509892
0.39231547151046486, 0.10812261257509892
0.39231547151046486, 0.10812261257509892
0.39231547151046486, 0.10812261257509892
0.39231547151046486, 0.10812261257509892
0.5441100557334856, 0.9628522599570958
0.5441100557334856, 0.9628522599570958
0.5441100557334856, 0.9628522599570958
0.5441100557334856, 0.9628522599570958
0.5441100557334856, 0.9628522599570958
0.5441100557334856, 0.9628522599570958
0.5441100557334856, 0.9628522599570958
0.5441100557334856, 0.9628522599570958
0.5441100557334856, 0.9628522599570958
0.5441100557334856, 0.9628522599570958
0.30199581597088665, 0.09562965167044113
0.30199581597088665, 0.09562965167044113
0.30199581597088665, 0.09562965167044113
0.30199581597088665, 0.09562965167044113
0.30199581597088665, 0.09562965167044113
0.30199581597088665, 0.09562965167044113
0.30199581597088665, 0.09562965167044113
0.30199581597088665, 0.09562965167044113
0.30199581597088665, 0.09562965167044113
0.30199581597088665, 0.09562965167044113
0.8558181472092077, 0.9907697212603488
0.8558181472092077, 0.9907697212603488
0.8558181472092077, 0.9907697212603488
0.8558181472092077, 0.9907697212603488
0.8558181472092077, 0.9907697212603488
0.8558181472092077, 0.9907697212603488
0.8558181472092077, 0.9907697212603488
0.8558181472092077, 0.9907697212603488
0.8558181472092077, 0.9907697212603488
0.8558181472092077, 0.9907697212603488
0.4005794887863423, 0.41373007231934
0.4005794887863423, 0.41373007231934
0.4005794887863423, 0.41373007231934
0.4005794887863423, 0.41373007231934
0.4005794887863423, 0.41373007231934
0.4005794887863423, 0.41373007231934
0.4005794887863423, 0.41373007231934
0.4005794887863423, 0.41373007231934
0.4005794887863423, 0.41373007231934
0.4005794887863423, 0.41373007231934
0.9564549925951467, 0.8667487549884271
0.9564549925951467, 0.8667487549884271
0.9564549925951467, 0.8667487549884271
0.9564549925951467, 0.8667487549884271
0.9564549925951467, 0.8667487549884271
0.9564549925951467, 0.8667487549884271
0.9564549925951467, 0.8667487549884271
0.9564549925951467, 0.8667487549884271
0.9564549925951467, 0.8667487549884271
0.9564549925951467, 0.8667487549884271
0.8797312520913729, 0.6015789989195779
0.8797312520913729, 0.6015789989195779
0.8797312520913729, 0.6015789989195779
0.8797312520913729, 0.6015789989195779
0.8797312520913729, 0.6015789989195779
0.8797312520913729, 0.6015789989195779
0.8797312520913729, 0.6015789989195779
0.8797312520913729, 0.6015789989195779
0.8797312520913729, 0.6015789989195779
0.8797312520913729, 0.6015789989195779
