1e-05
0.36956756411393055, 0.20872329620940733
0.36956756411393055, 0.20872329620940733
0.36956756411393055, 0.20872329620940733
0.36956756411393055, 0.20872329620940733
0.36956756411393055, 0.20872329620940733
0.36956756411393055, 0.20872329620940733
0.36956756411393055, 0.20872329620940733
0.36956756411393055, 0.20872329620940733
0.36956756411393055, 0.20872329620940733
0.36956756411393055, 0.20872329620940733
0.268263200008359, 0.9098913796948602
0.268263200008359, 0.9098913796948602
0.268263200008359, 0.9098913796948602
0.268263200008359, 0.9098913796948602
0.268263200008359, 0.9098913796948602
0.268263200008359, 0.9098913796948602
0.268263200008359, 0.9098913796948602
0.268263200008359, 0.9098913796948602
0.268263200008359, 0.9098913796948602
0.268263200008359, 0.9098913796948602
0.15129630835946817, 0.7691418520343271
0.15129630835946817, 0.7691418520343271
0.15129630835946817, 0.7691418520343271
0.15129630835946817, 0.7691418520343271
0.15129630835946817, 0.7691418520343271
0.15129630835946817, 0.7691418520343271
0.15129630835946817, 0.7691418520343271
0.15129630835946817, 0.7691418520343271
0.15129630835946817, 0.7691418520343271
0.15129630835946817, 0.7691418520343271
0.9914675526350575, 0.10642421998410401
0.9914675526350575, 0.10642421998410401
0.9914675526350575, 0.10642421998410401
0.9914675526350575, 0.10642421998410401
0.9914675526350575, 0.10642421998410401
0.9914675526350575, 0.10642421998410401
0.9914675526350575, 0.10642421998410401
0.9914675526350575, 0.10642421998410401
0.9914675526350575, 0.10642421998410401
0.9914675526350575, 0.10642421998410401
0.14408314701345715, 0.6085230610583745
0.14408314701345715, 0.6085230610583745
0.14408314701345715, 0.6085230610583745
0.14408314701345715, 0.6085230610583745
0.14408314701345715, 0.6085230610583745
0.14408314701345715, 0.6085230610583745
0.14408314701345715, 0.6085230610583745
0.14408314701345715, 0.6085230610583745
0.14408314701345715, 0.6085230610583745
0.14408314701345715, 0.6085230610583745
0.7639414913475492, 0.8868884262320647
0.7639414913475492, 0.8868884262320647
0.7639414913475492, 0.8868884262320647
0.7639414913475492, 0.8868884262320647
0.7639414913475492, 0.8868884262320647
0.7639414913475492, 0.8868884262320647
0.7639414913475492, 0.8868884262320647
0.7639414913475492, 0.8868884262320647
0.7639414913475492, 0.8868884262320647
0.7639414913475492, 0.8868884262320647
0.29040560789010317, 0.5852771615793569
0.29040560789010317, 0.5852771615793569
0.29040560789010317, 0.5852771615793569
0.29040560789010317, 0.5852771615793569
0.29040560789010317, 0.5852771615793569
0.29040560789010317, 0.5852771615793569
0.29040560789010317, 0.5852771615793569
0.29040560789010317, 0.5852771615793569
0.29040560789010317, 0.5852771615793569
0.29040560789010317, 0.5852771615793569
0.7834751111181691, 0.5239926746707345
0.7834751111181691, 0.5239926746707345
0.7834751111181691, 0.5239926746707345
0.7834751111181691, 0.5239926746707345
0.7834751111181691, 0.5239926746707345
0.7834751111181691, 0.5239926746707345
0.7834751111181691, 0.5239926746707345
0.7834751111181691, 0.5239926746707345
0.7834751111181691, 0.5239926746707345
0.7834751111181691, 0.5239926746707345
0.6646268967723242, 0.19969607637044673
0.6646268967723242, 0.19969607637044673
0.6646268967723242, 0.19969607637044673
0.6646268967723242, 0.19969607637044673
0.6646268967723242, 0.19969607637044673
0.6646268967723242, 0.19969607637044673
0.6646268967723242, 0.19969607637044673
0.6646268967723242, 0.19969607637044673
0.6646268967723242, 0.19969607637044673
0.6646268967723242, 0.19969607637044673
0.9898434690461304, 0.4892503174243963
0.9898434690461304, 0.4892503174243963
0.9898434690461304, 0.4892503174243963
0.9898434690461304, 0.4892503174243963
0.9898434690461304, 0.4892503174243963
0.9898434690461304, 0.4892503174243963
0.9898434690461304, 0.4892503174243963
0.9898434690461304, 0.4892503174243963
0.9898434690461304, 0.4892503174243963
0.9898434690461304, 0.4892503174243963
