1e-05
0.6940714799987397, 0.44041783879634455
0.6940714799987397, 0.44041783879634455
0.6940714799987397, 0.44041783879634455
0.6940714799987397, 0.44041783879634455
0.6940714799987397, 0.44041783879634455
0.6940714799987397, 0.44041783879634455
0.6940714799987397, 0.44041783879634455
0.6940714799987397, 0.44041783879634455
0.6940714799987397, 0.44041783879634455
0.6940714799987397, 0.44041783879634455
0.9280172156181338, 0.5103589248022058
0.9280172156181338, 0.5103589248022058
0.9280172156181338, 0.5103589248022058
0.9280172156181338, 0.5103589248022058
0.9280172156181338, 0.5103589248022058
0.9280172156181338, 0.5103589248022058
0.9280172156181338, 0.5103589248022058
0.9280172156181338, 0.5103589248022058
0.9280172156181338, 0.5103589248022058
0.9280172156181338, 0.5103589248022058
0.0565183185085123, 0.7767371703905682
0.0565183185085123, 0.7767371703905682
0.0565183185085123, 0.7767371703905682
0.0565183185085123, 0.7767371703905682
0.0565183185085123, 0.7767371703905682
0.0565183185085123, 0.7767371703905682
0.0565183185085123, 0.7767371703905682
0.0565183185085123, 0.7767371703905682
0.0565183185085123, 0.7767371703905682
0.0565183185085123, 0.7767371703905682
0.7476980213025403, 0.7531469583670005
0.7476980213025403, 0.7531469583670005
0.7476980213025403, 0.7531469583670005
0.7476980213025403, 0.7531469583670005
0.7476980213025403, 0.7531469583670005
0.7476980213025403, 0.7531469583670005
0.7476980213025403, 0.7531469583670005
0.7476980213025403, 0.7531469583670005
0.7476980213025403, 0.7531469583670005
0.7476980213025403, 0.7531469583670005
0.486442891651126, 0.3893407632101017
0.486442891651126, 0.3893407632101017
0.486442891651126, 0.3893407632101017
0.486442891651126, 0.3893407632101017
0.486442891651126, 0.3893407632101017
0.486442891651126, 0.3893407632101017
0.486442891651126, 0.3893407632101017
0.486442891651126, 0.3893407632101017
0.486442891651126, 0.3893407632101017
0.486442891651126, 0.3893407632101017
0.6052948580623128, 0.9535923458850327
0.6052948580623128, 0.9535923458850327
0.6052948580623128, 0.9535923458850327
0.6052948580623128, 0.9535923458850327
0.6052948580623128, 0.9535923458850327
0.6052948580623128, 0.9535923458850327
0.6052948580623128, 0.9535923458850327
0.6052948580623128, 0.9535923458850327
0.6052948580623128, 0.9535923458850327
0.6052948580623128, 0.9535923458850327
0.23508001853831384, 0.7512385322536206
0.23508001853831384, 0.7512385322536206
0.23508001853831384, 0.7512385322536206
0.23508001853831384, 0.7512385322536206
0.23508001853831384, 0.7512385322536206
0.23508001853831384, 0.7512385322536206
0.23508001853831384, 0.7512385322536206
0.23508001853831384, 0.7512385322536206
0.23508001853831384, 0.7512385322536206
0.23508001853831384, 0.7512385322536206
0.44548500067253793, 0.2516571127677486
0.44548500067253793, 0.2516571127677486
0.44548500067253793, 0.2516571127677486
0.44548500067253793, 0.2516571127677486
0.44548500067253793, 0.2516571127677486
0.44548500067253793, 0.2516571127677486
0.44548500067253793, 0.2516571127677486
0.44548500067253793, 0.2516571127677486
0.44548500067253793, 0.2516571127677486
0.44548500067253793, 0.2516571127677486
0.15445900948798252, 0.5324766615116552
0.15445900948798252, 0.5324766615116552
0.15445900948798252, 0.5324766615116552
0.15445900948798252, 0.5324766615116552
0.15445900948798252, 0.5324766615116552
0.15445900948798252, 0.5324766615116552
0.15445900948798252, 0.5324766615116552
0.15445900948798252, 0.5324766615116552
0.15445900948798252, 0.5324766615116552
0.15445900948798252, 0.5324766615116552
0.981663955207586, 0.38006264241731036
0.981663955207586, 0.38006264241731036
0.981663955207586, 0.38006264241731036
0.981663955207586, 0.38006264241731036
0.981663955207586, 0.38006264241731036
0.981663955207586, 0.38006264241731036
0.981663955207586, 0.38006264241731036
0.981663955207586, 0.38006264241731036
0.981663955207586, 0.38006264241731036
0.981663955207586, 0.38006264241731036
