1e-05
0.25066473726945093, 0.7124998394024248
0.25066473726945093, 0.7124998394024248
0.25066473726945093, 0.7124998394024248
0.25066473726945093, 0.7124998394024248
0.25066473726945093, 0.7124998394024248
0.25066473726945093, 0.7124998394024248
0.25066473726945093, 0.7124998394024248
0.25066473726945093, 0.7124998394024248
0.25066473726945093, 0.7124998394024248
0.25066473726945093, 0.7124998394024248
0.4341576462039005, 0.7007424007944508
0.4341576462039005, 0.7007424007944508
0.4341576462039005, 0.7007424007944508
0.4341576462039005, 0.7007424007944508
0.4341576462039005, 0.7007424007944508
0.4341576462039005, 0.7007424007944508
0.4341576462039005, 0.7007424007944508
0.4341576462039005, 0.7007424007944508
0.4341576462039005, 0.7007424007944508
0.4341576462039005, 0.7007424007944508
0.2146487784371247, 0.33415104669676343
0.2146487784371247, 0.33415104669676343
0.2146487784371247, 0.33415104669676343
0.2146487784371247, 0.33415104669676343
0.2146487784371247, 0.33415104669676343
0.2146487784371247, 0.33415104669676343
0.2146487784371247, 0.33415104669676343
0.2146487784371247, 0.33415104669676343
0.2146487784371247, 0.33415104669676343
0.2146487784371247, 0.33415104669676343
0.5454031075502929, 0.21518833939284776
0.5454031075502929, 0.21518833939284776
0.5454031075502929, 0.21518833939284776
0.5454031075502929, 0.21518833939284776
0.5454031075502929, 0.21518833939284776
0.5454031075502929, 0.21518833939284776
0.5454031075502929, 0.21518833939284776
0.5454031075502929, 0.21518833939284776
0.5454031075502929, 0.21518833939284776
0.5454031075502929, 0.21518833939284776
0.45934888725872036, 0.8382121178208839
0.45934888725872036, 0.8382121178208839
0.45934888725872036, 0.8382121178208839
0.45934888725872036, 0.8382121178208839
0.45934888725872036, 0.8382121178208839
0.45934888725872036, 0.8382121178208839
0.45934888725872036, 0.8382121178208839
0.45934888725872036, 0.8382121178208839
0.45934888725872036, 0.8382121178208839
0.45934888725872036, 0.8382121178208839
0.8831513841838808, 0.6332796094280045
0.8831513841838808, 0.6332796094280045
0.8831513841838808, 0.6332796094280045
0.8831513841838808, 0.6332796094280045
0.8831513841838808, 0.6332796094280045
0.8831513841838808, 0.6332796094280045
0.8831513841838808, 0.6332796094280045
0.8831513841838808, 0.6332796094280045
0.8831513841838808, 0.6332796094280045
0.8831513841838808, 0.6332796094280045
0.05359484578440499, 0.8848879688043594
0.05359484578440499, 0.8848879688043594
0.05359484578440499, 0.8848879688043594
0.05359484578440499, 0.8848879688043594
0.05359484578440499, 0.8848879688043594
0.05359484578440499, 0.8848879688043594
0.05359484578440499, 0.8848879688043594
0.05359484578440499, 0.8848879688043594
0.05359484578440499, 0.8848879688043594
0.05359484578440499, 0.8848879688043594
0.3794204013823138, 0.1379048171652535
0.3794204013823138, 0.1379048171652535
0.3794204013823138, 0.1379048171652535
0.3794204013823138, 0.1379048171652535
0.3794204013823138, 0.1379048171652535
0.3794204013823138, 0.1379048171652535
0.3794204013823138, 0.1379048171652535
0.3794204013823138, 0.1379048171652535
0.3794204013823138, 0.1379048171652535
0.3794204013823138, 0.1379048171652535
0.7559459253333866, 0.542874584429031
0.7559459253333866, 0.542874584429031
0.7559459253333866, 0.542874584429031
0.7559459253333866, 0.542874584429031
0.7559459253333866, 0.542874584429031
0.7559459253333866, 0.542874584429031
0.7559459253333866, 0.542874584429031
0.7559459253333866, 0.542874584429031
0.7559459253333866, 0.542874584429031
0.7559459253333866, 0.542874584429031
0.8547713934713673, 0.2994088770442531
0.8547713934713673, 0.2994088770442531
0.8547713934713673, 0.2994088770442531
0.8547713934713673, 0.2994088770442531
0.8547713934713673, 0.2994088770442531
0.8547713934713673, 0.2994088770442531
0.8547713934713673, 0.2994088770442531
0.8547713934713673, 0.2994088770442531
0.8547713934713673, 0.2994088770442531
0.8547713934713673, 0.2994088770442531
