1e-05
0.05739820185443656, 0.6173303837934646
0.05739820185443656, 0.6173303837934646
0.05739820185443656, 0.6173303837934646
0.05739820185443656, 0.6173303837934646
0.05739820185443656, 0.6173303837934646
0.05739820185443656, 0.6173303837934646
0.05739820185443656, 0.6173303837934646
0.05739820185443656, 0.6173303837934646
0.05739820185443656, 0.6173303837934646
0.05739820185443656, 0.6173303837934646
0.7605179933751648, 0.7096094488512087
0.7605179933751648, 0.7096094488512087
0.7605179933751648, 0.7096094488512087
0.7605179933751648, 0.7096094488512087
0.7605179933751648, 0.7096094488512087
0.7605179933751648, 0.7096094488512087
0.7605179933751648, 0.7096094488512087
0.7605179933751648, 0.7096094488512087
0.7605179933751648, 0.7096094488512087
0.7605179933751648, 0.7096094488512087
0.5676726171151383, 0.9836435025571588
0.5676726171151383, 0.9836435025571588
0.5676726171151383, 0.9836435025571588
0.5676726171151383, 0.9836435025571588
0.5676726171151383, 0.9836435025571588
0.5676726171151383, 0.9836435025571588
0.5676726171151383, 0.9836435025571588
0.5676726171151383, 0.9836435025571588
0.5676726171151383, 0.9836435025571588
0.5676726171151383, 0.9836435025571588
0.09683897517330642, 0.5805520012296944
0.09683897517330642, 0.5805520012296944
0.09683897517330642, 0.5805520012296944
0.09683897517330642, 0.5805520012296944
0.09683897517330642, 0.5805520012296944
0.09683897517330642, 0.5805520012296944
0.09683897517330642, 0.5805520012296944
0.09683897517330642, 0.5805520012296944
0.09683897517330642, 0.5805520012296944
0.09683897517330642, 0.5805520012296944
0.8877707517632358, 0.35106171556879595
0.8877707517632358, 0.35106171556879595
0.8877707517632358, 0.35106171556879595
0.8877707517632358, 0.35106171556879595
0.8877707517632358, 0.35106171556879595
0.8877707517632358, 0.35106171556879595
0.8877707517632358, 0.35106171556879595
0.8877707517632358, 0.35106171556879595
0.8877707517632358, 0.35106171556879595
0.8877707517632358, 0.35106171556879595
0.797032810563992, 0.7907727896920916
0.797032810563992, 0.7907727896920916
0.797032810563992, 0.7907727896920916
0.797032810563992, 0.7907727896920916
0.797032810563992, 0.7907727896920916
0.797032810563992, 0.7907727896920916
0.797032810563992, 0.7907727896920916
0.797032810563992, 0.7907727896920916
0.797032810563992, 0.7907727896920916
0.797032810563992, 0.7907727896920916
0.2936920717495818, 0.8856177798934075
0.2936920717495818, 0.8856177798934075
0.2936920717495818, 0.8856177798934075
0.2936920717495818, 0.8856177798934075
0.2936920717495818, 0.8856177798934075
0.2936920717495818, 0.8856177798934075
0.2936920717495818, 0.8856177798934075
0.2936920717495818, 0.8856177798934075
0.2936920717495818, 0.8856177798934075
0.2936920717495818, 0.8856177798934075
0.2673850919915719, 0.29890672364477566
0.2673850919915719, 0.29890672364477566
0.2673850919915719, 0.29890672364477566
0.2673850919915719, 0.29890672364477566
0.2673850919915719, 0.29890672364477566
0.2673850919915719, 0.29890672364477566
0.2673850919915719, 0.29890672364477566
0.2673850919915719, 0.29890672364477566
0.2673850919915719, 0.29890672364477566
0.2673850919915719, 0.29890672364477566
0.3965749258110457, 0.5200930506536944
0.3965749258110457, 0.5200930506536944
0.3965749258110457, 0.5200930506536944
0.3965749258110457, 0.5200930506536944
0.3965749258110457, 0.5200930506536944
0.3965749258110457, 0.5200930506536944
0.3965749258110457, 0.5200930506536944
0.3965749258110457, 0.5200930506536944
0.3965749258110457, 0.5200930506536944
0.3965749258110457, 0.5200930506536944
0.20188046530449222, 0.7734522297879544
0.20188046530449222, 0.7734522297879544
0.20188046530449222, 0.7734522297879544
0.20188046530449222, 0.7734522297879544
0.20188046530449222, 0.7734522297879544
0.20188046530449222, 0.7734522297879544
0.20188046530449222, 0.7734522297879544
0.20188046530449222, 0.7734522297879544
0.20188046530449222, 0.7734522297879544
0.20188046530449222, 0.7734522297879544
