1e-05
0.3259095232818616, 0.609705904335001
0.3259095232818616, 0.609705904335001
0.3259095232818616, 0.609705904335001
0.3259095232818616, 0.609705904335001
0.3259095232818616, 0.609705904335001
0.3259095232818616, 0.609705904335001
0.3259095232818616, 0.609705904335001
0.3259095232818616, 0.609705904335001
0.3259095232818616, 0.609705904335001
0.3259095232818616, 0.609705904335001
0.19316879955509914, 0.08461271784550195
0.19316879955509914, 0.08461271784550195
0.19316879955509914, 0.08461271784550195
0.19316879955509914, 0.08461271784550195
0.19316879955509914, 0.08461271784550195
0.19316879955509914, 0.08461271784550195
0.19316879955509914, 0.08461271784550195
0.19316879955509914, 0.08461271784550195
0.19316879955509914, 0.08461271784550195
0.19316879955509914, 0.08461271784550195
0.3189612072558511, 0.07314252103117691
0.3189612072558511, 0.07314252103117691
0.3189612072558511, 0.07314252103117691
0.3189612072558511, 0.07314252103117691
0.3189612072558511, 0.07314252103117691
0.3189612072558511, 0.07314252103117691
0.3189612072558511, 0.07314252103117691
0.3189612072558511, 0.07314252103117691
0.3189612072558511, 0.07314252103117691
0.3189612072558511, 0.07314252103117691
0.4643127716109695, 0.7368227393326465
0.4643127716109695, 0.7368227393326465
0.4643127716109695, 0.7368227393326465
0.4643127716109695, 0.7368227393326465
0.4643127716109695, 0.7368227393326465
0.4643127716109695, 0.7368227393326465
0.4643127716109695, 0.7368227393326465
0.4643127716109695, 0.7368227393326465
0.4643127716109695, 0.7368227393326465
0.4643127716109695, 0.7368227393326465
0.058623082124327985, 0.49726853849371666
0.058623082124327985, 0.49726853849371666
0.058623082124327985, 0.49726853849371666
0.058623082124327985, 0.49726853849371666
0.058623082124327985, 0.49726853849371666
0.058623082124327985, 0.49726853849371666
0.058623082124327985, 0.49726853849371666
0.058623082124327985, 0.49726853849371666
0.058623082124327985, 0.49726853849371666
0.058623082124327985, 0.49726853849371666
0.002590995154351239, 0.774573751539964
0.002590995154351239, 0.774573751539964
0.002590995154351239, 0.774573751539964
0.002590995154351239, 0.774573751539964
0.002590995154351239, 0.774573751539964
0.002590995154351239, 0.774573751539964
0.002590995154351239, 0.774573751539964
0.002590995154351239, 0.774573751539964
0.002590995154351239, 0.774573751539964
0.002590995154351239, 0.774573751539964
0.6563582618678131, 0.026100530453105786
0.6563582618678131, 0.026100530453105786
0.6563582618678131, 0.026100530453105786
0.6563582618678131, 0.026100530453105786
0.6563582618678131, 0.026100530453105786
0.6563582618678131, 0.026100530453105786
0.6563582618678131, 0.026100530453105786
0.6563582618678131, 0.026100530453105786
0.6563582618678131, 0.026100530453105786
0.6563582618678131, 0.026100530453105786
0.8858892785047401, 0.3434490831616559
0.8858892785047401, 0.3434490831616559
0.8858892785047401, 0.3434490831616559
0.8858892785047401, 0.3434490831616559
0.8858892785047401, 0.3434490831616559
0.8858892785047401, 0.3434490831616559
0.8858892785047401, 0.3434490831616559
0.8858892785047401, 0.3434490831616559
0.8858892785047401, 0.3434490831616559
0.8858892785047401, 0.3434490831616559
0.38855681040939627, 0.2352363223573215
0.38855681040939627, 0.2352363223573215
0.38855681040939627, 0.2352363223573215
0.38855681040939627, 0.2352363223573215
0.38855681040939627, 0.2352363223573215
0.38855681040939627, 0.2352363223573215
0.38855681040939627, 0.2352363223573215
0.38855681040939627, 0.2352363223573215
0.38855681040939627, 0.2352363223573215
0.38855681040939627, 0.2352363223573215
0.41910840268679017, 0.3531258714447777
0.41910840268679017, 0.3531258714447777
0.41910840268679017, 0.3531258714447777
0.41910840268679017, 0.3531258714447777
0.41910840268679017, 0.3531258714447777
0.41910840268679017, 0.3531258714447777
0.41910840268679017, 0.3531258714447777
0.41910840268679017, 0.3531258714447777
0.41910840268679017, 0.3531258714447777
0.41910840268679017, 0.3531258714447777
