1e-05
0.5106816307257895, 0.5437039677534059
0.5897143560173566, 0.46655754173996966
0.4975107802423052, 0.9999821979458957
0.0411415116593693, 0.5277082744494941
0.9840787230721796, 0.1205143079486578
0.039131811248751536, 0.823238297522649
0.07717742726411558, 0.39359811716197846
0.9149473351522508, 0.4226391465823772
0.1896386903951277, 0.3278409273111782
0.5174818389385817, 0.9860944084040087
0.9261536428909006, 0.9963270636261546
0.4659131908070828, 0.20762854145497867
0.24566207874988533, 0.3735742518739962
0.3589320951866847, 0.7631990078172586
0.9494055152048203, 0.6047188398400413
0.009748287007032563, 0.6673133460234071
0.6499447544139435, 0.4157636509408459
0.6846664002491276, 0.09270223233260022
0.9178979892218707, 0.16876135394921554
0.05866028924993871, 0.2831595208446157
0.20066896645300347, 0.13033679947609245
0.4649071393422247, 0.3607024071750371
0.43613103065856285, 0.3454882427402405
0.1820490948607012, 0.2981645875001384
0.081958830726237, 0.36975748682646514
0.6762843563639617, 0.09031193847563301
0.5447732213971039, 0.3687815987379117
0.8847577871286698, 0.4874393655709852
0.658998796818536, 0.2438601119542625
0.9311105564518309, 0.6003810481614164
0.7035007042053838, 0.986900137734541
0.21254538514827837, 0.868298531985274
0.2582775775534969, 0.48208349808545525
0.5044100143523977, 0.41050634902023353
0.7833453891750398, 0.3413954630625605
0.4721369789781741, 0.6631993228825741
0.35488987013661577, 0.8656177462145229
0.43661810753110863, 0.9674301253151696
0.6324066516866722, 0.7137214990054384
0.49158298064296324, 0.9848430207162135
0.8100966018439931, 0.8459818231874097
0.658276966818, 0.17133280048985622
0.054827843445842794, 0.4997885172189147
0.7833280784176183, 0.2738542296172247
0.18444921833572125, 0.007646676953786402
0.7294053452568553, 0.1405635531388557
0.23591319350883455, 0.6880296478831885
0.18054596115140897, 0.8385130027725001
0.8308848289115577, 0.49891934181964614
0.15969871116440615, 0.15230598932513162
0.41452832355377345, 0.0018570411159762878
0.0028894360386610973, 0.22922982018543359
0.6830731138682288, 0.12024388046877765
0.1340187002473714, 0.8044653522767233
0.11352728063049444, 0.2085933837236179
0.42184148924927056, 0.13238838731876224
0.5620259958938735, 0.4318522672700915
0.8887152607759279, 0.17261238266435208
0.14441171568346767, 0.27658408286254355
0.8044843635230007, 0.7468073988215115
0.030643713868554245, 0.2386813366698458
0.34392331343853755, 0.6429511770409004
0.9443635436173277, 0.11667577067963009
0.6755197610902011, 0.4633579058093278
0.4051927106041764, 0.9105329238257975
0.2670895872167234, 0.6499713738059405
0.5193583752403376, 0.5624060554624983
0.1369628805086237, 0.6170241365004108
0.17620737115532759, 0.37563607155172096
0.8239882778233582, 0.4530460537981138
0.6397753802477218, 0.12229740432771286
0.1693227127341358, 0.30258949622189746
0.2158703406422534, 0.3434852124679747
0.9432688971715602, 0.324042107383793
0.7798666649624704, 0.6460800023969177
0.3579881141614928, 0.14902361567692357
0.27128990810584974, 0.5779249415232132
0.5233900006114454, 0.12825198006051985
0.11311920051954127, 0.8493246101793457
0.5019927554191936, 0.6119887172295122
0.8156770889894246, 0.5874589830450674
0.8754820582961417, 0.36189765093443504
0.04350744630320247, 0.6671757155583588
0.960421476441649, 0.9247332396732773
0.14408413028208322, 0.9570714973845207
0.4386780923188994, 0.5000759038279862
0.717815737708779, 0.20937534430669524
0.013760965606273712, 0.48376284475242126
0.6014320081337344, 0.36466851387457344
0.10388604298522619, 0.10697658164047563
0.4699585186263605, 0.7062570890087179
0.9988347559748793, 0.06934258292938278
0.8375549315869709, 0.9140147225084556
0.05769116012827913, 0.6522017727465529
0.4263638257358493, 0.5874290413465256
0.6464321599822551, 0.058720520089995065
0.23654810422788464, 0.319075061536933
0.42149942616548375, 0.6756138797556231
0.3417934126438088, 0.5724572270183685
0.32775409358652285, 0.5951672192352555
