0.1
0.3637564897317903, 0.49773553665738524
0.20768773910774485, 0.8287658494668504
0.21024049013099588, 0.11476572114706463
0.4880564959737995, 0.2780803490709407
0.729163132951337, 0.4579368532252911
0.6896474485691209, 0.25200100879138854
0.5621124928267471, 0.7837346613706931
0.23446407220115717, 0.03288817986250325
0.42767765612078423, 0.2831480803805211
0.5521822236393, 0.6785688847442114
0.7498655980009412, 0.47841396031338834
0.021388805878943096, 0.7753582871555156
0.9021656812986286, 0.5121159979923051
0.8617802923165064, 0.324708096444014
0.20338214767188756, 0.5438786043738588
0.07209194070256619, 0.49895273452576594
0.20567859032413305, 0.37152453489827386
0.9604439071774572, 0.2799180332207444
0.5645315451186997, 0.10587193647466309
0.08378445576172155, 0.3352695113332985
0.07482733625729243, 0.03552088536623821
0.5289935704819981, 0.8470444698068651
0.8158824351746427, 0.08021637133201553
0.6112298717689199, 0.20914477671201437
0.275786728005336, 0.10551119778550444
0.3407062660175024, 0.815303074072853
0.30657117508886944, 0.06425596746112194
0.39730165418917784, 0.8493180794495319
0.9515831712735807, 0.10249550517327621
0.7955446938294999, 0.27655497365427595
0.23961336616330742, 0.5478544122533234
0.6575999163602597, 0.31367748937893103
0.26709245105638124, 0.6504003887258806
0.7851991982306741, 0.16165565524146985
0.8582018883636999, 0.8780064194577065
0.6039943678810547, 0.10749968984515579
0.8214708196203028, 0.000814034378414763
0.7095566010238722, 0.31935508074791874
0.7498810564810278, 0.4468033843236613
0.2269818217545495, 0.16652481681048392
0.0931471576643782, 0.15001270473564066
0.9243816701366777, 0.7527405743161939
0.017163510773684387, 0.18890004019856965
0.7927777417975531, 0.15383521652518373
0.6822395061071129, 0.24977085229477192
0.5436356456772613, 0.18348486142825482
0.2831360302683472, 0.4148173627885844
0.99924572801955, 0.5116327634948369
0.9638005629347393, 0.6857574390117076
0.008637912077730348, 0.004191331545709276
0.7738896046075234, 0.9724343286331748
0.04269365094254762, 0.5527634725965413
0.6524793291678334, 0.6891244544497043
0.6408385947305021, 0.748361354580388
0.2681536527634779, 0.881273738780596
0.49345892582659456, 0.8914006122335326
0.6689912374751532, 0.4534636198478471
0.5276264885566431, 0.22832268708145187
0.8743949963665643, 0.9635348908379101
0.08191199862888776, 0.6925054091152981
0.9885461314912445, 0.5180837543313133
0.4134890826093198, 0.6118840604241522
0.9668831943118052, 0.6190897088021025
0.2960814978742431, 0.49059033746786374
0.6564486988568797, 0.6840778188719642
0.09050570772236666, 0.2786217097218554
0.6368162095423193, 0.5998490617772764
0.9112526164193425, 0.222819412326565
0.8025011316880645, 0.35607220830089137
0.14917552943579382, 0.8994373459055767
0.047758178023630915, 0.7362013810462489
0.5782070302735588, 0.2175571038770927
0.8057160041784942, 0.8350829189620009
0.015403858298258077, 0.8764480238023307
0.1469849336558856, 0.9824533902566545
0.07070418842310822, 0.6764256419108005
0.12060140606168357, 0.5751374130718407
0.6495175267777341, 0.07251168588777512
0.12523975816026023, 0.9094185283881477
0.3359118603598551, 0.7484675234832733
0.16265013679456786, 0.9724306194458177
0.12656451693248372, 0.843284157195576
