1e-05
0.12297284887597482, 0.2495393727903069
0.12297284887597482, 0.2495393727903069
0.12297284887597482, 0.2495393727903069
0.12297284887597482, 0.2495393727903069
0.12297284887597482, 0.2495393727903069
0.12297284887597482, 0.2495393727903069
0.12297284887597482, 0.2495393727903069
0.12297284887597482, 0.2495393727903069
0.12297284887597482, 0.2495393727903069
0.12297284887597482, 0.2495393727903069
0.050910999473297136, 0.9994293077005232
0.050910999473297136, 0.9994293077005232
0.050910999473297136, 0.9994293077005232
0.050910999473297136, 0.9994293077005232
0.050910999473297136, 0.9994293077005232
0.050910999473297136, 0.9994293077005232
0.050910999473297136, 0.9994293077005232
0.050910999473297136, 0.9994293077005232
0.050910999473297136, 0.9994293077005232
0.050910999473297136, 0.9994293077005232
0.08581426671123893, 0.6959333063558933
0.08581426671123893, 0.6959333063558933
0.08581426671123893, 0.6959333063558933
0.08581426671123893, 0.6959333063558933
0.08581426671123893, 0.6959333063558933
0.08581426671123893, 0.6959333063558933
0.08581426671123893, 0.6959333063558933
0.08581426671123893, 0.6959333063558933
0.08581426671123893, 0.6959333063558933
0.08581426671123893, 0.6959333063558933
0.9402150149208515, 0.6466884480090753
0.9402150149208515, 0.6466884480090753
0.9402150149208515, 0.6466884480090753
0.9402150149208515, 0.6466884480090753
0.9402150149208515, 0.6466884480090753
0.9402150149208515, 0.6466884480090753
0.9402150149208515, 0.6466884480090753
0.9402150149208515, 0.6466884480090753
0.9402150149208515, 0.6466884480090753
0.9402150149208515, 0.6466884480090753
0.3903682372207803, 0.17811222913645475
0.3903682372207803, 0.17811222913645475
0.3903682372207803, 0.17811222913645475
0.3903682372207803, 0.17811222913645475
0.3903682372207803, 0.17811222913645475
0.3903682372207803, 0.17811222913645475
0.3903682372207803, 0.17811222913645475
0.3903682372207803, 0.17811222913645475
0.3903682372207803, 0.17811222913645475
0.3903682372207803, 0.17811222913645475
0.3630894069162315, 0.9918331342752185
0.3630894069162315, 0.9918331342752185
0.3630894069162315, 0.9918331342752185
0.3630894069162315, 0.9918331342752185
0.3630894069162315, 0.9918331342752185
0.3630894069162315, 0.9918331342752185
0.3630894069162315, 0.9918331342752185
0.3630894069162315, 0.9918331342752185
0.3630894069162315, 0.9918331342752185
0.3630894069162315, 0.9918331342752185
0.7504852741863074, 0.5712299581731165
0.7504852741863074, 0.5712299581731165
0.7504852741863074, 0.5712299581731165
0.7504852741863074, 0.5712299581731165
0.7504852741863074, 0.5712299581731165
0.7504852741863074, 0.5712299581731165
0.7504852741863074, 0.5712299581731165
0.7504852741863074, 0.5712299581731165
0.7504852741863074, 0.5712299581731165
0.7504852741863074, 0.5712299581731165
0.0058004036758990685, 0.0951128991894521
0.0058004036758990685, 0.0951128991894521
0.0058004036758990685, 0.0951128991894521
0.0058004036758990685, 0.0951128991894521
0.0058004036758990685, 0.0951128991894521
0.0058004036758990685, 0.0951128991894521
0.0058004036758990685, 0.0951128991894521
0.0058004036758990685, 0.0951128991894521
0.0058004036758990685, 0.0951128991894521
0.0058004036758990685, 0.0951128991894521
0.8720305263787916, 0.2809376468353765
0.8720305263787916, 0.2809376468353765
0.8720305263787916, 0.2809376468353765
0.8720305263787916, 0.2809376468353765
0.8720305263787916, 0.2809376468353765
0.8720305263787916, 0.2809376468353765
0.8720305263787916, 0.2809376468353765
0.8720305263787916, 0.2809376468353765
0.8720305263787916, 0.2809376468353765
0.8720305263787916, 0.2809376468353765
0.11200598661975858, 0.656068170366405
0.11200598661975858, 0.656068170366405
0.11200598661975858, 0.656068170366405
0.11200598661975858, 0.656068170366405
0.11200598661975858, 0.656068170366405
0.11200598661975858, 0.656068170366405
0.11200598661975858, 0.656068170366405
0.11200598661975858, 0.656068170366405
0.11200598661975858, 0.656068170366405
0.11200598661975858, 0.656068170366405
