1e-05
0.8854666431157794, 0.12341529220589775
0.8854666431157794, 0.12341529220589775
0.8854666431157794, 0.12341529220589775
0.8854666431157794, 0.12341529220589775
0.8854666431157794, 0.12341529220589775
0.8854666431157794, 0.12341529220589775
0.8854666431157794, 0.12341529220589775
0.8854666431157794, 0.12341529220589775
0.8854666431157794, 0.12341529220589775
0.8854666431157794, 0.12341529220589775
0.32300117215781077, 0.4715610523364868
0.32300117215781077, 0.4715610523364868
0.32300117215781077, 0.4715610523364868
0.32300117215781077, 0.4715610523364868
0.32300117215781077, 0.4715610523364868
0.32300117215781077, 0.4715610523364868
0.32300117215781077, 0.4715610523364868
0.32300117215781077, 0.4715610523364868
0.32300117215781077, 0.4715610523364868
0.32300117215781077, 0.4715610523364868
0.8984859427131553, 0.8669632592922192
0.8984859427131553, 0.8669632592922192
0.8984859427131553, 0.8669632592922192
0.8984859427131553, 0.8669632592922192
0.8984859427131553, 0.8669632592922192
0.8984859427131553, 0.8669632592922192
0.8984859427131553, 0.8669632592922192
0.8984859427131553, 0.8669632592922192
0.8984859427131553, 0.8669632592922192
0.8984859427131553, 0.8669632592922192
0.7645315844907886, 0.7061986912715416
0.7645315844907886, 0.7061986912715416
0.7645315844907886, 0.7061986912715416
0.7645315844907886, 0.7061986912715416
0.7645315844907886, 0.7061986912715416
0.7645315844907886, 0.7061986912715416
0.7645315844907886, 0.7061986912715416
0.7645315844907886, 0.7061986912715416
0.7645315844907886, 0.7061986912715416
0.7645315844907886, 0.7061986912715416
0.18107676770771497, 0.3900247566753632
0.18107676770771497, 0.3900247566753632
0.18107676770771497, 0.3900247566753632
0.18107676770771497, 0.3900247566753632
0.18107676770771497, 0.3900247566753632
0.18107676770771497, 0.3900247566753632
0.18107676770771497, 0.3900247566753632
0.18107676770771497, 0.3900247566753632
0.18107676770771497, 0.3900247566753632
0.18107676770771497, 0.3900247566753632
0.8090319655580016, 0.2695382632863298
0.8090319655580016, 0.2695382632863298
0.8090319655580016, 0.2695382632863298
0.8090319655580016, 0.2695382632863298
0.8090319655580016, 0.2695382632863298
0.8090319655580016, 0.2695382632863298
0.8090319655580016, 0.2695382632863298
0.8090319655580016, 0.2695382632863298
0.8090319655580016, 0.2695382632863298
0.8090319655580016, 0.2695382632863298
0.34400172822677877, 0.8122606736463314
0.34400172822677877, 0.8122606736463314
0.34400172822677877, 0.8122606736463314
0.34400172822677877, 0.8122606736463314
0.34400172822677877, 0.8122606736463314
0.34400172822677877, 0.8122606736463314
0.34400172822677877, 0.8122606736463314
0.34400172822677877, 0.8122606736463314
0.34400172822677877, 0.8122606736463314
0.34400172822677877, 0.8122606736463314
0.08392687382189379, 0.4297225876119525
0.08392687382189379, 0.4297225876119525
0.08392687382189379, 0.4297225876119525
0.08392687382189379, 0.4297225876119525
0.08392687382189379, 0.4297225876119525
0.08392687382189379, 0.4297225876119525
0.08392687382189379, 0.4297225876119525
0.08392687382189379, 0.4297225876119525
0.08392687382189379, 0.4297225876119525
0.08392687382189379, 0.4297225876119525
0.3663711094422295, 0.5276996815319415
0.3663711094422295, 0.5276996815319415
0.3663711094422295, 0.5276996815319415
0.3663711094422295, 0.5276996815319415
0.3663711094422295, 0.5276996815319415
0.3663711094422295, 0.5276996815319415
0.3663711094422295, 0.5276996815319415
0.3663711094422295, 0.5276996815319415
0.3663711094422295, 0.5276996815319415
0.3663711094422295, 0.5276996815319415
0.32359182076441606, 0.9709824315335052
0.32359182076441606, 0.9709824315335052
0.32359182076441606, 0.9709824315335052
0.32359182076441606, 0.9709824315335052
0.32359182076441606, 0.9709824315335052
0.32359182076441606, 0.9709824315335052
0.32359182076441606, 0.9709824315335052
0.32359182076441606, 0.9709824315335052
0.32359182076441606, 0.9709824315335052
0.32359182076441606, 0.9709824315335052
