1e-05
0.9123120940042442, 0.650450174411495
0.27115585846125534, 0.7266766574765203
0.5877479248479778, 0.1357051818501568
0.8662174580176235, 0.8868906088080438
0.40239938964009003, 0.2303124224040045
0.44980722059904, 0.09671000877787328
0.15402590281678163, 0.7849198059607163
0.7079479835634939, 0.5701776509026923
0.12376319853045548, 0.42509026629840474
0.10290064555126588, 0.28852628744537423
0.7196632339706175, 0.49154139506504213
0.07233949123780947, 0.31164243824594373
0.41779139577663815, 0.6605583608009942
0.4636454897044531, 0.5989370785593479
0.5874337446396457, 0.6772127540085455
0.8084711002669224, 0.5195450970493516
0.7523737144732556, 0.16631411104618954
0.37468031448562056, 0.25181073261936404
0.7027230908589742, 0.975174873067725
0.8776456723557603, 0.4572902183323745
0.9442687050692534, 0.7473766478061451
0.212259538942436, 0.23165703722966724
0.9223835634985844, 0.007005903161837135
0.5933930205010061, 0.3493684031388047
0.4681968460934923, 0.7150871217647149
0.027869625213358784, 0.24197933772469493
0.008721620207367997, 0.8230922463233227
0.9224160629905358, 0.608410111312719
0.7583516198433529, 0.27887606726511127
0.9498010298629782, 0.3868053396880369
0.8039997424022018, 0.3200942396633468
0.6109990338272074, 0.3363324974302948
0.44041153629765517, 0.47869214067050936
0.39779973070303254, 0.9590978826620838
0.9856953879817468, 0.5921433644652294
0.3967405292440983, 0.7314940761568826
0.021781680531250847, 0.5123050192628166
0.4278682087623593, 0.25708555433434865
0.4331427939008968, 0.8480013840109321
0.8243364851123708, 0.13344061393951645
0.0467644781989246, 0.42169710911918745
0.33893885059091755, 0.2792375544986717
0.7415032211474308, 0.9024320871644009
0.5888092587884366, 0.23198512301355745
0.13337619205863882, 0.2840599429519327
0.7983625326048698, 0.918986463101507
0.6979465758572015, 0.48645945053922
0.3767716598343339, 0.9858907842310645
0.45983149292665393, 0.42393982443095946
0.8262906432083551, 0.09585191159569639
0.08878163889536106, 0.8402492519414034
0.7796171426936702, 0.34658863463085143
0.8926082596536019, 0.8590762400057228
0.7087561498951294, 0.937873604903151
0.6661953442872589, 0.5768992154653526
0.5053161956949428, 0.18190720080570122
0.488263731285955, 0.42462206862481444
0.5037117175041653, 0.8386059602619019
0.8159966340054022, 0.2115384873094741
0.19390969237878064, 0.0570657988001988
0.3811013877900836, 0.05337786151280555
0.02570051515624483, 0.08195859801034011
0.8521402954818974, 0.6000361743874684
0.5234511667787466, 0.24053750293982767
0.15958280307271333, 0.12969117307139233
0.6559837778356822, 0.5026012245449061
0.8874520814273306, 0.4727626102680861
0.7718893437056473, 0.8202448996451143
0.011083425102875188, 0.5190186078976199
0.2636767992267298, 0.29192067296421387
0.35635931798835774, 0.5190536580475976
0.5930769444980251, 0.3936511865382135
0.3826650851695842, 0.9659677810622709
0.004887385906580111, 0.9250988996676361
0.18543845498345268, 0.10997936467958203
0.18551021425055647, 0.0774114522427023
0.8621177919706, 0.7376450264873624
0.49732626220081044, 0.12194410896472407
0.28521126454178136, 0.43003856639685434
0.4883044946467212, 0.21344582033089154
0.06681054149020738, 0.38483589058085
0.7536812801347516, 0.2824061840447404
0.6647514548415655, 0.7143302456259473
0.8579245515386826, 0.5198431975183783
0.599835867064722, 0.6949703089610274
0.29901320814280175, 0.14467827590149207
0.5050741115035923, 0.9411497267410365
0.8017985277850649, 0.2592315909712052
0.6368549418403319, 0.43836051472359616
0.42852120325928666, 0.2233832893750085
0.560782001985442, 0.3098140792844073
0.18827583470825549, 0.4758298955939553
0.2691990001242065, 0.7774993309064356
0.878050933653101, 0.24492130027270353
0.7578036133766645, 0.3718442873019412
0.2627821809824288, 0.32041050195432763
0.29833066137467645, 0.7006726598886704
0.16565453803866126, 0.7434789686140629
0.548886410374613, 0.12011209023410385
0.732367422334906, 0.529451592208658
