1e-05
0.7780214792425841, 0.970239660159859
0.7780214792425841, 0.970239660159859
0.7780214792425841, 0.970239660159859
0.7780214792425841, 0.970239660159859
0.7780214792425841, 0.970239660159859
0.7780214792425841, 0.970239660159859
0.7780214792425841, 0.970239660159859
0.7780214792425841, 0.970239660159859
0.7780214792425841, 0.970239660159859
0.7780214792425841, 0.970239660159859
0.5511108295845806, 0.20422444882590818
0.5511108295845806, 0.20422444882590818
0.5511108295845806, 0.20422444882590818
0.5511108295845806, 0.20422444882590818
0.5511108295845806, 0.20422444882590818
0.5511108295845806, 0.20422444882590818
0.5511108295845806, 0.20422444882590818
0.5511108295845806, 0.20422444882590818
0.5511108295845806, 0.20422444882590818
0.5511108295845806, 0.20422444882590818
0.04475430469941155, 0.9854709499322556
0.04475430469941155, 0.9854709499322556
0.04475430469941155, 0.9854709499322556
0.04475430469941155, 0.9854709499322556
0.04475430469941155, 0.9854709499322556
0.04475430469941155, 0.9854709499322556
0.04475430469941155, 0.9854709499322556
0.04475430469941155, 0.9854709499322556
0.04475430469941155, 0.9854709499322556
0.04475430469941155, 0.9854709499322556
0.45413052803005505, 0.016966000110088864
0.45413052803005505, 0.016966000110088864
0.45413052803005505, 0.016966000110088864
0.45413052803005505, 0.016966000110088864
0.45413052803005505, 0.016966000110088864
0.45413052803005505, 0.016966000110088864
0.45413052803005505, 0.016966000110088864
0.45413052803005505, 0.016966000110088864
0.45413052803005505, 0.016966000110088864
0.45413052803005505, 0.016966000110088864
0.2558178428612379, 0.8189969898724146
0.2558178428612379, 0.8189969898724146
0.2558178428612379, 0.8189969898724146
0.2558178428612379, 0.8189969898724146
0.2558178428612379, 0.8189969898724146
0.2558178428612379, 0.8189969898724146
0.2558178428612379, 0.8189969898724146
0.2558178428612379, 0.8189969898724146
0.2558178428612379, 0.8189969898724146
0.2558178428612379, 0.8189969898724146
0.1985952134980934, 0.07488822475918389
0.1985952134980934, 0.07488822475918389
0.1985952134980934, 0.07488822475918389
0.1985952134980934, 0.07488822475918389
0.1985952134980934, 0.07488822475918389
0.1985952134980934, 0.07488822475918389
0.1985952134980934, 0.07488822475918389
0.1985952134980934, 0.07488822475918389
0.1985952134980934, 0.07488822475918389
0.1985952134980934, 0.07488822475918389
0.5602007702655302, 0.8762452145523874
0.5602007702655302, 0.8762452145523874
0.5602007702655302, 0.8762452145523874
0.5602007702655302, 0.8762452145523874
0.5602007702655302, 0.8762452145523874
0.5602007702655302, 0.8762452145523874
0.5602007702655302, 0.8762452145523874
0.5602007702655302, 0.8762452145523874
0.5602007702655302, 0.8762452145523874
0.5602007702655302, 0.8762452145523874
0.627774377933661, 0.8184404931107226
0.627774377933661, 0.8184404931107226
0.627774377933661, 0.8184404931107226
0.627774377933661, 0.8184404931107226
0.627774377933661, 0.8184404931107226
0.627774377933661, 0.8184404931107226
0.627774377933661, 0.8184404931107226
0.627774377933661, 0.8184404931107226
0.627774377933661, 0.8184404931107226
0.627774377933661, 0.8184404931107226
0.9118723186912002, 0.08458729285526823
0.9118723186912002, 0.08458729285526823
0.9118723186912002, 0.08458729285526823
0.9118723186912002, 0.08458729285526823
0.9118723186912002, 0.08458729285526823
0.9118723186912002, 0.08458729285526823
0.9118723186912002, 0.08458729285526823
0.9118723186912002, 0.08458729285526823
0.9118723186912002, 0.08458729285526823
0.9118723186912002, 0.08458729285526823
0.8681327315883653, 0.6807665359465724
0.8681327315883653, 0.6807665359465724
0.8681327315883653, 0.6807665359465724
0.8681327315883653, 0.6807665359465724
0.8681327315883653, 0.6807665359465724
0.8681327315883653, 0.6807665359465724
0.8681327315883653, 0.6807665359465724
0.8681327315883653, 0.6807665359465724
0.8681327315883653, 0.6807665359465724
0.8681327315883653, 0.6807665359465724
