1e-05
0.22296360298723883, 0.8273993447939524
0.22296360298723883, 0.8273993447939524
0.22296360298723883, 0.8273993447939524
0.22296360298723883, 0.8273993447939524
0.22296360298723883, 0.8273993447939524
0.22296360298723883, 0.8273993447939524
0.22296360298723883, 0.8273993447939524
0.22296360298723883, 0.8273993447939524
0.22296360298723883, 0.8273993447939524
0.22296360298723883, 0.8273993447939524
0.69092374593065, 0.11501515569372034
0.69092374593065, 0.11501515569372034
0.69092374593065, 0.11501515569372034
0.69092374593065, 0.11501515569372034
0.69092374593065, 0.11501515569372034
0.69092374593065, 0.11501515569372034
0.69092374593065, 0.11501515569372034
0.69092374593065, 0.11501515569372034
0.69092374593065, 0.11501515569372034
0.69092374593065, 0.11501515569372034
0.4174278947420711, 0.5306856511995431
0.4174278947420711, 0.5306856511995431
0.4174278947420711, 0.5306856511995431
0.4174278947420711, 0.5306856511995431
0.4174278947420711, 0.5306856511995431
0.4174278947420711, 0.5306856511995431
0.4174278947420711, 0.5306856511995431
0.4174278947420711, 0.5306856511995431
0.4174278947420711, 0.5306856511995431
0.4174278947420711, 0.5306856511995431
0.7867241520352268, 0.18454314384310044
0.7867241520352268, 0.18454314384310044
0.7867241520352268, 0.18454314384310044
0.7867241520352268, 0.18454314384310044
0.7867241520352268, 0.18454314384310044
0.7867241520352268, 0.18454314384310044
0.7867241520352268, 0.18454314384310044
0.7867241520352268, 0.18454314384310044
0.7867241520352268, 0.18454314384310044
0.7867241520352268, 0.18454314384310044
0.5859823647539459, 0.9069894642027305
0.5859823647539459, 0.9069894642027305
0.5859823647539459, 0.9069894642027305
0.5859823647539459, 0.9069894642027305
0.5859823647539459, 0.9069894642027305
0.5859823647539459, 0.9069894642027305
0.5859823647539459, 0.9069894642027305
0.5859823647539459, 0.9069894642027305
0.5859823647539459, 0.9069894642027305
0.5859823647539459, 0.9069894642027305
0.7925302461042439, 0.20341074839922424
0.7925302461042439, 0.20341074839922424
0.7925302461042439, 0.20341074839922424
0.7925302461042439, 0.20341074839922424
0.7925302461042439, 0.20341074839922424
0.7925302461042439, 0.20341074839922424
0.7925302461042439, 0.20341074839922424
0.7925302461042439, 0.20341074839922424
0.7925302461042439, 0.20341074839922424
0.7925302461042439, 0.20341074839922424
0.40791442418056967, 0.3875190639773747
0.40791442418056967, 0.3875190639773747
0.40791442418056967, 0.3875190639773747
0.40791442418056967, 0.3875190639773747
0.40791442418056967, 0.3875190639773747
0.40791442418056967, 0.3875190639773747
0.40791442418056967, 0.3875190639773747
0.40791442418056967, 0.3875190639773747
0.40791442418056967, 0.3875190639773747
0.40791442418056967, 0.3875190639773747
0.32838072360524606, 0.275796681701839
0.32838072360524606, 0.275796681701839
0.32838072360524606, 0.275796681701839
0.32838072360524606, 0.275796681701839
0.32838072360524606, 0.275796681701839
0.32838072360524606, 0.275796681701839
0.32838072360524606, 0.275796681701839
0.32838072360524606, 0.275796681701839
0.32838072360524606, 0.275796681701839
0.32838072360524606, 0.275796681701839
0.2395882815767627, 0.40502748871042094
0.2395882815767627, 0.40502748871042094
0.2395882815767627, 0.40502748871042094
0.2395882815767627, 0.40502748871042094
0.2395882815767627, 0.40502748871042094
0.2395882815767627, 0.40502748871042094
0.2395882815767627, 0.40502748871042094
0.2395882815767627, 0.40502748871042094
0.2395882815767627, 0.40502748871042094
0.2395882815767627, 0.40502748871042094
0.27633913012797706, 0.8177032042558291
0.27633913012797706, 0.8177032042558291
0.27633913012797706, 0.8177032042558291
0.27633913012797706, 0.8177032042558291
0.27633913012797706, 0.8177032042558291
0.27633913012797706, 0.8177032042558291
0.27633913012797706, 0.8177032042558291
0.27633913012797706, 0.8177032042558291
0.27633913012797706, 0.8177032042558291
0.27633913012797706, 0.8177032042558291
