1e-05
0.0881934113614038, 0.8296794996440102
0.0881934113614038, 0.8296794996440102
0.0881934113614038, 0.8296794996440102
0.0881934113614038, 0.8296794996440102
0.0881934113614038, 0.8296794996440102
0.0881934113614038, 0.8296794996440102
0.0881934113614038, 0.8296794996440102
0.0881934113614038, 0.8296794996440102
0.0881934113614038, 0.8296794996440102
0.0881934113614038, 0.8296794996440102
0.39568325306805574, 0.5670269037528611
0.39568325306805574, 0.5670269037528611
0.39568325306805574, 0.5670269037528611
0.39568325306805574, 0.5670269037528611
0.39568325306805574, 0.5670269037528611
0.39568325306805574, 0.5670269037528611
0.39568325306805574, 0.5670269037528611
0.39568325306805574, 0.5670269037528611
0.39568325306805574, 0.5670269037528611
0.39568325306805574, 0.5670269037528611
0.8537725781714041, 0.5678903364658923
0.8537725781714041, 0.5678903364658923
0.8537725781714041, 0.5678903364658923
0.8537725781714041, 0.5678903364658923
0.8537725781714041, 0.5678903364658923
0.8537725781714041, 0.5678903364658923
0.8537725781714041, 0.5678903364658923
0.8537725781714041, 0.5678903364658923
0.8537725781714041, 0.5678903364658923
0.8537725781714041, 0.5678903364658923
0.8102724360634185, 0.7282832081224531
0.8102724360634185, 0.7282832081224531
0.8102724360634185, 0.7282832081224531
0.8102724360634185, 0.7282832081224531
0.8102724360634185, 0.7282832081224531
0.8102724360634185, 0.7282832081224531
0.8102724360634185, 0.7282832081224531
0.8102724360634185, 0.7282832081224531
0.8102724360634185, 0.7282832081224531
0.8102724360634185, 0.7282832081224531
0.9524267514877937, 0.4066440300166507
0.9524267514877937, 0.4066440300166507
0.9524267514877937, 0.4066440300166507
0.9524267514877937, 0.4066440300166507
0.9524267514877937, 0.4066440300166507
0.9524267514877937, 0.4066440300166507
0.9524267514877937, 0.4066440300166507
0.9524267514877937, 0.4066440300166507
0.9524267514877937, 0.4066440300166507
0.9524267514877937, 0.4066440300166507
0.6836075777925441, 0.34701273264326815
0.6836075777925441, 0.34701273264326815
0.6836075777925441, 0.34701273264326815
0.6836075777925441, 0.34701273264326815
0.6836075777925441, 0.34701273264326815
0.6836075777925441, 0.34701273264326815
0.6836075777925441, 0.34701273264326815
0.6836075777925441, 0.34701273264326815
0.6836075777925441, 0.34701273264326815
0.6836075777925441, 0.34701273264326815
0.21300870817772555, 0.9704561631057639
0.21300870817772555, 0.9704561631057639
0.21300870817772555, 0.9704561631057639
0.21300870817772555, 0.9704561631057639
0.21300870817772555, 0.9704561631057639
0.21300870817772555, 0.9704561631057639
0.21300870817772555, 0.9704561631057639
0.21300870817772555, 0.9704561631057639
0.21300870817772555, 0.9704561631057639
0.21300870817772555, 0.9704561631057639
0.6270168089792216, 0.5202495965735706
0.6270168089792216, 0.5202495965735706
0.6270168089792216, 0.5202495965735706
0.6270168089792216, 0.5202495965735706
0.6270168089792216, 0.5202495965735706
0.6270168089792216, 0.5202495965735706
0.6270168089792216, 0.5202495965735706
0.6270168089792216, 0.5202495965735706
0.6270168089792216, 0.5202495965735706
0.6270168089792216, 0.5202495965735706
0.23741023473953426, 1.816936574428052e-05
0.23741023473953426, 1.816936574428052e-05
0.23741023473953426, 1.816936574428052e-05
0.23741023473953426, 1.816936574428052e-05
0.23741023473953426, 1.816936574428052e-05
0.23741023473953426, 1.816936574428052e-05
0.23741023473953426, 1.816936574428052e-05
0.23741023473953426, 1.816936574428052e-05
0.23741023473953426, 1.816936574428052e-05
0.23741023473953426, 1.816936574428052e-05
0.533589283726573, 0.6193574350744238
0.533589283726573, 0.6193574350744238
0.533589283726573, 0.6193574350744238
0.533589283726573, 0.6193574350744238
0.533589283726573, 0.6193574350744238
0.533589283726573, 0.6193574350744238
0.533589283726573, 0.6193574350744238
0.533589283726573, 0.6193574350744238
0.533589283726573, 0.6193574350744238
0.533589283726573, 0.6193574350744238
