1e-05
0.30827907562361845, 0.8863220212258915
0.30827907562361845, 0.8863220212258915
0.30827907562361845, 0.8863220212258915
0.30827907562361845, 0.8863220212258915
0.30827907562361845, 0.8863220212258915
0.30827907562361845, 0.8863220212258915
0.30827907562361845, 0.8863220212258915
0.30827907562361845, 0.8863220212258915
0.30827907562361845, 0.8863220212258915
0.30827907562361845, 0.8863220212258915
0.48146487163359897, 0.5565833413760789
0.48146487163359897, 0.5565833413760789
0.48146487163359897, 0.5565833413760789
0.48146487163359897, 0.5565833413760789
0.48146487163359897, 0.5565833413760789
0.48146487163359897, 0.5565833413760789
0.48146487163359897, 0.5565833413760789
0.48146487163359897, 0.5565833413760789
0.48146487163359897, 0.5565833413760789
0.48146487163359897, 0.5565833413760789
0.9828253135764486, 0.8983884540320669
0.9828253135764486, 0.8983884540320669
0.9828253135764486, 0.8983884540320669
0.9828253135764486, 0.8983884540320669
0.9828253135764486, 0.8983884540320669
0.9828253135764486, 0.8983884540320669
0.9828253135764486, 0.8983884540320669
0.9828253135764486, 0.8983884540320669
0.9828253135764486, 0.8983884540320669
0.9828253135764486, 0.8983884540320669
0.4104704674625257, 0.1735618544235178
0.4104704674625257, 0.1735618544235178
0.4104704674625257, 0.1735618544235178
0.4104704674625257, 0.1735618544235178
0.4104704674625257, 0.1735618544235178
0.4104704674625257, 0.1735618544235178
0.4104704674625257, 0.1735618544235178
0.4104704674625257, 0.1735618544235178
0.4104704674625257, 0.1735618544235178
0.4104704674625257, 0.1735618544235178
0.6461338334367519, 0.3977184842823561
0.6461338334367519, 0.3977184842823561
0.6461338334367519, 0.3977184842823561
0.6461338334367519, 0.3977184842823561
0.6461338334367519, 0.3977184842823561
0.6461338334367519, 0.3977184842823561
0.6461338334367519, 0.3977184842823561
0.6461338334367519, 0.3977184842823561
0.6461338334367519, 0.3977184842823561
0.6461338334367519, 0.3977184842823561
0.9556891586577219, 0.8809525671021555
0.9556891586577219, 0.8809525671021555
0.9556891586577219, 0.8809525671021555
0.9556891586577219, 0.8809525671021555
0.9556891586577219, 0.8809525671021555
0.9556891586577219, 0.8809525671021555
0.9556891586577219, 0.8809525671021555
0.9556891586577219, 0.8809525671021555
0.9556891586577219, 0.8809525671021555
0.9556891586577219, 0.8809525671021555
0.5004042519389678, 0.8581045897721008
0.5004042519389678, 0.8581045897721008
0.5004042519389678, 0.8581045897721008
0.5004042519389678, 0.8581045897721008
0.5004042519389678, 0.8581045897721008
0.5004042519389678, 0.8581045897721008
0.5004042519389678, 0.8581045897721008
0.5004042519389678, 0.8581045897721008
0.5004042519389678, 0.8581045897721008
0.5004042519389678, 0.8581045897721008
0.5189258641257806, 0.48161489890746845
0.5189258641257806, 0.48161489890746845
0.5189258641257806, 0.48161489890746845
0.5189258641257806, 0.48161489890746845
0.5189258641257806, 0.48161489890746845
0.5189258641257806, 0.48161489890746845
0.5189258641257806, 0.48161489890746845
0.5189258641257806, 0.48161489890746845
0.5189258641257806, 0.48161489890746845
0.5189258641257806, 0.48161489890746845
0.7359673265889888, 0.6965525021193912
0.7359673265889888, 0.6965525021193912
0.7359673265889888, 0.6965525021193912
0.7359673265889888, 0.6965525021193912
0.7359673265889888, 0.6965525021193912
0.7359673265889888, 0.6965525021193912
0.7359673265889888, 0.6965525021193912
0.7359673265889888, 0.6965525021193912
0.7359673265889888, 0.6965525021193912
0.7359673265889888, 0.6965525021193912
0.3830692557662507, 0.4983532202841999
0.3830692557662507, 0.4983532202841999
0.3830692557662507, 0.4983532202841999
0.3830692557662507, 0.4983532202841999
0.3830692557662507, 0.4983532202841999
0.3830692557662507, 0.4983532202841999
0.3830692557662507, 0.4983532202841999
0.3830692557662507, 0.4983532202841999
0.3830692557662507, 0.4983532202841999
0.3830692557662507, 0.4983532202841999
