1e-05
0.9442755533304474, 0.2537433002908661
0.9442755533304474, 0.2537433002908661
0.9442755533304474, 0.2537433002908661
0.9442755533304474, 0.2537433002908661
0.9442755533304474, 0.2537433002908661
0.9442755533304474, 0.2537433002908661
0.9442755533304474, 0.2537433002908661
0.9442755533304474, 0.2537433002908661
0.9442755533304474, 0.2537433002908661
0.9442755533304474, 0.2537433002908661
0.2251165822621719, 0.24816528722291542
0.2251165822621719, 0.24816528722291542
0.2251165822621719, 0.24816528722291542
0.2251165822621719, 0.24816528722291542
0.2251165822621719, 0.24816528722291542
0.2251165822621719, 0.24816528722291542
0.2251165822621719, 0.24816528722291542
0.2251165822621719, 0.24816528722291542
0.2251165822621719, 0.24816528722291542
0.2251165822621719, 0.24816528722291542
0.35391665042789267, 0.5329494370475915
0.35391665042789267, 0.5329494370475915
0.35391665042789267, 0.5329494370475915
0.35391665042789267, 0.5329494370475915
0.35391665042789267, 0.5329494370475915
0.35391665042789267, 0.5329494370475915
0.35391665042789267, 0.5329494370475915
0.35391665042789267, 0.5329494370475915
0.35391665042789267, 0.5329494370475915
0.35391665042789267, 0.5329494370475915
0.5800902622890638, 0.5425015104616767
0.5800902622890638, 0.5425015104616767
0.5800902622890638, 0.5425015104616767
0.5800902622890638, 0.5425015104616767
0.5800902622890638, 0.5425015104616767
0.5800902622890638, 0.5425015104616767
0.5800902622890638, 0.5425015104616767
0.5800902622890638, 0.5425015104616767
0.5800902622890638, 0.5425015104616767
0.5800902622890638, 0.5425015104616767
0.503261475552234, 0.4012829532175164
0.503261475552234, 0.4012829532175164
0.503261475552234, 0.4012829532175164
0.503261475552234, 0.4012829532175164
0.503261475552234, 0.4012829532175164
0.503261475552234, 0.4012829532175164
0.503261475552234, 0.4012829532175164
0.503261475552234, 0.4012829532175164
0.503261475552234, 0.4012829532175164
0.503261475552234, 0.4012829532175164
0.43671193724212054, 0.8055636742439626
0.43671193724212054, 0.8055636742439626
0.43671193724212054, 0.8055636742439626
0.43671193724212054, 0.8055636742439626
0.43671193724212054, 0.8055636742439626
0.43671193724212054, 0.8055636742439626
0.43671193724212054, 0.8055636742439626
0.43671193724212054, 0.8055636742439626
0.43671193724212054, 0.8055636742439626
0.43671193724212054, 0.8055636742439626
0.8523126580790634, 0.679725986431498
0.8523126580790634, 0.679725986431498
0.8523126580790634, 0.679725986431498
0.8523126580790634, 0.679725986431498
0.8523126580790634, 0.679725986431498
0.8523126580790634, 0.679725986431498
0.8523126580790634, 0.679725986431498
0.8523126580790634, 0.679725986431498
0.8523126580790634, 0.679725986431498
0.8523126580790634, 0.679725986431498
0.7344029979961398, 0.46630130864964536
0.7344029979961398, 0.46630130864964536
0.7344029979961398, 0.46630130864964536
0.7344029979961398, 0.46630130864964536
0.7344029979961398, 0.46630130864964536
0.7344029979961398, 0.46630130864964536
0.7344029979961398, 0.46630130864964536
0.7344029979961398, 0.46630130864964536
0.7344029979961398, 0.46630130864964536
0.7344029979961398, 0.46630130864964536
0.8935942260387464, 0.15736821601693918
0.8935942260387464, 0.15736821601693918
0.8935942260387464, 0.15736821601693918
0.8935942260387464, 0.15736821601693918
0.8935942260387464, 0.15736821601693918
0.8935942260387464, 0.15736821601693918
0.8935942260387464, 0.15736821601693918
0.8935942260387464, 0.15736821601693918
0.8935942260387464, 0.15736821601693918
0.8935942260387464, 0.15736821601693918
0.6561791386390945, 0.1780034804391204
0.6561791386390945, 0.1780034804391204
0.6561791386390945, 0.1780034804391204
0.6561791386390945, 0.1780034804391204
0.6561791386390945, 0.1780034804391204
0.6561791386390945, 0.1780034804391204
0.6561791386390945, 0.1780034804391204
0.6561791386390945, 0.1780034804391204
0.6561791386390945, 0.1780034804391204
0.6561791386390945, 0.1780034804391204
