0.1
0.2207444056282386, 0.023077488711869765
0.8787184302560614, 0.1333707723842701
0.4301805789907528, 0.5166339584546773
0.7576823641343962, 0.7820217742627502
0.9954617039263857, 0.3652510147665271
0.9674303111370558, 0.6321251347639139
0.3404753990547492, 0.6668816378201512
0.012852866943434682, 0.18470300066939338
0.6113292691830339, 0.7098089371378845
0.08157705919259994, 0.35260836920299354
0.03917085501812012, 0.6862448056958383
0.35228226539168916, 0.05737778662550075
0.7399273455539243, 0.7631897400017015
0.39052960662665803, 0.9031599033806809
0.7771987799625681, 0.3072392218195358
0.31622777257313184, 0.4565834266421419
0.25155570193216203, 0.11613316197611157
0.7878825740559702, 0.48810449503753794
0.8469408276185879, 0.2710403545247131
0.1271734531612273, 0.6351401495335858
0.3910166854955359, 0.8772997841067228
0.7243570725897539, 0.8300470765741224
0.8029846445468272, 0.3053763861855169
0.8374259326954099, 0.3744429992025151
0.5261047430076627, 0.2868709826767659
0.6677672167751374, 0.5092358792568181
0.394878172152174, 0.3010775946624249
0.30806469897143907, 0.7944785296520593
0.38898009066540495, 0.5165680565697892
0.9456611313487324, 0.42488045845691036
0.6747318749250459, 0.3498460992930498
0.6655498184697274, 0.5119384640688887
0.4059362437851439, 0.9771049030075265
0.9237330399338832, 0.0012719847338980017
0.33237706727519256, 0.94839092599521
0.4347745091105837, 0.0979570830187857
0.07269438729859412, 0.7724932404379952
0.9207587300077893, 0.1640300029059436
0.5964750099119747, 0.3851477713246879
0.1407051643493381, 0.906212627781452
0.9507983354455843, 0.9821618191964512
0.6451549981603073, 0.236697382336146
0.36227125511193126, 0.6275859280365143
0.6013381778481613, 0.9719265682551994
0.265302904136018, 0.6695372302281272
0.9114937154340921, 0.5600414591559775
0.2648994851516052, 0.04006572272189746
0.3662647415925634, 0.6388344723798799
0.28582149743002006, 0.17852793393609556
0.6849165373320207, 0.6353544684114641
0.6653943537490252, 0.841013846949024
0.8218878528813239, 0.5704214835226658
0.46401385557328856, 0.4991049376481137
0.011388419982064968, 0.7261976173450753
0.9727833896365662, 0.7913021544805047
0.7566266561501505, 0.7932942528220799
0.6617054883620992, 0.19614100175702898
0.7665745193558628, 0.8355073778905481
0.5450532881388492, 0.031172045427131034
0.5517839766203224, 0.5068252932115314
0.31442224408535047, 0.9305145008371344
0.42104674086142935, 0.12282225767789634
0.029118447784894252, 0.6514989397392315
0.2843015023943678, 0.39300309656465493
0.3775872832955398, 0.5055947684732671
0.4277586408513053, 0.38042645798167085
0.8167298912392609, 0.4412310343950583
0.21542230889803393, 0.21242443016029833
0.49317944235644695, 0.28353925943513014
0.7090704921125072, 0.22801179558150353
0.7316793006619845, 0.23482631897716333
0.008106349405055946, 0.5243025251194313
0.38472887156504665, 0.06927646429080159
0.369117007690014, 0.7778515523971815
0.2270139906798283, 0.03143290606586413
0.8154035446441205, 0.918751914968852
0.4702961332443032, 0.7732753676096458
0.3309678737915226, 0.3370542630087362
0.40785030246980836, 0.9983064679759631
0.9592349558653139, 0.8315248777752134
0.8051218079997956, 0.5099170688930648
0.47946422744289074, 0.8245091353071808
