1e-05
0.3343685833987613, 0.8028931681693771
0.3343685833987613, 0.8028931681693771
0.3343685833987613, 0.8028931681693771
0.3343685833987613, 0.8028931681693771
0.3343685833987613, 0.8028931681693771
0.3343685833987613, 0.8028931681693771
0.3343685833987613, 0.8028931681693771
0.3343685833987613, 0.8028931681693771
0.3343685833987613, 0.8028931681693771
0.3343685833987613, 0.8028931681693771
0.1264862668339627, 0.9618424873338197
0.1264862668339627, 0.9618424873338197
0.1264862668339627, 0.9618424873338197
0.1264862668339627, 0.9618424873338197
0.1264862668339627, 0.9618424873338197
0.1264862668339627, 0.9618424873338197
0.1264862668339627, 0.9618424873338197
0.1264862668339627, 0.9618424873338197
0.1264862668339627, 0.9618424873338197
0.1264862668339627, 0.9618424873338197
0.41686569266319673, 0.6209438192929987
0.41686569266319673, 0.6209438192929987
0.41686569266319673, 0.6209438192929987
0.41686569266319673, 0.6209438192929987
0.41686569266319673, 0.6209438192929987
0.41686569266319673, 0.6209438192929987
0.41686569266319673, 0.6209438192929987
0.41686569266319673, 0.6209438192929987
0.41686569266319673, 0.6209438192929987
0.41686569266319673, 0.6209438192929987
0.550190174556146, 0.7065856042552952
0.550190174556146, 0.7065856042552952
0.550190174556146, 0.7065856042552952
0.550190174556146, 0.7065856042552952
0.550190174556146, 0.7065856042552952
0.550190174556146, 0.7065856042552952
0.550190174556146, 0.7065856042552952
0.550190174556146, 0.7065856042552952
0.550190174556146, 0.7065856042552952
0.550190174556146, 0.7065856042552952
0.3863594986704256, 0.41546908895946133
0.3863594986704256, 0.41546908895946133
0.3863594986704256, 0.41546908895946133
0.3863594986704256, 0.41546908895946133
0.3863594986704256, 0.41546908895946133
0.3863594986704256, 0.41546908895946133
0.3863594986704256, 0.41546908895946133
0.3863594986704256, 0.41546908895946133
0.3863594986704256, 0.41546908895946133
0.3863594986704256, 0.41546908895946133
0.574661542121446, 0.9183021854178396
0.574661542121446, 0.9183021854178396
0.574661542121446, 0.9183021854178396
0.574661542121446, 0.9183021854178396
0.574661542121446, 0.9183021854178396
0.574661542121446, 0.9183021854178396
0.574661542121446, 0.9183021854178396
0.574661542121446, 0.9183021854178396
0.574661542121446, 0.9183021854178396
0.574661542121446, 0.9183021854178396
0.43241708696555337, 0.8736814711616779
0.43241708696555337, 0.8736814711616779
0.43241708696555337, 0.8736814711616779
0.43241708696555337, 0.8736814711616779
0.43241708696555337, 0.8736814711616779
0.43241708696555337, 0.8736814711616779
0.43241708696555337, 0.8736814711616779
0.43241708696555337, 0.8736814711616779
0.43241708696555337, 0.8736814711616779
0.43241708696555337, 0.8736814711616779
0.5463575413488432, 0.28448536039716665
0.5463575413488432, 0.28448536039716665
0.5463575413488432, 0.28448536039716665
0.5463575413488432, 0.28448536039716665
0.5463575413488432, 0.28448536039716665
0.5463575413488432, 0.28448536039716665
0.5463575413488432, 0.28448536039716665
0.5463575413488432, 0.28448536039716665
0.5463575413488432, 0.28448536039716665
0.5463575413488432, 0.28448536039716665
0.3007198705896098, 0.46147461098402975
0.3007198705896098, 0.46147461098402975
0.3007198705896098, 0.46147461098402975
0.3007198705896098, 0.46147461098402975
0.3007198705896098, 0.46147461098402975
0.3007198705896098, 0.46147461098402975
0.3007198705896098, 0.46147461098402975
0.3007198705896098, 0.46147461098402975
0.3007198705896098, 0.46147461098402975
0.3007198705896098, 0.46147461098402975
0.35823417919809064, 0.6920023862322808
0.35823417919809064, 0.6920023862322808
0.35823417919809064, 0.6920023862322808
0.35823417919809064, 0.6920023862322808
0.35823417919809064, 0.6920023862322808
0.35823417919809064, 0.6920023862322808
0.35823417919809064, 0.6920023862322808
0.35823417919809064, 0.6920023862322808
0.35823417919809064, 0.6920023862322808
0.35823417919809064, 0.6920023862322808
