1e-05
0.2706185871031098, 0.8738933644224762
0.2706185871031098, 0.8738933644224762
0.2706185871031098, 0.8738933644224762
0.2706185871031098, 0.8738933644224762
0.2706185871031098, 0.8738933644224762
0.2706185871031098, 0.8738933644224762
0.2706185871031098, 0.8738933644224762
0.2706185871031098, 0.8738933644224762
0.2706185871031098, 0.8738933644224762
0.2706185871031098, 0.8738933644224762
0.6675704955503479, 0.4956035598588435
0.6675704955503479, 0.4956035598588435
0.6675704955503479, 0.4956035598588435
0.6675704955503479, 0.4956035598588435
0.6675704955503479, 0.4956035598588435
0.6675704955503479, 0.4956035598588435
0.6675704955503479, 0.4956035598588435
0.6675704955503479, 0.4956035598588435
0.6675704955503479, 0.4956035598588435
0.6675704955503479, 0.4956035598588435
0.8371915365229986, 0.5309883324062484
0.8371915365229986, 0.5309883324062484
0.8371915365229986, 0.5309883324062484
0.8371915365229986, 0.5309883324062484
0.8371915365229986, 0.5309883324062484
0.8371915365229986, 0.5309883324062484
0.8371915365229986, 0.5309883324062484
0.8371915365229986, 0.5309883324062484
0.8371915365229986, 0.5309883324062484
0.8371915365229986, 0.5309883324062484
0.8026757638417831, 0.23422500429335957
0.8026757638417831, 0.23422500429335957
0.8026757638417831, 0.23422500429335957
0.8026757638417831, 0.23422500429335957
0.8026757638417831, 0.23422500429335957
0.8026757638417831, 0.23422500429335957
0.8026757638417831, 0.23422500429335957
0.8026757638417831, 0.23422500429335957
0.8026757638417831, 0.23422500429335957
0.8026757638417831, 0.23422500429335957
0.07323648785533543, 0.5442711570686839
0.07323648785533543, 0.5442711570686839
0.07323648785533543, 0.5442711570686839
0.07323648785533543, 0.5442711570686839
0.07323648785533543, 0.5442711570686839
0.07323648785533543, 0.5442711570686839
0.07323648785533543, 0.5442711570686839
0.07323648785533543, 0.5442711570686839
0.07323648785533543, 0.5442711570686839
0.07323648785533543, 0.5442711570686839
0.5020767211586741, 0.07203655062441028
0.5020767211586741, 0.07203655062441028
0.5020767211586741, 0.07203655062441028
0.5020767211586741, 0.07203655062441028
0.5020767211586741, 0.07203655062441028
0.5020767211586741, 0.07203655062441028
0.5020767211586741, 0.07203655062441028
0.5020767211586741, 0.07203655062441028
0.5020767211586741, 0.07203655062441028
0.5020767211586741, 0.07203655062441028
0.2850427072158803, 0.7234534248548151
0.2850427072158803, 0.7234534248548151
0.2850427072158803, 0.7234534248548151
0.2850427072158803, 0.7234534248548151
0.2850427072158803, 0.7234534248548151
0.2850427072158803, 0.7234534248548151
0.2850427072158803, 0.7234534248548151
0.2850427072158803, 0.7234534248548151
0.2850427072158803, 0.7234534248548151
0.2850427072158803, 0.7234534248548151
0.8649871790118284, 0.7365003806419993
0.8649871790118284, 0.7365003806419993
0.8649871790118284, 0.7365003806419993
0.8649871790118284, 0.7365003806419993
0.8649871790118284, 0.7365003806419993
0.8649871790118284, 0.7365003806419993
0.8649871790118284, 0.7365003806419993
0.8649871790118284, 0.7365003806419993
0.8649871790118284, 0.7365003806419993
0.8649871790118284, 0.7365003806419993
0.756304510881306, 0.05830852567069977
0.756304510881306, 0.05830852567069977
0.756304510881306, 0.05830852567069977
0.756304510881306, 0.05830852567069977
0.756304510881306, 0.05830852567069977
0.756304510881306, 0.05830852567069977
0.756304510881306, 0.05830852567069977
0.756304510881306, 0.05830852567069977
0.756304510881306, 0.05830852567069977
0.756304510881306, 0.05830852567069977
0.9307824076531157, 0.6250553239293188
0.9307824076531157, 0.6250553239293188
0.9307824076531157, 0.6250553239293188
0.9307824076531157, 0.6250553239293188
0.9307824076531157, 0.6250553239293188
0.9307824076531157, 0.6250553239293188
0.9307824076531157, 0.6250553239293188
0.9307824076531157, 0.6250553239293188
0.9307824076531157, 0.6250553239293188
0.9307824076531157, 0.6250553239293188
