1e-05
0.0021692439942122554, 0.9536445070097641
0.0021692439942122554, 0.9536445070097641
0.0021692439942122554, 0.9536445070097641
0.0021692439942122554, 0.9536445070097641
0.0021692439942122554, 0.9536445070097641
0.0021692439942122554, 0.9536445070097641
0.0021692439942122554, 0.9536445070097641
0.0021692439942122554, 0.9536445070097641
0.0021692439942122554, 0.9536445070097641
0.0021692439942122554, 0.9536445070097641
0.4766508235362217, 0.22185839588571976
0.4766508235362217, 0.22185839588571976
0.4766508235362217, 0.22185839588571976
0.4766508235362217, 0.22185839588571976
0.4766508235362217, 0.22185839588571976
0.4766508235362217, 0.22185839588571976
0.4766508235362217, 0.22185839588571976
0.4766508235362217, 0.22185839588571976
0.4766508235362217, 0.22185839588571976
0.4766508235362217, 0.22185839588571976
0.7869555736367975, 0.1964224534229262
0.7869555736367975, 0.1964224534229262
0.7869555736367975, 0.1964224534229262
0.7869555736367975, 0.1964224534229262
0.7869555736367975, 0.1964224534229262
0.7869555736367975, 0.1964224534229262
0.7869555736367975, 0.1964224534229262
0.7869555736367975, 0.1964224534229262
0.7869555736367975, 0.1964224534229262
0.7869555736367975, 0.1964224534229262
0.2963307740866057, 0.1356663341687565
0.2963307740866057, 0.1356663341687565
0.2963307740866057, 0.1356663341687565
0.2963307740866057, 0.1356663341687565
0.2963307740866057, 0.1356663341687565
0.2963307740866057, 0.1356663341687565
0.2963307740866057, 0.1356663341687565
0.2963307740866057, 0.1356663341687565
0.2963307740866057, 0.1356663341687565
0.2963307740866057, 0.1356663341687565
0.8466633498476137, 0.06761212294331487
0.8466633498476137, 0.06761212294331487
0.8466633498476137, 0.06761212294331487
0.8466633498476137, 0.06761212294331487
0.8466633498476137, 0.06761212294331487
0.8466633498476137, 0.06761212294331487
0.8466633498476137, 0.06761212294331487
0.8466633498476137, 0.06761212294331487
0.8466633498476137, 0.06761212294331487
0.8466633498476137, 0.06761212294331487
0.35811744091740005, 0.3500777840624153
0.35811744091740005, 0.3500777840624153
0.35811744091740005, 0.3500777840624153
0.35811744091740005, 0.3500777840624153
0.35811744091740005, 0.3500777840624153
0.35811744091740005, 0.3500777840624153
0.35811744091740005, 0.3500777840624153
0.35811744091740005, 0.3500777840624153
0.35811744091740005, 0.3500777840624153
0.35811744091740005, 0.3500777840624153
0.12635053794439832, 0.762096961813955
0.12635053794439832, 0.762096961813955
0.12635053794439832, 0.762096961813955
0.12635053794439832, 0.762096961813955
0.12635053794439832, 0.762096961813955
0.12635053794439832, 0.762096961813955
0.12635053794439832, 0.762096961813955
0.12635053794439832, 0.762096961813955
0.12635053794439832, 0.762096961813955
0.12635053794439832, 0.762096961813955
0.8445897073469131, 0.9988935479858647
0.8445897073469131, 0.9988935479858647
0.8445897073469131, 0.9988935479858647
0.8445897073469131, 0.9988935479858647
0.8445897073469131, 0.9988935479858647
0.8445897073469131, 0.9988935479858647
0.8445897073469131, 0.9988935479858647
0.8445897073469131, 0.9988935479858647
0.8445897073469131, 0.9988935479858647
0.8445897073469131, 0.9988935479858647
0.8964473416049328, 0.4347945073949332
0.8964473416049328, 0.4347945073949332
0.8964473416049328, 0.4347945073949332
0.8964473416049328, 0.4347945073949332
0.8964473416049328, 0.4347945073949332
0.8964473416049328, 0.4347945073949332
0.8964473416049328, 0.4347945073949332
0.8964473416049328, 0.4347945073949332
0.8964473416049328, 0.4347945073949332
0.8964473416049328, 0.4347945073949332
0.4136398812862726, 0.07115719820830102
0.4136398812862726, 0.07115719820830102
0.4136398812862726, 0.07115719820830102
0.4136398812862726, 0.07115719820830102
0.4136398812862726, 0.07115719820830102
0.4136398812862726, 0.07115719820830102
0.4136398812862726, 0.07115719820830102
0.4136398812862726, 0.07115719820830102
0.4136398812862726, 0.07115719820830102
0.4136398812862726, 0.07115719820830102
