1e-05
0.504949022310906, 0.0076640153895829455
0.504949022310906, 0.0076640153895829455
0.504949022310906, 0.0076640153895829455
0.504949022310906, 0.0076640153895829455
0.504949022310906, 0.0076640153895829455
0.504949022310906, 0.0076640153895829455
0.504949022310906, 0.0076640153895829455
0.504949022310906, 0.0076640153895829455
0.504949022310906, 0.0076640153895829455
0.504949022310906, 0.0076640153895829455
0.23212980556328655, 0.7182610887970927
0.23212980556328655, 0.7182610887970927
0.23212980556328655, 0.7182610887970927
0.23212980556328655, 0.7182610887970927
0.23212980556328655, 0.7182610887970927
0.23212980556328655, 0.7182610887970927
0.23212980556328655, 0.7182610887970927
0.23212980556328655, 0.7182610887970927
0.23212980556328655, 0.7182610887970927
0.23212980556328655, 0.7182610887970927
0.5557753731874233, 0.2619577445543785
0.5557753731874233, 0.2619577445543785
0.5557753731874233, 0.2619577445543785
0.5557753731874233, 0.2619577445543785
0.5557753731874233, 0.2619577445543785
0.5557753731874233, 0.2619577445543785
0.5557753731874233, 0.2619577445543785
0.5557753731874233, 0.2619577445543785
0.5557753731874233, 0.2619577445543785
0.5557753731874233, 0.2619577445543785
0.06482797803239071, 0.8798542703135569
0.06482797803239071, 0.8798542703135569
0.06482797803239071, 0.8798542703135569
0.06482797803239071, 0.8798542703135569
0.06482797803239071, 0.8798542703135569
0.06482797803239071, 0.8798542703135569
0.06482797803239071, 0.8798542703135569
0.06482797803239071, 0.8798542703135569
0.06482797803239071, 0.8798542703135569
0.06482797803239071, 0.8798542703135569
0.9766503436776113, 0.8020371473255619
0.9766503436776113, 0.8020371473255619
0.9766503436776113, 0.8020371473255619
0.9766503436776113, 0.8020371473255619
0.9766503436776113, 0.8020371473255619
0.9766503436776113, 0.8020371473255619
0.9766503436776113, 0.8020371473255619
0.9766503436776113, 0.8020371473255619
0.9766503436776113, 0.8020371473255619
0.9766503436776113, 0.8020371473255619
0.8851700312073066, 0.6097904302823176
0.8851700312073066, 0.6097904302823176
0.8851700312073066, 0.6097904302823176
0.8851700312073066, 0.6097904302823176
0.8851700312073066, 0.6097904302823176
0.8851700312073066, 0.6097904302823176
0.8851700312073066, 0.6097904302823176
0.8851700312073066, 0.6097904302823176
0.8851700312073066, 0.6097904302823176
0.8851700312073066, 0.6097904302823176
0.0308589836803288, 0.5423027976266881
0.0308589836803288, 0.5423027976266881
0.0308589836803288, 0.5423027976266881
0.0308589836803288, 0.5423027976266881
0.0308589836803288, 0.5423027976266881
0.0308589836803288, 0.5423027976266881
0.0308589836803288, 0.5423027976266881
0.0308589836803288, 0.5423027976266881
0.0308589836803288, 0.5423027976266881
0.0308589836803288, 0.5423027976266881
0.3460264634745316, 0.03996607328668378
0.3460264634745316, 0.03996607328668378
0.3460264634745316, 0.03996607328668378
0.3460264634745316, 0.03996607328668378
0.3460264634745316, 0.03996607328668378
0.3460264634745316, 0.03996607328668378
0.3460264634745316, 0.03996607328668378
0.3460264634745316, 0.03996607328668378
0.3460264634745316, 0.03996607328668378
0.3460264634745316, 0.03996607328668378
0.4855254254123953, 0.18917158457929184
0.4855254254123953, 0.18917158457929184
0.4855254254123953, 0.18917158457929184
0.4855254254123953, 0.18917158457929184
0.4855254254123953, 0.18917158457929184
0.4855254254123953, 0.18917158457929184
0.4855254254123953, 0.18917158457929184
0.4855254254123953, 0.18917158457929184
0.4855254254123953, 0.18917158457929184
0.4855254254123953, 0.18917158457929184
0.004264373436555502, 0.5948682631962947
0.004264373436555502, 0.5948682631962947
0.004264373436555502, 0.5948682631962947
0.004264373436555502, 0.5948682631962947
0.004264373436555502, 0.5948682631962947
0.004264373436555502, 0.5948682631962947
0.004264373436555502, 0.5948682631962947
0.004264373436555502, 0.5948682631962947
0.004264373436555502, 0.5948682631962947
0.004264373436555502, 0.5948682631962947
