1e-05
0.49829678378209963, 0.7837555823616216
0.49829678378209963, 0.7837555823616216
0.49829678378209963, 0.7837555823616216
0.49829678378209963, 0.7837555823616216
0.49829678378209963, 0.7837555823616216
0.49829678378209963, 0.7837555823616216
0.49829678378209963, 0.7837555823616216
0.49829678378209963, 0.7837555823616216
0.49829678378209963, 0.7837555823616216
0.49829678378209963, 0.7837555823616216
0.2088951069206767, 0.7873590475244446
0.2088951069206767, 0.7873590475244446
0.2088951069206767, 0.7873590475244446
0.2088951069206767, 0.7873590475244446
0.2088951069206767, 0.7873590475244446
0.2088951069206767, 0.7873590475244446
0.2088951069206767, 0.7873590475244446
0.2088951069206767, 0.7873590475244446
0.2088951069206767, 0.7873590475244446
0.2088951069206767, 0.7873590475244446
0.8694409674027389, 0.3641430678690972
0.8694409674027389, 0.3641430678690972
0.8694409674027389, 0.3641430678690972
0.8694409674027389, 0.3641430678690972
0.8694409674027389, 0.3641430678690972
0.8694409674027389, 0.3641430678690972
0.8694409674027389, 0.3641430678690972
0.8694409674027389, 0.3641430678690972
0.8694409674027389, 0.3641430678690972
0.8694409674027389, 0.3641430678690972
0.7962450091549702, 0.8451961834391976
0.7962450091549702, 0.8451961834391976
0.7962450091549702, 0.8451961834391976
0.7962450091549702, 0.8451961834391976
0.7962450091549702, 0.8451961834391976
0.7962450091549702, 0.8451961834391976
0.7962450091549702, 0.8451961834391976
0.7962450091549702, 0.8451961834391976
0.7962450091549702, 0.8451961834391976
0.7962450091549702, 0.8451961834391976
0.21958911596622754, 0.8383988702780948
0.21958911596622754, 0.8383988702780948
0.21958911596622754, 0.8383988702780948
0.21958911596622754, 0.8383988702780948
0.21958911596622754, 0.8383988702780948
0.21958911596622754, 0.8383988702780948
0.21958911596622754, 0.8383988702780948
0.21958911596622754, 0.8383988702780948
0.21958911596622754, 0.8383988702780948
0.21958911596622754, 0.8383988702780948
0.7491780535371002, 0.05422346364327868
0.7491780535371002, 0.05422346364327868
0.7491780535371002, 0.05422346364327868
0.7491780535371002, 0.05422346364327868
0.7491780535371002, 0.05422346364327868
0.7491780535371002, 0.05422346364327868
0.7491780535371002, 0.05422346364327868
0.7491780535371002, 0.05422346364327868
0.7491780535371002, 0.05422346364327868
0.7491780535371002, 0.05422346364327868
0.07551332678317879, 0.732936966192456
0.07551332678317879, 0.732936966192456
0.07551332678317879, 0.732936966192456
0.07551332678317879, 0.732936966192456
0.07551332678317879, 0.732936966192456
0.07551332678317879, 0.732936966192456
0.07551332678317879, 0.732936966192456
0.07551332678317879, 0.732936966192456
0.07551332678317879, 0.732936966192456
0.07551332678317879, 0.732936966192456
0.882057442249878, 0.5379688161457737
0.882057442249878, 0.5379688161457737
0.882057442249878, 0.5379688161457737
0.882057442249878, 0.5379688161457737
0.882057442249878, 0.5379688161457737
0.882057442249878, 0.5379688161457737
0.882057442249878, 0.5379688161457737
0.882057442249878, 0.5379688161457737
0.882057442249878, 0.5379688161457737
0.882057442249878, 0.5379688161457737
0.8835140120852178, 0.8432922741962766
0.8835140120852178, 0.8432922741962766
0.8835140120852178, 0.8432922741962766
0.8835140120852178, 0.8432922741962766
0.8835140120852178, 0.8432922741962766
0.8835140120852178, 0.8432922741962766
0.8835140120852178, 0.8432922741962766
0.8835140120852178, 0.8432922741962766
0.8835140120852178, 0.8432922741962766
0.8835140120852178, 0.8432922741962766
0.3969165624769754, 0.14924225592271323
0.3969165624769754, 0.14924225592271323
0.3969165624769754, 0.14924225592271323
0.3969165624769754, 0.14924225592271323
0.3969165624769754, 0.14924225592271323
0.3969165624769754, 0.14924225592271323
0.3969165624769754, 0.14924225592271323
0.3969165624769754, 0.14924225592271323
0.3969165624769754, 0.14924225592271323
0.3969165624769754, 0.14924225592271323
