1e-05
0.09814048464038982, 0.8410061457778923
0.09814048464038982, 0.8410061457778923
0.09814048464038982, 0.8410061457778923
0.09814048464038982, 0.8410061457778923
0.09814048464038982, 0.8410061457778923
0.09814048464038982, 0.8410061457778923
0.09814048464038982, 0.8410061457778923
0.09814048464038982, 0.8410061457778923
0.09814048464038982, 0.8410061457778923
0.09814048464038982, 0.8410061457778923
0.2645841239473423, 0.08802687140863996
0.2645841239473423, 0.08802687140863996
0.2645841239473423, 0.08802687140863996
0.2645841239473423, 0.08802687140863996
0.2645841239473423, 0.08802687140863996
0.2645841239473423, 0.08802687140863996
0.2645841239473423, 0.08802687140863996
0.2645841239473423, 0.08802687140863996
0.2645841239473423, 0.08802687140863996
0.2645841239473423, 0.08802687140863996
0.857651984320773, 0.3341848686075244
0.857651984320773, 0.3341848686075244
0.857651984320773, 0.3341848686075244
0.857651984320773, 0.3341848686075244
0.857651984320773, 0.3341848686075244
0.857651984320773, 0.3341848686075244
0.857651984320773, 0.3341848686075244
0.857651984320773, 0.3341848686075244
0.857651984320773, 0.3341848686075244
0.857651984320773, 0.3341848686075244
0.06358502761557372, 0.9935299064399646
0.06358502761557372, 0.9935299064399646
0.06358502761557372, 0.9935299064399646
0.06358502761557372, 0.9935299064399646
0.06358502761557372, 0.9935299064399646
0.06358502761557372, 0.9935299064399646
0.06358502761557372, 0.9935299064399646
0.06358502761557372, 0.9935299064399646
0.06358502761557372, 0.9935299064399646
0.06358502761557372, 0.9935299064399646
0.7039639649455339, 0.9227820530405509
0.7039639649455339, 0.9227820530405509
0.7039639649455339, 0.9227820530405509
0.7039639649455339, 0.9227820530405509
0.7039639649455339, 0.9227820530405509
0.7039639649455339, 0.9227820530405509
0.7039639649455339, 0.9227820530405509
0.7039639649455339, 0.9227820530405509
0.7039639649455339, 0.9227820530405509
0.7039639649455339, 0.9227820530405509
0.7826342151878622, 0.776225159069005
0.7826342151878622, 0.776225159069005
0.7826342151878622, 0.776225159069005
0.7826342151878622, 0.776225159069005
0.7826342151878622, 0.776225159069005
0.7826342151878622, 0.776225159069005
0.7826342151878622, 0.776225159069005
0.7826342151878622, 0.776225159069005
0.7826342151878622, 0.776225159069005
0.7826342151878622, 0.776225159069005
0.06240433706158799, 0.3796224026709284
0.06240433706158799, 0.3796224026709284
0.06240433706158799, 0.3796224026709284
0.06240433706158799, 0.3796224026709284
0.06240433706158799, 0.3796224026709284
0.06240433706158799, 0.3796224026709284
0.06240433706158799, 0.3796224026709284
0.06240433706158799, 0.3796224026709284
0.06240433706158799, 0.3796224026709284
0.06240433706158799, 0.3796224026709284
0.3246469529481153, 0.36020470871134946
0.3246469529481153, 0.36020470871134946
0.3246469529481153, 0.36020470871134946
0.3246469529481153, 0.36020470871134946
0.3246469529481153, 0.36020470871134946
0.3246469529481153, 0.36020470871134946
0.3246469529481153, 0.36020470871134946
0.3246469529481153, 0.36020470871134946
0.3246469529481153, 0.36020470871134946
0.3246469529481153, 0.36020470871134946
0.3780123545638051, 0.5965066708921481
0.3780123545638051, 0.5965066708921481
0.3780123545638051, 0.5965066708921481
0.3780123545638051, 0.5965066708921481
0.3780123545638051, 0.5965066708921481
0.3780123545638051, 0.5965066708921481
0.3780123545638051, 0.5965066708921481
0.3780123545638051, 0.5965066708921481
0.3780123545638051, 0.5965066708921481
0.3780123545638051, 0.5965066708921481
0.29295652838553776, 0.6808505169103707
0.29295652838553776, 0.6808505169103707
0.29295652838553776, 0.6808505169103707
0.29295652838553776, 0.6808505169103707
0.29295652838553776, 0.6808505169103707
0.29295652838553776, 0.6808505169103707
0.29295652838553776, 0.6808505169103707
0.29295652838553776, 0.6808505169103707
0.29295652838553776, 0.6808505169103707
0.29295652838553776, 0.6808505169103707
