1e-05
0.49215324864095855, 0.9546628267409419
0.49215324864095855, 0.9546628267409419
0.49215324864095855, 0.9546628267409419
0.49215324864095855, 0.9546628267409419
0.49215324864095855, 0.9546628267409419
0.49215324864095855, 0.9546628267409419
0.49215324864095855, 0.9546628267409419
0.49215324864095855, 0.9546628267409419
0.49215324864095855, 0.9546628267409419
0.49215324864095855, 0.9546628267409419
0.7626088655753228, 0.7646368714099736
0.7626088655753228, 0.7646368714099736
0.7626088655753228, 0.7646368714099736
0.7626088655753228, 0.7646368714099736
0.7626088655753228, 0.7646368714099736
0.7626088655753228, 0.7646368714099736
0.7626088655753228, 0.7646368714099736
0.7626088655753228, 0.7646368714099736
0.7626088655753228, 0.7646368714099736
0.7626088655753228, 0.7646368714099736
0.6900213460516035, 0.8070286320182233
0.6900213460516035, 0.8070286320182233
0.6900213460516035, 0.8070286320182233
0.6900213460516035, 0.8070286320182233
0.6900213460516035, 0.8070286320182233
0.6900213460516035, 0.8070286320182233
0.6900213460516035, 0.8070286320182233
0.6900213460516035, 0.8070286320182233
0.6900213460516035, 0.8070286320182233
0.6900213460516035, 0.8070286320182233
0.46326265598568506, 0.8728621279744708
0.46326265598568506, 0.8728621279744708
0.46326265598568506, 0.8728621279744708
0.46326265598568506, 0.8728621279744708
0.46326265598568506, 0.8728621279744708
0.46326265598568506, 0.8728621279744708
0.46326265598568506, 0.8728621279744708
0.46326265598568506, 0.8728621279744708
0.46326265598568506, 0.8728621279744708
0.46326265598568506, 0.8728621279744708
0.7135093810479638, 0.5234229925456917
0.7135093810479638, 0.5234229925456917
0.7135093810479638, 0.5234229925456917
0.7135093810479638, 0.5234229925456917
0.7135093810479638, 0.5234229925456917
0.7135093810479638, 0.5234229925456917
0.7135093810479638, 0.5234229925456917
0.7135093810479638, 0.5234229925456917
0.7135093810479638, 0.5234229925456917
0.7135093810479638, 0.5234229925456917
0.9577329190504267, 0.8484588567569774
0.9577329190504267, 0.8484588567569774
0.9577329190504267, 0.8484588567569774
0.9577329190504267, 0.8484588567569774
0.9577329190504267, 0.8484588567569774
0.9577329190504267, 0.8484588567569774
0.9577329190504267, 0.8484588567569774
0.9577329190504267, 0.8484588567569774
0.9577329190504267, 0.8484588567569774
0.9577329190504267, 0.8484588567569774
0.20337762787530933, 0.6637313728061952
0.20337762787530933, 0.6637313728061952
0.20337762787530933, 0.6637313728061952
0.20337762787530933, 0.6637313728061952
0.20337762787530933, 0.6637313728061952
0.20337762787530933, 0.6637313728061952
0.20337762787530933, 0.6637313728061952
0.20337762787530933, 0.6637313728061952
0.20337762787530933, 0.6637313728061952
0.20337762787530933, 0.6637313728061952
0.13241164815788553, 0.17702193294903035
0.13241164815788553, 0.17702193294903035
0.13241164815788553, 0.17702193294903035
0.13241164815788553, 0.17702193294903035
0.13241164815788553, 0.17702193294903035
0.13241164815788553, 0.17702193294903035
0.13241164815788553, 0.17702193294903035
0.13241164815788553, 0.17702193294903035
0.13241164815788553, 0.17702193294903035
0.13241164815788553, 0.17702193294903035
0.4895803766977659, 0.5429576886663154
0.4895803766977659, 0.5429576886663154
0.4895803766977659, 0.5429576886663154
0.4895803766977659, 0.5429576886663154
0.4895803766977659, 0.5429576886663154
0.4895803766977659, 0.5429576886663154
0.4895803766977659, 0.5429576886663154
0.4895803766977659, 0.5429576886663154
0.4895803766977659, 0.5429576886663154
0.4895803766977659, 0.5429576886663154
0.7365913434432271, 0.8135974950662856
0.7365913434432271, 0.8135974950662856
0.7365913434432271, 0.8135974950662856
0.7365913434432271, 0.8135974950662856
0.7365913434432271, 0.8135974950662856
0.7365913434432271, 0.8135974950662856
0.7365913434432271, 0.8135974950662856
0.7365913434432271, 0.8135974950662856
0.7365913434432271, 0.8135974950662856
0.7365913434432271, 0.8135974950662856
