1e-05
0.2077541475968563, 0.701424769174764
0.2077541475968563, 0.701424769174764
0.2077541475968563, 0.701424769174764
0.2077541475968563, 0.701424769174764
0.2077541475968563, 0.701424769174764
0.2077541475968563, 0.701424769174764
0.2077541475968563, 0.701424769174764
0.2077541475968563, 0.701424769174764
0.2077541475968563, 0.701424769174764
0.2077541475968563, 0.701424769174764
0.17767887938662352, 0.11331221794719437
0.17767887938662352, 0.11331221794719437
0.17767887938662352, 0.11331221794719437
0.17767887938662352, 0.11331221794719437
0.17767887938662352, 0.11331221794719437
0.17767887938662352, 0.11331221794719437
0.17767887938662352, 0.11331221794719437
0.17767887938662352, 0.11331221794719437
0.17767887938662352, 0.11331221794719437
0.17767887938662352, 0.11331221794719437
0.009244027621292172, 0.31493572892317745
0.009244027621292172, 0.31493572892317745
0.009244027621292172, 0.31493572892317745
0.009244027621292172, 0.31493572892317745
0.009244027621292172, 0.31493572892317745
0.009244027621292172, 0.31493572892317745
0.009244027621292172, 0.31493572892317745
0.009244027621292172, 0.31493572892317745
0.009244027621292172, 0.31493572892317745
0.009244027621292172, 0.31493572892317745
0.0837088938877929, 0.06124487181339022
0.0837088938877929, 0.06124487181339022
0.0837088938877929, 0.06124487181339022
0.0837088938877929, 0.06124487181339022
0.0837088938877929, 0.06124487181339022
0.0837088938877929, 0.06124487181339022
0.0837088938877929, 0.06124487181339022
0.0837088938877929, 0.06124487181339022
0.0837088938877929, 0.06124487181339022
0.0837088938877929, 0.06124487181339022
0.12761196362476634, 0.8036351379556579
0.12761196362476634, 0.8036351379556579
0.12761196362476634, 0.8036351379556579
0.12761196362476634, 0.8036351379556579
0.12761196362476634, 0.8036351379556579
0.12761196362476634, 0.8036351379556579
0.12761196362476634, 0.8036351379556579
0.12761196362476634, 0.8036351379556579
0.12761196362476634, 0.8036351379556579
0.12761196362476634, 0.8036351379556579
0.20268066436726295, 0.04303014830274787
0.20268066436726295, 0.04303014830274787
0.20268066436726295, 0.04303014830274787
0.20268066436726295, 0.04303014830274787
0.20268066436726295, 0.04303014830274787
0.20268066436726295, 0.04303014830274787
0.20268066436726295, 0.04303014830274787
0.20268066436726295, 0.04303014830274787
0.20268066436726295, 0.04303014830274787
0.20268066436726295, 0.04303014830274787
0.6381578266430126, 0.36569999236228734
0.6381578266430126, 0.36569999236228734
0.6381578266430126, 0.36569999236228734
0.6381578266430126, 0.36569999236228734
0.6381578266430126, 0.36569999236228734
0.6381578266430126, 0.36569999236228734
0.6381578266430126, 0.36569999236228734
0.6381578266430126, 0.36569999236228734
0.6381578266430126, 0.36569999236228734
0.6381578266430126, 0.36569999236228734
0.8170264803663234, 0.34926254356396447
0.8170264803663234, 0.34926254356396447
0.8170264803663234, 0.34926254356396447
0.8170264803663234, 0.34926254356396447
0.8170264803663234, 0.34926254356396447
0.8170264803663234, 0.34926254356396447
0.8170264803663234, 0.34926254356396447
0.8170264803663234, 0.34926254356396447
0.8170264803663234, 0.34926254356396447
0.8170264803663234, 0.34926254356396447
0.2135779714155207, 0.19509142589060013
0.2135779714155207, 0.19509142589060013
0.2135779714155207, 0.19509142589060013
0.2135779714155207, 0.19509142589060013
0.2135779714155207, 0.19509142589060013
0.2135779714155207, 0.19509142589060013
0.2135779714155207, 0.19509142589060013
0.2135779714155207, 0.19509142589060013
0.2135779714155207, 0.19509142589060013
0.2135779714155207, 0.19509142589060013
0.6967203621993474, 0.23469086616480028
0.6967203621993474, 0.23469086616480028
0.6967203621993474, 0.23469086616480028
0.6967203621993474, 0.23469086616480028
0.6967203621993474, 0.23469086616480028
0.6967203621993474, 0.23469086616480028
0.6967203621993474, 0.23469086616480028
0.6967203621993474, 0.23469086616480028
0.6967203621993474, 0.23469086616480028
0.6967203621993474, 0.23469086616480028
