1e-05
0.613992991087065, 0.43311557670476664
0.5146289670516225, 0.4305542665233648
0.2800804427384783, 0.4793580146682983
0.36318095419309615, 0.0396055682787283
0.6890226781228214, 0.6645089426436713
0.7016801698384731, 0.14327073018423742
0.912443794760316, 0.9391703570797106
0.7830053821598796, 0.6885746356685686
0.49254674033347046, 0.7952187796884904
0.7290727448323103, 0.5060091400724485
0.9336788744262529, 0.43875202216449094
0.7185655052779605, 0.5179233055399215
0.5772820473559349, 0.8932300429922114
0.8071654948496758, 0.7884362247296822
0.6398513226953889, 0.14714246041976187
0.6466698312497, 0.49300321760419696
0.9236697618249374, 0.04774950892231122
0.6357010264115976, 0.08952680402613389
0.5681841001334418, 0.9787407696087095
0.48067841912555576, 0.03511231022531491
0.04497422076966584, 0.5819921002116429
0.20278933336334615, 0.5415387348226657
0.7078414611606831, 0.8501466692964067
0.8637390984882618, 0.3438426762819523
0.6619148358603679, 0.16640011308443425
0.29808946498568845, 0.42500114145643875
0.3899756276672479, 0.7976496626489373
0.14459239491396292, 0.9630091123287076
0.8481121683551659, 0.735363836931854
0.3577862902309267, 0.7595064978761474
0.94740900969293, 0.4174665934020486
0.9230031205493369, 0.3314180798020683
0.2751485535818844, 0.35435149004689526
0.1562634163227865, 0.5212815341033913
0.8636604068025551, 0.3232382208323735
0.6223025825166193, 0.19834465606119855
0.9894003383389446, 0.5172692962671619
0.9214716063600407, 0.13335477382002658
0.7288961337763757, 0.010610393508402538
0.9379310790211306, 0.5680816702267664
0.7343389046541284, 0.5069448895579
0.8279672034440281, 0.19040268331457932
0.8990047586899226, 0.32621194144720966
0.9691720996590136, 0.9246596249384853
0.010045376980640564, 0.9575221037098541
0.5946319716612744, 0.31324473408430886
0.1486533392302649, 0.6516234210026443
0.23643751635793997, 0.4839164455239019
0.8282636978529452, 0.607751775424617
0.7571481991787564, 0.12441326005185893
0.6097595320010963, 0.07993345730078694
0.5920417282114459, 0.08145618582941583
0.823307668586971, 0.10841717013363195
0.656919006520884, 0.8161955703647209
0.7216189287353288, 0.7103784417841409
0.09885264220039591, 0.9150227184248523
0.7333930022581266, 0.7058132602679291
0.9755301976748625, 0.3997924310413379
0.49956543146199095, 0.05648566260991439
0.20300048338495325, 0.4294646771482571
0.8208097208956104, 0.5384436367420776
0.36464734456246484, 0.5079564659917425
0.0707271697534787, 0.4513362701305358
0.06579047315415043, 0.22743894235486817
0.6239498371179664, 0.9244813093650145
0.6271979663503172, 0.928682953049819
0.3160891468710757, 0.48440092146760116
0.02374328188564978, 0.4834747266020184
0.7849783880472099, 0.8674273043112639
0.5619213257587173, 0.4220012369524405
0.41785390287718904, 0.8081803938811841
0.16174118172200957, 0.2947271219753165
0.7310326823277153, 0.8159496888422447
0.28502110642430856, 0.4777490124785828
0.411890263019304, 0.6981251215503235
0.7090438958706493, 0.6257356734170129
0.5120881841252032, 0.7200784783709212
0.7246810622096791, 0.6024559739951554
0.6460744272693827, 0.9966977040941755
0.9774750191176202, 0.9999028668587092
0.4200502786425132, 0.14961898416787234
0.7795232767439875, 0.023952489837723245
0.8340162289463902, 0.6689014515055044
0.9134551981863808, 0.3918541069013216
0.7627655622071043, 0.4549980964159882
0.012367692133236519, 0.34666404350175617
0.8400111443208627, 0.10654867256863187
0.33714427204516706, 0.6415296296611367
0.8425417245660503, 0.59252625884459
0.0014087204278351306, 0.41240371823578703
0.7735384436624648, 0.07907491071461303
0.008288074676046975, 0.8149833457823412
0.1418568931311518, 0.5511140791889256
0.16719463304790738, 0.4614939401357261
0.8191134423888614, 0.7200664515831932
0.09868513120682887, 0.07114194930825746
0.545458429783302, 0.07016815513710406
0.6413542406353714, 0.5462130411817826
0.25519788942312804, 0.6924170651012183
0.2220482771159492, 0.5509564048046685
