1e-05
0.2918628742531503, 0.8767289383965393
0.2918628742531503, 0.8767289383965393
0.2918628742531503, 0.8767289383965393
0.2918628742531503, 0.8767289383965393
0.2918628742531503, 0.8767289383965393
0.2918628742531503, 0.8767289383965393
0.2918628742531503, 0.8767289383965393
0.2918628742531503, 0.8767289383965393
0.2918628742531503, 0.8767289383965393
0.2918628742531503, 0.8767289383965393
0.16171445601292278, 0.007674485506836026
0.16171445601292278, 0.007674485506836026
0.16171445601292278, 0.007674485506836026
0.16171445601292278, 0.007674485506836026
0.16171445601292278, 0.007674485506836026
0.16171445601292278, 0.007674485506836026
0.16171445601292278, 0.007674485506836026
0.16171445601292278, 0.007674485506836026
0.16171445601292278, 0.007674485506836026
0.16171445601292278, 0.007674485506836026
0.7147213055435034, 0.5451690982951235
0.7147213055435034, 0.5451690982951235
0.7147213055435034, 0.5451690982951235
0.7147213055435034, 0.5451690982951235
0.7147213055435034, 0.5451690982951235
0.7147213055435034, 0.5451690982951235
0.7147213055435034, 0.5451690982951235
0.7147213055435034, 0.5451690982951235
0.7147213055435034, 0.5451690982951235
0.7147213055435034, 0.5451690982951235
0.12300228018574311, 0.891665136559939
0.12300228018574311, 0.891665136559939
0.12300228018574311, 0.891665136559939
0.12300228018574311, 0.891665136559939
0.12300228018574311, 0.891665136559939
0.12300228018574311, 0.891665136559939
0.12300228018574311, 0.891665136559939
0.12300228018574311, 0.891665136559939
0.12300228018574311, 0.891665136559939
0.12300228018574311, 0.891665136559939
0.6444248801910872, 0.696043879575313
0.6444248801910872, 0.696043879575313
0.6444248801910872, 0.696043879575313
0.6444248801910872, 0.696043879575313
0.6444248801910872, 0.696043879575313
0.6444248801910872, 0.696043879575313
0.6444248801910872, 0.696043879575313
0.6444248801910872, 0.696043879575313
0.6444248801910872, 0.696043879575313
0.6444248801910872, 0.696043879575313
0.7921041098723804, 0.1642355152443158
0.7921041098723804, 0.1642355152443158
0.7921041098723804, 0.1642355152443158
0.7921041098723804, 0.1642355152443158
0.7921041098723804, 0.1642355152443158
0.7921041098723804, 0.1642355152443158
0.7921041098723804, 0.1642355152443158
0.7921041098723804, 0.1642355152443158
0.7921041098723804, 0.1642355152443158
0.7921041098723804, 0.1642355152443158
0.043383666751829364, 0.31420568499819845
0.043383666751829364, 0.31420568499819845
0.043383666751829364, 0.31420568499819845
0.043383666751829364, 0.31420568499819845
0.043383666751829364, 0.31420568499819845
0.043383666751829364, 0.31420568499819845
0.043383666751829364, 0.31420568499819845
0.043383666751829364, 0.31420568499819845
0.043383666751829364, 0.31420568499819845
0.043383666751829364, 0.31420568499819845
0.43274334653765, 0.5923120307916502
0.43274334653765, 0.5923120307916502
0.43274334653765, 0.5923120307916502
0.43274334653765, 0.5923120307916502
0.43274334653765, 0.5923120307916502
0.43274334653765, 0.5923120307916502
0.43274334653765, 0.5923120307916502
0.43274334653765, 0.5923120307916502
0.43274334653765, 0.5923120307916502
0.43274334653765, 0.5923120307916502
0.20254425884065008, 0.877065438799402
0.20254425884065008, 0.877065438799402
0.20254425884065008, 0.877065438799402
0.20254425884065008, 0.877065438799402
0.20254425884065008, 0.877065438799402
0.20254425884065008, 0.877065438799402
0.20254425884065008, 0.877065438799402
0.20254425884065008, 0.877065438799402
0.20254425884065008, 0.877065438799402
0.20254425884065008, 0.877065438799402
0.1990303199304736, 0.025021485454697734
0.1990303199304736, 0.025021485454697734
0.1990303199304736, 0.025021485454697734
0.1990303199304736, 0.025021485454697734
0.1990303199304736, 0.025021485454697734
0.1990303199304736, 0.025021485454697734
0.1990303199304736, 0.025021485454697734
0.1990303199304736, 0.025021485454697734
0.1990303199304736, 0.025021485454697734
0.1990303199304736, 0.025021485454697734
