1e-05
0.009007018598241823, 0.42030860475232656
0.009007018598241823, 0.42030860475232656
0.009007018598241823, 0.42030860475232656
0.009007018598241823, 0.42030860475232656
0.009007018598241823, 0.42030860475232656
0.009007018598241823, 0.42030860475232656
0.009007018598241823, 0.42030860475232656
0.009007018598241823, 0.42030860475232656
0.009007018598241823, 0.42030860475232656
0.009007018598241823, 0.42030860475232656
0.9511219437326819, 0.6173372725225351
0.9511219437326819, 0.6173372725225351
0.9511219437326819, 0.6173372725225351
0.9511219437326819, 0.6173372725225351
0.9511219437326819, 0.6173372725225351
0.9511219437326819, 0.6173372725225351
0.9511219437326819, 0.6173372725225351
0.9511219437326819, 0.6173372725225351
0.9511219437326819, 0.6173372725225351
0.9511219437326819, 0.6173372725225351
0.9082511675641998, 0.025416112992337814
0.9082511675641998, 0.025416112992337814
0.9082511675641998, 0.025416112992337814
0.9082511675641998, 0.025416112992337814
0.9082511675641998, 0.025416112992337814
0.9082511675641998, 0.025416112992337814
0.9082511675641998, 0.025416112992337814
0.9082511675641998, 0.025416112992337814
0.9082511675641998, 0.025416112992337814
0.9082511675641998, 0.025416112992337814
0.08705908711190113, 0.9384729863087998
0.08705908711190113, 0.9384729863087998
0.08705908711190113, 0.9384729863087998
0.08705908711190113, 0.9384729863087998
0.08705908711190113, 0.9384729863087998
0.08705908711190113, 0.9384729863087998
0.08705908711190113, 0.9384729863087998
0.08705908711190113, 0.9384729863087998
0.08705908711190113, 0.9384729863087998
0.08705908711190113, 0.9384729863087998
0.9124117577277332, 0.6660468249143433
0.9124117577277332, 0.6660468249143433
0.9124117577277332, 0.6660468249143433
0.9124117577277332, 0.6660468249143433
0.9124117577277332, 0.6660468249143433
0.9124117577277332, 0.6660468249143433
0.9124117577277332, 0.6660468249143433
0.9124117577277332, 0.6660468249143433
0.9124117577277332, 0.6660468249143433
0.9124117577277332, 0.6660468249143433
0.33171555032898503, 0.7097307378537939
0.33171555032898503, 0.7097307378537939
0.33171555032898503, 0.7097307378537939
0.33171555032898503, 0.7097307378537939
0.33171555032898503, 0.7097307378537939
0.33171555032898503, 0.7097307378537939
0.33171555032898503, 0.7097307378537939
0.33171555032898503, 0.7097307378537939
0.33171555032898503, 0.7097307378537939
0.33171555032898503, 0.7097307378537939
0.7205073880325276, 0.507375178671559
0.7205073880325276, 0.507375178671559
0.7205073880325276, 0.507375178671559
0.7205073880325276, 0.507375178671559
0.7205073880325276, 0.507375178671559
0.7205073880325276, 0.507375178671559
0.7205073880325276, 0.507375178671559
0.7205073880325276, 0.507375178671559
0.7205073880325276, 0.507375178671559
0.7205073880325276, 0.507375178671559
0.9033644734886029, 0.08909785046825602
0.9033644734886029, 0.08909785046825602
0.9033644734886029, 0.08909785046825602
0.9033644734886029, 0.08909785046825602
0.9033644734886029, 0.08909785046825602
0.9033644734886029, 0.08909785046825602
0.9033644734886029, 0.08909785046825602
0.9033644734886029, 0.08909785046825602
0.9033644734886029, 0.08909785046825602
0.9033644734886029, 0.08909785046825602
0.865089944753533, 0.8010483836112334
0.865089944753533, 0.8010483836112334
0.865089944753533, 0.8010483836112334
0.865089944753533, 0.8010483836112334
0.865089944753533, 0.8010483836112334
0.865089944753533, 0.8010483836112334
0.865089944753533, 0.8010483836112334
0.865089944753533, 0.8010483836112334
0.865089944753533, 0.8010483836112334
0.865089944753533, 0.8010483836112334
0.12460818017898256, 0.4732268761668884
0.12460818017898256, 0.4732268761668884
0.12460818017898256, 0.4732268761668884
0.12460818017898256, 0.4732268761668884
0.12460818017898256, 0.4732268761668884
0.12460818017898256, 0.4732268761668884
0.12460818017898256, 0.4732268761668884
0.12460818017898256, 0.4732268761668884
0.12460818017898256, 0.4732268761668884
0.12460818017898256, 0.4732268761668884
