1e-05
0.7025863487411894, 0.17483232648646685
0.7025863487411894, 0.17483232648646685
0.7025863487411894, 0.17483232648646685
0.7025863487411894, 0.17483232648646685
0.7025863487411894, 0.17483232648646685
0.7025863487411894, 0.17483232648646685
0.7025863487411894, 0.17483232648646685
0.7025863487411894, 0.17483232648646685
0.7025863487411894, 0.17483232648646685
0.7025863487411894, 0.17483232648646685
0.6218978355285771, 0.349778807404287
0.6218978355285771, 0.349778807404287
0.6218978355285771, 0.349778807404287
0.6218978355285771, 0.349778807404287
0.6218978355285771, 0.349778807404287
0.6218978355285771, 0.349778807404287
0.6218978355285771, 0.349778807404287
0.6218978355285771, 0.349778807404287
0.6218978355285771, 0.349778807404287
0.6218978355285771, 0.349778807404287
0.3395902469418387, 0.36756480396318425
0.3395902469418387, 0.36756480396318425
0.3395902469418387, 0.36756480396318425
0.3395902469418387, 0.36756480396318425
0.3395902469418387, 0.36756480396318425
0.3395902469418387, 0.36756480396318425
0.3395902469418387, 0.36756480396318425
0.3395902469418387, 0.36756480396318425
0.3395902469418387, 0.36756480396318425
0.3395902469418387, 0.36756480396318425
0.5368636675132366, 0.4866507645797393
0.5368636675132366, 0.4866507645797393
0.5368636675132366, 0.4866507645797393
0.5368636675132366, 0.4866507645797393
0.5368636675132366, 0.4866507645797393
0.5368636675132366, 0.4866507645797393
0.5368636675132366, 0.4866507645797393
0.5368636675132366, 0.4866507645797393
0.5368636675132366, 0.4866507645797393
0.5368636675132366, 0.4866507645797393
0.27978393713432015, 0.38479118170073423
0.27978393713432015, 0.38479118170073423
0.27978393713432015, 0.38479118170073423
0.27978393713432015, 0.38479118170073423
0.27978393713432015, 0.38479118170073423
0.27978393713432015, 0.38479118170073423
0.27978393713432015, 0.38479118170073423
0.27978393713432015, 0.38479118170073423
0.27978393713432015, 0.38479118170073423
0.27978393713432015, 0.38479118170073423
0.4491233181970675, 0.39413031310087854
0.4491233181970675, 0.39413031310087854
0.4491233181970675, 0.39413031310087854
0.4491233181970675, 0.39413031310087854
0.4491233181970675, 0.39413031310087854
0.4491233181970675, 0.39413031310087854
0.4491233181970675, 0.39413031310087854
0.4491233181970675, 0.39413031310087854
0.4491233181970675, 0.39413031310087854
0.4491233181970675, 0.39413031310087854
0.011525022836934351, 0.6376029460723328
0.011525022836934351, 0.6376029460723328
0.011525022836934351, 0.6376029460723328
0.011525022836934351, 0.6376029460723328
0.011525022836934351, 0.6376029460723328
0.011525022836934351, 0.6376029460723328
0.011525022836934351, 0.6376029460723328
0.011525022836934351, 0.6376029460723328
0.011525022836934351, 0.6376029460723328
0.011525022836934351, 0.6376029460723328
0.04919806329939913, 0.18336453463480806
0.04919806329939913, 0.18336453463480806
0.04919806329939913, 0.18336453463480806
0.04919806329939913, 0.18336453463480806
0.04919806329939913, 0.18336453463480806
0.04919806329939913, 0.18336453463480806
0.04919806329939913, 0.18336453463480806
0.04919806329939913, 0.18336453463480806
0.04919806329939913, 0.18336453463480806
0.04919806329939913, 0.18336453463480806
0.9681177903018628, 0.3268913423071109
0.9681177903018628, 0.3268913423071109
0.9681177903018628, 0.3268913423071109
0.9681177903018628, 0.3268913423071109
0.9681177903018628, 0.3268913423071109
0.9681177903018628, 0.3268913423071109
0.9681177903018628, 0.3268913423071109
0.9681177903018628, 0.3268913423071109
0.9681177903018628, 0.3268913423071109
0.9681177903018628, 0.3268913423071109
0.12185276364091391, 0.4337063322507614
0.12185276364091391, 0.4337063322507614
0.12185276364091391, 0.4337063322507614
0.12185276364091391, 0.4337063322507614
0.12185276364091391, 0.4337063322507614
0.12185276364091391, 0.4337063322507614
0.12185276364091391, 0.4337063322507614
0.12185276364091391, 0.4337063322507614
0.12185276364091391, 0.4337063322507614
0.12185276364091391, 0.4337063322507614
