1e-05
0.02906358917358598, 0.26881736304178694
0.02906358917358598, 0.26881736304178694
0.02906358917358598, 0.26881736304178694
0.02906358917358598, 0.26881736304178694
0.02906358917358598, 0.26881736304178694
0.02906358917358598, 0.26881736304178694
0.02906358917358598, 0.26881736304178694
0.02906358917358598, 0.26881736304178694
0.02906358917358598, 0.26881736304178694
0.02906358917358598, 0.26881736304178694
0.07668781767759003, 0.7237141324528841
0.07668781767759003, 0.7237141324528841
0.07668781767759003, 0.7237141324528841
0.07668781767759003, 0.7237141324528841
0.07668781767759003, 0.7237141324528841
0.07668781767759003, 0.7237141324528841
0.07668781767759003, 0.7237141324528841
0.07668781767759003, 0.7237141324528841
0.07668781767759003, 0.7237141324528841
0.07668781767759003, 0.7237141324528841
0.12725508345038028, 0.5202426544205409
0.12725508345038028, 0.5202426544205409
0.12725508345038028, 0.5202426544205409
0.12725508345038028, 0.5202426544205409
0.12725508345038028, 0.5202426544205409
0.12725508345038028, 0.5202426544205409
0.12725508345038028, 0.5202426544205409
0.12725508345038028, 0.5202426544205409
0.12725508345038028, 0.5202426544205409
0.12725508345038028, 0.5202426544205409
0.39077894537041735, 0.8612341840682288
0.39077894537041735, 0.8612341840682288
0.39077894537041735, 0.8612341840682288
0.39077894537041735, 0.8612341840682288
0.39077894537041735, 0.8612341840682288
0.39077894537041735, 0.8612341840682288
0.39077894537041735, 0.8612341840682288
0.39077894537041735, 0.8612341840682288
0.39077894537041735, 0.8612341840682288
0.39077894537041735, 0.8612341840682288
0.07320083926592424, 0.3386124187565881
0.07320083926592424, 0.3386124187565881
0.07320083926592424, 0.3386124187565881
0.07320083926592424, 0.3386124187565881
0.07320083926592424, 0.3386124187565881
0.07320083926592424, 0.3386124187565881
0.07320083926592424, 0.3386124187565881
0.07320083926592424, 0.3386124187565881
0.07320083926592424, 0.3386124187565881
0.07320083926592424, 0.3386124187565881
0.9727820412327355, 0.5712957666388123
0.9727820412327355, 0.5712957666388123
0.9727820412327355, 0.5712957666388123
0.9727820412327355, 0.5712957666388123
0.9727820412327355, 0.5712957666388123
0.9727820412327355, 0.5712957666388123
0.9727820412327355, 0.5712957666388123
0.9727820412327355, 0.5712957666388123
0.9727820412327355, 0.5712957666388123
0.9727820412327355, 0.5712957666388123
0.769369167385224, 0.42322513267053663
0.769369167385224, 0.42322513267053663
0.769369167385224, 0.42322513267053663
0.769369167385224, 0.42322513267053663
0.769369167385224, 0.42322513267053663
0.769369167385224, 0.42322513267053663
0.769369167385224, 0.42322513267053663
0.769369167385224, 0.42322513267053663
0.769369167385224, 0.42322513267053663
0.769369167385224, 0.42322513267053663
0.04457741911118984, 0.7729069913423017
0.04457741911118984, 0.7729069913423017
0.04457741911118984, 0.7729069913423017
0.04457741911118984, 0.7729069913423017
0.04457741911118984, 0.7729069913423017
0.04457741911118984, 0.7729069913423017
0.04457741911118984, 0.7729069913423017
0.04457741911118984, 0.7729069913423017
0.04457741911118984, 0.7729069913423017
0.04457741911118984, 0.7729069913423017
0.48210429743715466, 0.3284778941320826
0.48210429743715466, 0.3284778941320826
0.48210429743715466, 0.3284778941320826
0.48210429743715466, 0.3284778941320826
0.48210429743715466, 0.3284778941320826
0.48210429743715466, 0.3284778941320826
0.48210429743715466, 0.3284778941320826
0.48210429743715466, 0.3284778941320826
0.48210429743715466, 0.3284778941320826
0.48210429743715466, 0.3284778941320826
0.2841900036401477, 0.20817013397474682
0.2841900036401477, 0.20817013397474682
0.2841900036401477, 0.20817013397474682
0.2841900036401477, 0.20817013397474682
0.2841900036401477, 0.20817013397474682
0.2841900036401477, 0.20817013397474682
0.2841900036401477, 0.20817013397474682
0.2841900036401477, 0.20817013397474682
0.2841900036401477, 0.20817013397474682
0.2841900036401477, 0.20817013397474682
