1e-05
0.11372490542444003, 0.1210044083947942
0.11372490542444003, 0.1210044083947942
0.11372490542444003, 0.1210044083947942
0.11372490542444003, 0.1210044083947942
0.11372490542444003, 0.1210044083947942
0.11372490542444003, 0.1210044083947942
0.11372490542444003, 0.1210044083947942
0.11372490542444003, 0.1210044083947942
0.11372490542444003, 0.1210044083947942
0.11372490542444003, 0.1210044083947942
0.464642085576222, 0.18912390582802152
0.464642085576222, 0.18912390582802152
0.464642085576222, 0.18912390582802152
0.464642085576222, 0.18912390582802152
0.464642085576222, 0.18912390582802152
0.464642085576222, 0.18912390582802152
0.464642085576222, 0.18912390582802152
0.464642085576222, 0.18912390582802152
0.464642085576222, 0.18912390582802152
0.464642085576222, 0.18912390582802152
0.0872347250592338, 0.7871303411383694
0.0872347250592338, 0.7871303411383694
0.0872347250592338, 0.7871303411383694
0.0872347250592338, 0.7871303411383694
0.0872347250592338, 0.7871303411383694
0.0872347250592338, 0.7871303411383694
0.0872347250592338, 0.7871303411383694
0.0872347250592338, 0.7871303411383694
0.0872347250592338, 0.7871303411383694
0.0872347250592338, 0.7871303411383694
0.2564830405610873, 0.10018278171575856
0.2564830405610873, 0.10018278171575856
0.2564830405610873, 0.10018278171575856
0.2564830405610873, 0.10018278171575856
0.2564830405610873, 0.10018278171575856
0.2564830405610873, 0.10018278171575856
0.2564830405610873, 0.10018278171575856
0.2564830405610873, 0.10018278171575856
0.2564830405610873, 0.10018278171575856
0.2564830405610873, 0.10018278171575856
0.9380805698528398, 0.566456572600277
0.9380805698528398, 0.566456572600277
0.9380805698528398, 0.566456572600277
0.9380805698528398, 0.566456572600277
0.9380805698528398, 0.566456572600277
0.9380805698528398, 0.566456572600277
0.9380805698528398, 0.566456572600277
0.9380805698528398, 0.566456572600277
0.9380805698528398, 0.566456572600277
0.9380805698528398, 0.566456572600277
0.06076694044287545, 0.15449355582964386
0.06076694044287545, 0.15449355582964386
0.06076694044287545, 0.15449355582964386
0.06076694044287545, 0.15449355582964386
0.06076694044287545, 0.15449355582964386
0.06076694044287545, 0.15449355582964386
0.06076694044287545, 0.15449355582964386
0.06076694044287545, 0.15449355582964386
0.06076694044287545, 0.15449355582964386
0.06076694044287545, 0.15449355582964386
0.204283469810579, 0.817984591917164
0.204283469810579, 0.817984591917164
0.204283469810579, 0.817984591917164
0.204283469810579, 0.817984591917164
0.204283469810579, 0.817984591917164
0.204283469810579, 0.817984591917164
0.204283469810579, 0.817984591917164
0.204283469810579, 0.817984591917164
0.204283469810579, 0.817984591917164
0.204283469810579, 0.817984591917164
0.897278523563065, 0.9539747380278086
0.897278523563065, 0.9539747380278086
0.897278523563065, 0.9539747380278086
0.897278523563065, 0.9539747380278086
0.897278523563065, 0.9539747380278086
0.897278523563065, 0.9539747380278086
0.897278523563065, 0.9539747380278086
0.897278523563065, 0.9539747380278086
0.897278523563065, 0.9539747380278086
0.897278523563065, 0.9539747380278086
0.3195842452273916, 0.4714413154163749
0.3195842452273916, 0.4714413154163749
0.3195842452273916, 0.4714413154163749
0.3195842452273916, 0.4714413154163749
0.3195842452273916, 0.4714413154163749
0.3195842452273916, 0.4714413154163749
0.3195842452273916, 0.4714413154163749
0.3195842452273916, 0.4714413154163749
0.3195842452273916, 0.4714413154163749
0.3195842452273916, 0.4714413154163749
0.5493468232390125, 0.15043375932723935
0.5493468232390125, 0.15043375932723935
0.5493468232390125, 0.15043375932723935
0.5493468232390125, 0.15043375932723935
0.5493468232390125, 0.15043375932723935
0.5493468232390125, 0.15043375932723935
0.5493468232390125, 0.15043375932723935
0.5493468232390125, 0.15043375932723935
0.5493468232390125, 0.15043375932723935
0.5493468232390125, 0.15043375932723935
