1e-05
0.8322309365296109, 0.5022097489758828
0.8322309365296109, 0.5022097489758828
0.8322309365296109, 0.5022097489758828
0.8322309365296109, 0.5022097489758828
0.8322309365296109, 0.5022097489758828
0.8322309365296109, 0.5022097489758828
0.8322309365296109, 0.5022097489758828
0.8322309365296109, 0.5022097489758828
0.8322309365296109, 0.5022097489758828
0.8322309365296109, 0.5022097489758828
0.26280410262038556, 0.6751130721754577
0.26280410262038556, 0.6751130721754577
0.26280410262038556, 0.6751130721754577
0.26280410262038556, 0.6751130721754577
0.26280410262038556, 0.6751130721754577
0.26280410262038556, 0.6751130721754577
0.26280410262038556, 0.6751130721754577
0.26280410262038556, 0.6751130721754577
0.26280410262038556, 0.6751130721754577
0.26280410262038556, 0.6751130721754577
0.8680457923999748, 0.44270727315093084
0.8680457923999748, 0.44270727315093084
0.8680457923999748, 0.44270727315093084
0.8680457923999748, 0.44270727315093084
0.8680457923999748, 0.44270727315093084
0.8680457923999748, 0.44270727315093084
0.8680457923999748, 0.44270727315093084
0.8680457923999748, 0.44270727315093084
0.8680457923999748, 0.44270727315093084
0.8680457923999748, 0.44270727315093084
0.005276602840794675, 0.15807843361572982
0.005276602840794675, 0.15807843361572982
0.005276602840794675, 0.15807843361572982
0.005276602840794675, 0.15807843361572982
0.005276602840794675, 0.15807843361572982
0.005276602840794675, 0.15807843361572982
0.005276602840794675, 0.15807843361572982
0.005276602840794675, 0.15807843361572982
0.005276602840794675, 0.15807843361572982
0.005276602840794675, 0.15807843361572982
0.44321317664127025, 0.28214836359455453
0.44321317664127025, 0.28214836359455453
0.44321317664127025, 0.28214836359455453
0.44321317664127025, 0.28214836359455453
0.44321317664127025, 0.28214836359455453
0.44321317664127025, 0.28214836359455453
0.44321317664127025, 0.28214836359455453
0.44321317664127025, 0.28214836359455453
0.44321317664127025, 0.28214836359455453
0.44321317664127025, 0.28214836359455453
0.6859644549290559, 0.03857470517341277
0.6859644549290559, 0.03857470517341277
0.6859644549290559, 0.03857470517341277
0.6859644549290559, 0.03857470517341277
0.6859644549290559, 0.03857470517341277
0.6859644549290559, 0.03857470517341277
0.6859644549290559, 0.03857470517341277
0.6859644549290559, 0.03857470517341277
0.6859644549290559, 0.03857470517341277
0.6859644549290559, 0.03857470517341277
0.5293588131576307, 0.34828388860906345
0.5293588131576307, 0.34828388860906345
0.5293588131576307, 0.34828388860906345
0.5293588131576307, 0.34828388860906345
0.5293588131576307, 0.34828388860906345
0.5293588131576307, 0.34828388860906345
0.5293588131576307, 0.34828388860906345
0.5293588131576307, 0.34828388860906345
0.5293588131576307, 0.34828388860906345
0.5293588131576307, 0.34828388860906345
0.579708546315816, 0.7614696565809748
0.579708546315816, 0.7614696565809748
0.579708546315816, 0.7614696565809748
0.579708546315816, 0.7614696565809748
0.579708546315816, 0.7614696565809748
0.579708546315816, 0.7614696565809748
0.579708546315816, 0.7614696565809748
0.579708546315816, 0.7614696565809748
0.579708546315816, 0.7614696565809748
0.579708546315816, 0.7614696565809748
0.4482607788773164, 0.40712087745452474
0.4482607788773164, 0.40712087745452474
0.4482607788773164, 0.40712087745452474
0.4482607788773164, 0.40712087745452474
0.4482607788773164, 0.40712087745452474
0.4482607788773164, 0.40712087745452474
0.4482607788773164, 0.40712087745452474
0.4482607788773164, 0.40712087745452474
0.4482607788773164, 0.40712087745452474
0.4482607788773164, 0.40712087745452474
0.7660924923261401, 0.683310283657013
0.7660924923261401, 0.683310283657013
0.7660924923261401, 0.683310283657013
0.7660924923261401, 0.683310283657013
0.7660924923261401, 0.683310283657013
0.7660924923261401, 0.683310283657013
0.7660924923261401, 0.683310283657013
0.7660924923261401, 0.683310283657013
0.7660924923261401, 0.683310283657013
0.7660924923261401, 0.683310283657013
