1e-05
0.6400357587345687, 0.7144833096851745
0.6400357587345687, 0.7144833096851745
0.6400357587345687, 0.7144833096851745
0.6400357587345687, 0.7144833096851745
0.6400357587345687, 0.7144833096851745
0.6400357587345687, 0.7144833096851745
0.6400357587345687, 0.7144833096851745
0.6400357587345687, 0.7144833096851745
0.6400357587345687, 0.7144833096851745
0.6400357587345687, 0.7144833096851745
0.5289093644115483, 0.6765620024242155
0.5289093644115483, 0.6765620024242155
0.5289093644115483, 0.6765620024242155
0.5289093644115483, 0.6765620024242155
0.5289093644115483, 0.6765620024242155
0.5289093644115483, 0.6765620024242155
0.5289093644115483, 0.6765620024242155
0.5289093644115483, 0.6765620024242155
0.5289093644115483, 0.6765620024242155
0.5289093644115483, 0.6765620024242155
0.4959503036090931, 0.8117979112994433
0.4959503036090931, 0.8117979112994433
0.4959503036090931, 0.8117979112994433
0.4959503036090931, 0.8117979112994433
0.4959503036090931, 0.8117979112994433
0.4959503036090931, 0.8117979112994433
0.4959503036090931, 0.8117979112994433
0.4959503036090931, 0.8117979112994433
0.4959503036090931, 0.8117979112994433
0.4959503036090931, 0.8117979112994433
0.6831421472607366, 0.08647188634894265
0.6831421472607366, 0.08647188634894265
0.6831421472607366, 0.08647188634894265
0.6831421472607366, 0.08647188634894265
0.6831421472607366, 0.08647188634894265
0.6831421472607366, 0.08647188634894265
0.6831421472607366, 0.08647188634894265
0.6831421472607366, 0.08647188634894265
0.6831421472607366, 0.08647188634894265
0.6831421472607366, 0.08647188634894265
0.5362534883356878, 0.2445545880693486
0.5362534883356878, 0.2445545880693486
0.5362534883356878, 0.2445545880693486
0.5362534883356878, 0.2445545880693486
0.5362534883356878, 0.2445545880693486
0.5362534883356878, 0.2445545880693486
0.5362534883356878, 0.2445545880693486
0.5362534883356878, 0.2445545880693486
0.5362534883356878, 0.2445545880693486
0.5362534883356878, 0.2445545880693486
0.15109773611765842, 0.8466808254187429
0.15109773611765842, 0.8466808254187429
0.15109773611765842, 0.8466808254187429
0.15109773611765842, 0.8466808254187429
0.15109773611765842, 0.8466808254187429
0.15109773611765842, 0.8466808254187429
0.15109773611765842, 0.8466808254187429
0.15109773611765842, 0.8466808254187429
0.15109773611765842, 0.8466808254187429
0.15109773611765842, 0.8466808254187429
0.3216679500552938, 0.721305042728699
0.3216679500552938, 0.721305042728699
0.3216679500552938, 0.721305042728699
0.3216679500552938, 0.721305042728699
0.3216679500552938, 0.721305042728699
0.3216679500552938, 0.721305042728699
0.3216679500552938, 0.721305042728699
0.3216679500552938, 0.721305042728699
0.3216679500552938, 0.721305042728699
0.3216679500552938, 0.721305042728699
0.380467334254326, 0.9407447849127508
0.380467334254326, 0.9407447849127508
0.380467334254326, 0.9407447849127508
0.380467334254326, 0.9407447849127508
0.380467334254326, 0.9407447849127508
0.380467334254326, 0.9407447849127508
0.380467334254326, 0.9407447849127508
0.380467334254326, 0.9407447849127508
0.380467334254326, 0.9407447849127508
0.380467334254326, 0.9407447849127508
0.7023987982270997, 0.5523349243192748
0.7023987982270997, 0.5523349243192748
0.7023987982270997, 0.5523349243192748
0.7023987982270997, 0.5523349243192748
0.7023987982270997, 0.5523349243192748
0.7023987982270997, 0.5523349243192748
0.7023987982270997, 0.5523349243192748
0.7023987982270997, 0.5523349243192748
0.7023987982270997, 0.5523349243192748
0.7023987982270997, 0.5523349243192748
0.9775235807692324, 0.25991985827547703
0.9775235807692324, 0.25991985827547703
0.9775235807692324, 0.25991985827547703
0.9775235807692324, 0.25991985827547703
0.9775235807692324, 0.25991985827547703
0.9775235807692324, 0.25991985827547703
0.9775235807692324, 0.25991985827547703
0.9775235807692324, 0.25991985827547703
0.9775235807692324, 0.25991985827547703
0.9775235807692324, 0.25991985827547703
