1e-05
0.071431287667173, 0.0856432749856324
0.071431287667173, 0.0856432749856324
0.071431287667173, 0.0856432749856324
0.071431287667173, 0.0856432749856324
0.071431287667173, 0.0856432749856324
0.071431287667173, 0.0856432749856324
0.071431287667173, 0.0856432749856324
0.071431287667173, 0.0856432749856324
0.071431287667173, 0.0856432749856324
0.071431287667173, 0.0856432749856324
0.3205892306617867, 0.5361118996902914
0.3205892306617867, 0.5361118996902914
0.3205892306617867, 0.5361118996902914
0.3205892306617867, 0.5361118996902914
0.3205892306617867, 0.5361118996902914
0.3205892306617867, 0.5361118996902914
0.3205892306617867, 0.5361118996902914
0.3205892306617867, 0.5361118996902914
0.3205892306617867, 0.5361118996902914
0.3205892306617867, 0.5361118996902914
0.8537678937664847, 0.8455300447550173
0.8537678937664847, 0.8455300447550173
0.8537678937664847, 0.8455300447550173
0.8537678937664847, 0.8455300447550173
0.8537678937664847, 0.8455300447550173
0.8537678937664847, 0.8455300447550173
0.8537678937664847, 0.8455300447550173
0.8537678937664847, 0.8455300447550173
0.8537678937664847, 0.8455300447550173
0.8537678937664847, 0.8455300447550173
0.9151741015338651, 0.358488043182302
0.9151741015338651, 0.358488043182302
0.9151741015338651, 0.358488043182302
0.9151741015338651, 0.358488043182302
0.9151741015338651, 0.358488043182302
0.9151741015338651, 0.358488043182302
0.9151741015338651, 0.358488043182302
0.9151741015338651, 0.358488043182302
0.9151741015338651, 0.358488043182302
0.9151741015338651, 0.358488043182302
0.6008027733419672, 0.6680432781073979
0.6008027733419672, 0.6680432781073979
0.6008027733419672, 0.6680432781073979
0.6008027733419672, 0.6680432781073979
0.6008027733419672, 0.6680432781073979
0.6008027733419672, 0.6680432781073979
0.6008027733419672, 0.6680432781073979
0.6008027733419672, 0.6680432781073979
0.6008027733419672, 0.6680432781073979
0.6008027733419672, 0.6680432781073979
0.5826078390599086, 0.1304381698782603
0.5826078390599086, 0.1304381698782603
0.5826078390599086, 0.1304381698782603
0.5826078390599086, 0.1304381698782603
0.5826078390599086, 0.1304381698782603
0.5826078390599086, 0.1304381698782603
0.5826078390599086, 0.1304381698782603
0.5826078390599086, 0.1304381698782603
0.5826078390599086, 0.1304381698782603
0.5826078390599086, 0.1304381698782603
0.8886431013875499, 0.999652848880601
0.8886431013875499, 0.999652848880601
0.8886431013875499, 0.999652848880601
0.8886431013875499, 0.999652848880601
0.8886431013875499, 0.999652848880601
0.8886431013875499, 0.999652848880601
0.8886431013875499, 0.999652848880601
0.8886431013875499, 0.999652848880601
0.8886431013875499, 0.999652848880601
0.8886431013875499, 0.999652848880601
0.6888592937346022, 0.44623906351659737
0.6888592937346022, 0.44623906351659737
0.6888592937346022, 0.44623906351659737
0.6888592937346022, 0.44623906351659737
0.6888592937346022, 0.44623906351659737
0.6888592937346022, 0.44623906351659737
0.6888592937346022, 0.44623906351659737
0.6888592937346022, 0.44623906351659737
0.6888592937346022, 0.44623906351659737
0.6888592937346022, 0.44623906351659737
0.630569061036339, 0.5294192951961513
0.630569061036339, 0.5294192951961513
0.630569061036339, 0.5294192951961513
0.630569061036339, 0.5294192951961513
0.630569061036339, 0.5294192951961513
0.630569061036339, 0.5294192951961513
0.630569061036339, 0.5294192951961513
0.630569061036339, 0.5294192951961513
0.630569061036339, 0.5294192951961513
0.630569061036339, 0.5294192951961513
0.4915855053142161, 0.1952082799059247
0.4915855053142161, 0.1952082799059247
0.4915855053142161, 0.1952082799059247
0.4915855053142161, 0.1952082799059247
0.4915855053142161, 0.1952082799059247
0.4915855053142161, 0.1952082799059247
0.4915855053142161, 0.1952082799059247
0.4915855053142161, 0.1952082799059247
0.4915855053142161, 0.1952082799059247
0.4915855053142161, 0.1952082799059247
