1e-05
0.6176064658221325, 0.1878401392010356
0.6176064658221325, 0.1878401392010356
0.6176064658221325, 0.1878401392010356
0.6176064658221325, 0.1878401392010356
0.6176064658221325, 0.1878401392010356
0.6176064658221325, 0.1878401392010356
0.6176064658221325, 0.1878401392010356
0.6176064658221325, 0.1878401392010356
0.6176064658221325, 0.1878401392010356
0.6176064658221325, 0.1878401392010356
0.8832706942715076, 0.9986776872491436
0.8832706942715076, 0.9986776872491436
0.8832706942715076, 0.9986776872491436
0.8832706942715076, 0.9986776872491436
0.8832706942715076, 0.9986776872491436
0.8832706942715076, 0.9986776872491436
0.8832706942715076, 0.9986776872491436
0.8832706942715076, 0.9986776872491436
0.8832706942715076, 0.9986776872491436
0.8832706942715076, 0.9986776872491436
0.037398897994698976, 0.7206073755368116
0.037398897994698976, 0.7206073755368116
0.037398897994698976, 0.7206073755368116
0.037398897994698976, 0.7206073755368116
0.037398897994698976, 0.7206073755368116
0.037398897994698976, 0.7206073755368116
0.037398897994698976, 0.7206073755368116
0.037398897994698976, 0.7206073755368116
0.037398897994698976, 0.7206073755368116
0.037398897994698976, 0.7206073755368116
0.9116232979852497, 0.19272844655782573
0.9116232979852497, 0.19272844655782573
0.9116232979852497, 0.19272844655782573
0.9116232979852497, 0.19272844655782573
0.9116232979852497, 0.19272844655782573
0.9116232979852497, 0.19272844655782573
0.9116232979852497, 0.19272844655782573
0.9116232979852497, 0.19272844655782573
0.9116232979852497, 0.19272844655782573
0.9116232979852497, 0.19272844655782573
0.9146683581746572, 0.04897334262279829
0.9146683581746572, 0.04897334262279829
0.9146683581746572, 0.04897334262279829
0.9146683581746572, 0.04897334262279829
0.9146683581746572, 0.04897334262279829
0.9146683581746572, 0.04897334262279829
0.9146683581746572, 0.04897334262279829
0.9146683581746572, 0.04897334262279829
0.9146683581746572, 0.04897334262279829
0.9146683581746572, 0.04897334262279829
0.415762848172308, 0.4457343873772429
0.415762848172308, 0.4457343873772429
0.415762848172308, 0.4457343873772429
0.415762848172308, 0.4457343873772429
0.415762848172308, 0.4457343873772429
0.415762848172308, 0.4457343873772429
0.415762848172308, 0.4457343873772429
0.415762848172308, 0.4457343873772429
0.415762848172308, 0.4457343873772429
0.415762848172308, 0.4457343873772429
0.035640380909383484, 0.7523868156006391
0.035640380909383484, 0.7523868156006391
0.035640380909383484, 0.7523868156006391
0.035640380909383484, 0.7523868156006391
0.035640380909383484, 0.7523868156006391
0.035640380909383484, 0.7523868156006391
0.035640380909383484, 0.7523868156006391
0.035640380909383484, 0.7523868156006391
0.035640380909383484, 0.7523868156006391
0.035640380909383484, 0.7523868156006391
0.48316510743845364, 0.3540640277788851
0.48316510743845364, 0.3540640277788851
0.48316510743845364, 0.3540640277788851
0.48316510743845364, 0.3540640277788851
0.48316510743845364, 0.3540640277788851
0.48316510743845364, 0.3540640277788851
0.48316510743845364, 0.3540640277788851
0.48316510743845364, 0.3540640277788851
0.48316510743845364, 0.3540640277788851
0.48316510743845364, 0.3540640277788851
0.27083859183711045, 0.17994348841822483
0.27083859183711045, 0.17994348841822483
0.27083859183711045, 0.17994348841822483
0.27083859183711045, 0.17994348841822483
0.27083859183711045, 0.17994348841822483
0.27083859183711045, 0.17994348841822483
0.27083859183711045, 0.17994348841822483
0.27083859183711045, 0.17994348841822483
0.27083859183711045, 0.17994348841822483
0.27083859183711045, 0.17994348841822483
0.5761946777892979, 0.94038573922508
0.5761946777892979, 0.94038573922508
0.5761946777892979, 0.94038573922508
0.5761946777892979, 0.94038573922508
0.5761946777892979, 0.94038573922508
0.5761946777892979, 0.94038573922508
0.5761946777892979, 0.94038573922508
0.5761946777892979, 0.94038573922508
0.5761946777892979, 0.94038573922508
0.5761946777892979, 0.94038573922508
