1e-05
0.5308363230638721, 0.462157264663443
0.5308363230638721, 0.462157264663443
0.5308363230638721, 0.462157264663443
0.5308363230638721, 0.462157264663443
0.5308363230638721, 0.462157264663443
0.5308363230638721, 0.462157264663443
0.5308363230638721, 0.462157264663443
0.5308363230638721, 0.462157264663443
0.5308363230638721, 0.462157264663443
0.5308363230638721, 0.462157264663443
0.9620874994620464, 0.9037331434890963
0.9620874994620464, 0.9037331434890963
0.9620874994620464, 0.9037331434890963
0.9620874994620464, 0.9037331434890963
0.9620874994620464, 0.9037331434890963
0.9620874994620464, 0.9037331434890963
0.9620874994620464, 0.9037331434890963
0.9620874994620464, 0.9037331434890963
0.9620874994620464, 0.9037331434890963
0.9620874994620464, 0.9037331434890963
0.30653320152722296, 0.5819550108131543
0.30653320152722296, 0.5819550108131543
0.30653320152722296, 0.5819550108131543
0.30653320152722296, 0.5819550108131543
0.30653320152722296, 0.5819550108131543
0.30653320152722296, 0.5819550108131543
0.30653320152722296, 0.5819550108131543
0.30653320152722296, 0.5819550108131543
0.30653320152722296, 0.5819550108131543
0.30653320152722296, 0.5819550108131543
0.3037185609929054, 0.7968021848714867
0.3037185609929054, 0.7968021848714867
0.3037185609929054, 0.7968021848714867
0.3037185609929054, 0.7968021848714867
0.3037185609929054, 0.7968021848714867
0.3037185609929054, 0.7968021848714867
0.3037185609929054, 0.7968021848714867
0.3037185609929054, 0.7968021848714867
0.3037185609929054, 0.7968021848714867
0.3037185609929054, 0.7968021848714867
0.3883860307302365, 0.7394012083573753
0.3883860307302365, 0.7394012083573753
0.3883860307302365, 0.7394012083573753
0.3883860307302365, 0.7394012083573753
0.3883860307302365, 0.7394012083573753
0.3883860307302365, 0.7394012083573753
0.3883860307302365, 0.7394012083573753
0.3883860307302365, 0.7394012083573753
0.3883860307302365, 0.7394012083573753
0.3883860307302365, 0.7394012083573753
0.7071655490143773, 0.5706555684107534
0.7071655490143773, 0.5706555684107534
0.7071655490143773, 0.5706555684107534
0.7071655490143773, 0.5706555684107534
0.7071655490143773, 0.5706555684107534
0.7071655490143773, 0.5706555684107534
0.7071655490143773, 0.5706555684107534
0.7071655490143773, 0.5706555684107534
0.7071655490143773, 0.5706555684107534
0.7071655490143773, 0.5706555684107534
0.2963379149945107, 0.6456654895220699
0.2963379149945107, 0.6456654895220699
0.2963379149945107, 0.6456654895220699
0.2963379149945107, 0.6456654895220699
0.2963379149945107, 0.6456654895220699
0.2963379149945107, 0.6456654895220699
0.2963379149945107, 0.6456654895220699
0.2963379149945107, 0.6456654895220699
0.2963379149945107, 0.6456654895220699
0.2963379149945107, 0.6456654895220699
0.5775344121237548, 0.777386944302081
0.5775344121237548, 0.777386944302081
0.5775344121237548, 0.777386944302081
0.5775344121237548, 0.777386944302081
0.5775344121237548, 0.777386944302081
0.5775344121237548, 0.777386944302081
0.5775344121237548, 0.777386944302081
0.5775344121237548, 0.777386944302081
0.5775344121237548, 0.777386944302081
0.5775344121237548, 0.777386944302081
0.5216544169017068, 0.5563696081084955
0.5216544169017068, 0.5563696081084955
0.5216544169017068, 0.5563696081084955
0.5216544169017068, 0.5563696081084955
0.5216544169017068, 0.5563696081084955
0.5216544169017068, 0.5563696081084955
0.5216544169017068, 0.5563696081084955
0.5216544169017068, 0.5563696081084955
0.5216544169017068, 0.5563696081084955
0.5216544169017068, 0.5563696081084955
0.22025446622569078, 0.2580658948882085
0.22025446622569078, 0.2580658948882085
0.22025446622569078, 0.2580658948882085
0.22025446622569078, 0.2580658948882085
0.22025446622569078, 0.2580658948882085
0.22025446622569078, 0.2580658948882085
0.22025446622569078, 0.2580658948882085
0.22025446622569078, 0.2580658948882085
0.22025446622569078, 0.2580658948882085
0.22025446622569078, 0.2580658948882085
