1e-05
0.6086356308801523, 0.24528506975255715
0.6086356308801523, 0.24528506975255715
0.6086356308801523, 0.24528506975255715
0.6086356308801523, 0.24528506975255715
0.6086356308801523, 0.24528506975255715
0.6086356308801523, 0.24528506975255715
0.6086356308801523, 0.24528506975255715
0.6086356308801523, 0.24528506975255715
0.6086356308801523, 0.24528506975255715
0.6086356308801523, 0.24528506975255715
0.7721582021684197, 0.15279014014283798
0.7721582021684197, 0.15279014014283798
0.7721582021684197, 0.15279014014283798
0.7721582021684197, 0.15279014014283798
0.7721582021684197, 0.15279014014283798
0.7721582021684197, 0.15279014014283798
0.7721582021684197, 0.15279014014283798
0.7721582021684197, 0.15279014014283798
0.7721582021684197, 0.15279014014283798
0.7721582021684197, 0.15279014014283798
0.5701652627431787, 0.6942146489676512
0.5701652627431787, 0.6942146489676512
0.5701652627431787, 0.6942146489676512
0.5701652627431787, 0.6942146489676512
0.5701652627431787, 0.6942146489676512
0.5701652627431787, 0.6942146489676512
0.5701652627431787, 0.6942146489676512
0.5701652627431787, 0.6942146489676512
0.5701652627431787, 0.6942146489676512
0.5701652627431787, 0.6942146489676512
0.3318812257130007, 0.014205479197431536
0.3318812257130007, 0.014205479197431536
0.3318812257130007, 0.014205479197431536
0.3318812257130007, 0.014205479197431536
0.3318812257130007, 0.014205479197431536
0.3318812257130007, 0.014205479197431536
0.3318812257130007, 0.014205479197431536
0.3318812257130007, 0.014205479197431536
0.3318812257130007, 0.014205479197431536
0.3318812257130007, 0.014205479197431536
0.11624478506719971, 0.21929777818222163
0.11624478506719971, 0.21929777818222163
0.11624478506719971, 0.21929777818222163
0.11624478506719971, 0.21929777818222163
0.11624478506719971, 0.21929777818222163
0.11624478506719971, 0.21929777818222163
0.11624478506719971, 0.21929777818222163
0.11624478506719971, 0.21929777818222163
0.11624478506719971, 0.21929777818222163
0.11624478506719971, 0.21929777818222163
0.2752860950074433, 0.8918896088673065
0.2752860950074433, 0.8918896088673065
0.2752860950074433, 0.8918896088673065
0.2752860950074433, 0.8918896088673065
0.2752860950074433, 0.8918896088673065
0.2752860950074433, 0.8918896088673065
0.2752860950074433, 0.8918896088673065
0.2752860950074433, 0.8918896088673065
0.2752860950074433, 0.8918896088673065
0.2752860950074433, 0.8918896088673065
0.9245516121747627, 0.634792090976326
0.9245516121747627, 0.634792090976326
0.9245516121747627, 0.634792090976326
0.9245516121747627, 0.634792090976326
0.9245516121747627, 0.634792090976326
0.9245516121747627, 0.634792090976326
0.9245516121747627, 0.634792090976326
0.9245516121747627, 0.634792090976326
0.9245516121747627, 0.634792090976326
0.9245516121747627, 0.634792090976326
0.7793803045628699, 0.4146077296363825
0.7793803045628699, 0.4146077296363825
0.7793803045628699, 0.4146077296363825
0.7793803045628699, 0.4146077296363825
0.7793803045628699, 0.4146077296363825
0.7793803045628699, 0.4146077296363825
0.7793803045628699, 0.4146077296363825
0.7793803045628699, 0.4146077296363825
0.7793803045628699, 0.4146077296363825
0.7793803045628699, 0.4146077296363825
0.5575450180413526, 0.7877606773506912
0.5575450180413526, 0.7877606773506912
0.5575450180413526, 0.7877606773506912
0.5575450180413526, 0.7877606773506912
0.5575450180413526, 0.7877606773506912
0.5575450180413526, 0.7877606773506912
0.5575450180413526, 0.7877606773506912
0.5575450180413526, 0.7877606773506912
0.5575450180413526, 0.7877606773506912
0.5575450180413526, 0.7877606773506912
0.11355340617851539, 0.4546069488174558
0.11355340617851539, 0.4546069488174558
0.11355340617851539, 0.4546069488174558
0.11355340617851539, 0.4546069488174558
0.11355340617851539, 0.4546069488174558
0.11355340617851539, 0.4546069488174558
0.11355340617851539, 0.4546069488174558
0.11355340617851539, 0.4546069488174558
0.11355340617851539, 0.4546069488174558
0.11355340617851539, 0.4546069488174558
