1e-05
0.0005192302659945414, 0.1914328472104747
0.0005192302659945414, 0.1914328472104747
0.0005192302659945414, 0.1914328472104747
0.0005192302659945414, 0.1914328472104747
0.0005192302659945414, 0.1914328472104747
0.0005192302659945414, 0.1914328472104747
0.0005192302659945414, 0.1914328472104747
0.0005192302659945414, 0.1914328472104747
0.0005192302659945414, 0.1914328472104747
0.0005192302659945414, 0.1914328472104747
0.47350781283881516, 0.0559249821258031
0.47350781283881516, 0.0559249821258031
0.47350781283881516, 0.0559249821258031
0.47350781283881516, 0.0559249821258031
0.47350781283881516, 0.0559249821258031
0.47350781283881516, 0.0559249821258031
0.47350781283881516, 0.0559249821258031
0.47350781283881516, 0.0559249821258031
0.47350781283881516, 0.0559249821258031
0.47350781283881516, 0.0559249821258031
0.8014414990834641, 0.2080869032674495
0.8014414990834641, 0.2080869032674495
0.8014414990834641, 0.2080869032674495
0.8014414990834641, 0.2080869032674495
0.8014414990834641, 0.2080869032674495
0.8014414990834641, 0.2080869032674495
0.8014414990834641, 0.2080869032674495
0.8014414990834641, 0.2080869032674495
0.8014414990834641, 0.2080869032674495
0.8014414990834641, 0.2080869032674495
0.12633989141052904, 0.3663236292593237
0.12633989141052904, 0.3663236292593237
0.12633989141052904, 0.3663236292593237
0.12633989141052904, 0.3663236292593237
0.12633989141052904, 0.3663236292593237
0.12633989141052904, 0.3663236292593237
0.12633989141052904, 0.3663236292593237
0.12633989141052904, 0.3663236292593237
0.12633989141052904, 0.3663236292593237
0.12633989141052904, 0.3663236292593237
0.2048605610947566, 0.09918316514768166
0.2048605610947566, 0.09918316514768166
0.2048605610947566, 0.09918316514768166
0.2048605610947566, 0.09918316514768166
0.2048605610947566, 0.09918316514768166
0.2048605610947566, 0.09918316514768166
0.2048605610947566, 0.09918316514768166
0.2048605610947566, 0.09918316514768166
0.2048605610947566, 0.09918316514768166
0.2048605610947566, 0.09918316514768166
0.12943376542926743, 0.13066372957320227
0.12943376542926743, 0.13066372957320227
0.12943376542926743, 0.13066372957320227
0.12943376542926743, 0.13066372957320227
0.12943376542926743, 0.13066372957320227
0.12943376542926743, 0.13066372957320227
0.12943376542926743, 0.13066372957320227
0.12943376542926743, 0.13066372957320227
0.12943376542926743, 0.13066372957320227
0.12943376542926743, 0.13066372957320227
0.9384957146431856, 0.787572990492623
0.9384957146431856, 0.787572990492623
0.9384957146431856, 0.787572990492623
0.9384957146431856, 0.787572990492623
0.9384957146431856, 0.787572990492623
0.9384957146431856, 0.787572990492623
0.9384957146431856, 0.787572990492623
0.9384957146431856, 0.787572990492623
0.9384957146431856, 0.787572990492623
0.9384957146431856, 0.787572990492623
0.05769626297577324, 0.8540501704576924
0.05769626297577324, 0.8540501704576924
0.05769626297577324, 0.8540501704576924
0.05769626297577324, 0.8540501704576924
0.05769626297577324, 0.8540501704576924
0.05769626297577324, 0.8540501704576924
0.05769626297577324, 0.8540501704576924
0.05769626297577324, 0.8540501704576924
0.05769626297577324, 0.8540501704576924
0.05769626297577324, 0.8540501704576924
0.5330419264187684, 0.27167512158954277
0.5330419264187684, 0.27167512158954277
0.5330419264187684, 0.27167512158954277
0.5330419264187684, 0.27167512158954277
0.5330419264187684, 0.27167512158954277
0.5330419264187684, 0.27167512158954277
0.5330419264187684, 0.27167512158954277
0.5330419264187684, 0.27167512158954277
0.5330419264187684, 0.27167512158954277
0.5330419264187684, 0.27167512158954277
0.9364048468657697, 0.967128208294848
0.9364048468657697, 0.967128208294848
0.9364048468657697, 0.967128208294848
0.9364048468657697, 0.967128208294848
0.9364048468657697, 0.967128208294848
0.9364048468657697, 0.967128208294848
0.9364048468657697, 0.967128208294848
0.9364048468657697, 0.967128208294848
0.9364048468657697, 0.967128208294848
0.9364048468657697, 0.967128208294848
