1e-05
0.36480211107175065, 0.24846851751300514
0.36480211107175065, 0.24846851751300514
0.36480211107175065, 0.24846851751300514
0.36480211107175065, 0.24846851751300514
0.36480211107175065, 0.24846851751300514
0.36480211107175065, 0.24846851751300514
0.36480211107175065, 0.24846851751300514
0.36480211107175065, 0.24846851751300514
0.36480211107175065, 0.24846851751300514
0.36480211107175065, 0.24846851751300514
0.80603106027807, 0.4326784756454781
0.80603106027807, 0.4326784756454781
0.80603106027807, 0.4326784756454781
0.80603106027807, 0.4326784756454781
0.80603106027807, 0.4326784756454781
0.80603106027807, 0.4326784756454781
0.80603106027807, 0.4326784756454781
0.80603106027807, 0.4326784756454781
0.80603106027807, 0.4326784756454781
0.80603106027807, 0.4326784756454781
0.9573769884374118, 0.6885839819900216
0.9573769884374118, 0.6885839819900216
0.9573769884374118, 0.6885839819900216
0.9573769884374118, 0.6885839819900216
0.9573769884374118, 0.6885839819900216
0.9573769884374118, 0.6885839819900216
0.9573769884374118, 0.6885839819900216
0.9573769884374118, 0.6885839819900216
0.9573769884374118, 0.6885839819900216
0.9573769884374118, 0.6885839819900216
0.6117133767229346, 0.5769906558545077
0.6117133767229346, 0.5769906558545077
0.6117133767229346, 0.5769906558545077
0.6117133767229346, 0.5769906558545077
0.6117133767229346, 0.5769906558545077
0.6117133767229346, 0.5769906558545077
0.6117133767229346, 0.5769906558545077
0.6117133767229346, 0.5769906558545077
0.6117133767229346, 0.5769906558545077
0.6117133767229346, 0.5769906558545077
0.032911462876997755, 0.9939130040443644
0.032911462876997755, 0.9939130040443644
0.032911462876997755, 0.9939130040443644
0.032911462876997755, 0.9939130040443644
0.032911462876997755, 0.9939130040443644
0.032911462876997755, 0.9939130040443644
0.032911462876997755, 0.9939130040443644
0.032911462876997755, 0.9939130040443644
0.032911462876997755, 0.9939130040443644
0.032911462876997755, 0.9939130040443644
0.33269365207561374, 0.9049825994666004
0.33269365207561374, 0.9049825994666004
0.33269365207561374, 0.9049825994666004
0.33269365207561374, 0.9049825994666004
0.33269365207561374, 0.9049825994666004
0.33269365207561374, 0.9049825994666004
0.33269365207561374, 0.9049825994666004
0.33269365207561374, 0.9049825994666004
0.33269365207561374, 0.9049825994666004
0.33269365207561374, 0.9049825994666004
0.1448580960403144, 0.7115117580521655
0.1448580960403144, 0.7115117580521655
0.1448580960403144, 0.7115117580521655
0.1448580960403144, 0.7115117580521655
0.1448580960403144, 0.7115117580521655
0.1448580960403144, 0.7115117580521655
0.1448580960403144, 0.7115117580521655
0.1448580960403144, 0.7115117580521655
0.1448580960403144, 0.7115117580521655
0.1448580960403144, 0.7115117580521655
0.529152192384796, 0.552424190507463
0.529152192384796, 0.552424190507463
0.529152192384796, 0.552424190507463
0.529152192384796, 0.552424190507463
0.529152192384796, 0.552424190507463
0.529152192384796, 0.552424190507463
0.529152192384796, 0.552424190507463
0.529152192384796, 0.552424190507463
0.529152192384796, 0.552424190507463
0.529152192384796, 0.552424190507463
0.4149455230446002, 0.39974189652535297
0.4149455230446002, 0.39974189652535297
0.4149455230446002, 0.39974189652535297
0.4149455230446002, 0.39974189652535297
0.4149455230446002, 0.39974189652535297
0.4149455230446002, 0.39974189652535297
0.4149455230446002, 0.39974189652535297
0.4149455230446002, 0.39974189652535297
0.4149455230446002, 0.39974189652535297
0.4149455230446002, 0.39974189652535297
0.23537150148690145, 0.2266440464260946
0.23537150148690145, 0.2266440464260946
0.23537150148690145, 0.2266440464260946
0.23537150148690145, 0.2266440464260946
0.23537150148690145, 0.2266440464260946
0.23537150148690145, 0.2266440464260946
0.23537150148690145, 0.2266440464260946
0.23537150148690145, 0.2266440464260946
0.23537150148690145, 0.2266440464260946
0.23537150148690145, 0.2266440464260946
