1e-05
0.7123215546429758, 0.3347771643545877
0.7123215546429758, 0.3347771643545877
0.7123215546429758, 0.3347771643545877
0.7123215546429758, 0.3347771643545877
0.7123215546429758, 0.3347771643545877
0.7123215546429758, 0.3347771643545877
0.7123215546429758, 0.3347771643545877
0.7123215546429758, 0.3347771643545877
0.7123215546429758, 0.3347771643545877
0.7123215546429758, 0.3347771643545877
0.35841540436453, 0.5923217155693542
0.35841540436453, 0.5923217155693542
0.35841540436453, 0.5923217155693542
0.35841540436453, 0.5923217155693542
0.35841540436453, 0.5923217155693542
0.35841540436453, 0.5923217155693542
0.35841540436453, 0.5923217155693542
0.35841540436453, 0.5923217155693542
0.35841540436453, 0.5923217155693542
0.35841540436453, 0.5923217155693542
0.42429476839462443, 0.4421305284507553
0.42429476839462443, 0.4421305284507553
0.42429476839462443, 0.4421305284507553
0.42429476839462443, 0.4421305284507553
0.42429476839462443, 0.4421305284507553
0.42429476839462443, 0.4421305284507553
0.42429476839462443, 0.4421305284507553
0.42429476839462443, 0.4421305284507553
0.42429476839462443, 0.4421305284507553
0.42429476839462443, 0.4421305284507553
0.6153288890335981, 0.04230674109665311
0.6153288890335981, 0.04230674109665311
0.6153288890335981, 0.04230674109665311
0.6153288890335981, 0.04230674109665311
0.6153288890335981, 0.04230674109665311
0.6153288890335981, 0.04230674109665311
0.6153288890335981, 0.04230674109665311
0.6153288890335981, 0.04230674109665311
0.6153288890335981, 0.04230674109665311
0.6153288890335981, 0.04230674109665311
0.005586453838794858, 0.8369839921015404
0.005586453838794858, 0.8369839921015404
0.005586453838794858, 0.8369839921015404
0.005586453838794858, 0.8369839921015404
0.005586453838794858, 0.8369839921015404
0.005586453838794858, 0.8369839921015404
0.005586453838794858, 0.8369839921015404
0.005586453838794858, 0.8369839921015404
0.005586453838794858, 0.8369839921015404
0.005586453838794858, 0.8369839921015404
0.3210997974833706, 0.5319750225688438
0.3210997974833706, 0.5319750225688438
0.3210997974833706, 0.5319750225688438
0.3210997974833706, 0.5319750225688438
0.3210997974833706, 0.5319750225688438
0.3210997974833706, 0.5319750225688438
0.3210997974833706, 0.5319750225688438
0.3210997974833706, 0.5319750225688438
0.3210997974833706, 0.5319750225688438
0.3210997974833706, 0.5319750225688438
0.8876998270551935, 0.6253567793512212
0.8876998270551935, 0.6253567793512212
0.8876998270551935, 0.6253567793512212
0.8876998270551935, 0.6253567793512212
0.8876998270551935, 0.6253567793512212
0.8876998270551935, 0.6253567793512212
0.8876998270551935, 0.6253567793512212
0.8876998270551935, 0.6253567793512212
0.8876998270551935, 0.6253567793512212
0.8876998270551935, 0.6253567793512212
0.10597039490221916, 0.012064781820107728
0.10597039490221916, 0.012064781820107728
0.10597039490221916, 0.012064781820107728
0.10597039490221916, 0.012064781820107728
0.10597039490221916, 0.012064781820107728
0.10597039490221916, 0.012064781820107728
0.10597039490221916, 0.012064781820107728
0.10597039490221916, 0.012064781820107728
0.10597039490221916, 0.012064781820107728
0.10597039490221916, 0.012064781820107728
0.7889461114261691, 0.41322491112235904
0.7889461114261691, 0.41322491112235904
0.7889461114261691, 0.41322491112235904
0.7889461114261691, 0.41322491112235904
0.7889461114261691, 0.41322491112235904
0.7889461114261691, 0.41322491112235904
0.7889461114261691, 0.41322491112235904
0.7889461114261691, 0.41322491112235904
0.7889461114261691, 0.41322491112235904
0.7889461114261691, 0.41322491112235904
0.9390112792104905, 0.3636402049908153
0.9390112792104905, 0.3636402049908153
0.9390112792104905, 0.3636402049908153
0.9390112792104905, 0.3636402049908153
0.9390112792104905, 0.3636402049908153
0.9390112792104905, 0.3636402049908153
0.9390112792104905, 0.3636402049908153
0.9390112792104905, 0.3636402049908153
0.9390112792104905, 0.3636402049908153
0.9390112792104905, 0.3636402049908153
