1e-05
0.9664393213243104, 0.20695437988661836
0.3691487495928272, 0.9741947365820677
0.9466151850606435, 0.37264406570529185
0.19645771369092335, 0.7987252073185422
0.6512070515570798, 0.45538980568235565
0.857749147238363, 0.20428085609777857
0.7974188868638842, 0.5385698789819746
0.9219649046674259, 0.19466218003656055
0.5491766268990343, 0.3634890232660978
0.894478842406877, 0.17701062747733742
0.08734176924852433, 0.26732472081148095
0.3852102040758292, 0.8915734244228994
0.8208351207961583, 0.12608706472448894
0.7214940667495798, 0.32840013511811206
0.05290786039245199, 0.35865057451658866
0.6522389761396856, 0.6561778276430092
0.7317028457155207, 0.14224899970546934
0.8189361458560908, 0.43224923908246593
0.5790219622658155, 0.43152247709206537
0.48752625909645153, 0.5425954400719858
0.9869532831163187, 0.8177722773962233
0.44927808843104544, 0.6848296337459642
0.3550258162566795, 0.7282838574127899
0.7803718063726812, 0.13729125885942717
0.20525198093631514, 0.09412625838573718
0.41128501369275505, 0.9009125182500427
0.6794231474216895, 0.381903153918558
0.7246971169955209, 0.8914685374068059
0.6768006553012815, 0.8296257433340837
0.8841236096240946, 0.257882194325184
0.6466956992845556, 0.09228538725494106
0.277992284230297, 0.196722234081821
0.5397582904834574, 0.04723801063900557
0.49636142082859247, 0.5384384859385039
0.974360547087338, 0.43139650647508554
0.8399526312208592, 0.29017248964452835
0.6701109648005079, 0.26722101529061837
0.7063873162991632, 0.5202587093137058
0.723318039092204, 0.049201760895609015
0.29511449051592487, 0.2651757755267674
0.12067490722323937, 0.4203497586519236
0.7685425079613644, 0.15990449310738952
0.9170414462830193, 0.7216018711578244
0.9604850446585715, 0.23524914682831943
0.15072677582613114, 0.45408833469051113
0.012347594516522897, 0.19475249631616165
0.09489844510385548, 0.3956336247836473
0.6552592286620315, 0.32600916981459194
0.16726293402030779, 0.045454045952116995
0.18564639874555489, 0.6944357644619306
0.5532781634373343, 0.4387496225878479
0.37012555240160283, 0.11798244622365206
0.6736798419279676, 0.185970073262121
0.1416787925028935, 0.6010437752850845
0.8217077487588955, 0.7693524692736089
0.010297401473936763, 0.6781261924743575
0.8032670438542082, 0.3902862282627394
0.21215460662940633, 0.6437546530301286
0.2301797574753235, 0.5062319580452944
0.6071539086762784, 0.3237156226363833
0.20131475537716903, 0.17061342196234586
0.4825079689631254, 0.31927800262842965
0.4213427030339092, 0.8953003092544727
0.4351656354946305, 0.04400046610265096
0.6810101506519824, 0.8888022580140456
0.42893104079143674, 0.692826163024433
0.10026748626956661, 0.44109566158457103
0.7623011448511658, 0.788513986809378
0.08758548262608357, 0.23919418946564663
0.30610335161886104, 0.9768108689036531
0.23919137784943156, 0.368411358125051
0.3366934371280801, 0.539956217996413
0.12066199698230873, 0.33108451790746807
0.8396038065628604, 0.24909479200177564
0.7901568198373505, 0.8625966548709796
0.8334200507002256, 0.7900445276553743
0.7650574506282093, 0.5119465571773039
0.8732469275383368, 0.7252441855726285
0.8710876065352857, 0.49726592349158616
0.4553931803862852, 0.42209196807156923
0.4607688727835739, 0.9325212705667734
0.7639454124008891, 0.655255650123029
0.10991173323146053, 0.0985011326863725
0.7155008920816791, 0.21034788632683277
0.00672416418321975, 0.18885478920168286
0.36497844081236075, 0.2830570553820554
0.06359643112991209, 0.4665342279402843
0.6256188582648847, 0.19849959187000088
0.5727837973903069, 0.2943044134394798
0.3655909734364915, 0.8896399799313829
0.2696582161941825, 0.006216007573221716
0.7472554166923862, 0.583833808778155
0.9573258245839457, 0.9587864420030928
0.7274965605213942, 0.5130103658160633
0.051055601170914344, 0.23278300894249648
0.45396774687903374, 0.19540523729146653
0.15401023243391054, 0.2915960106990997
0.9786299782169411, 0.4619623700446951
0.6560491666017779, 0.4834241276652741
0.6007020163646865, 0.7426091142795149
