1e-05
0.5111018911115661, 0.5369301030123834
0.5111018911115661, 0.5369301030123834
0.5111018911115661, 0.5369301030123834
0.5111018911115661, 0.5369301030123834
0.5111018911115661, 0.5369301030123834
0.5111018911115661, 0.5369301030123834
0.5111018911115661, 0.5369301030123834
0.5111018911115661, 0.5369301030123834
0.5111018911115661, 0.5369301030123834
0.5111018911115661, 0.5369301030123834
0.13695137810766, 0.014139404476577022
0.13695137810766, 0.014139404476577022
0.13695137810766, 0.014139404476577022
0.13695137810766, 0.014139404476577022
0.13695137810766, 0.014139404476577022
0.13695137810766, 0.014139404476577022
0.13695137810766, 0.014139404476577022
0.13695137810766, 0.014139404476577022
0.13695137810766, 0.014139404476577022
0.13695137810766, 0.014139404476577022
0.6911067070287199, 0.07879232913521461
0.6911067070287199, 0.07879232913521461
0.6911067070287199, 0.07879232913521461
0.6911067070287199, 0.07879232913521461
0.6911067070287199, 0.07879232913521461
0.6911067070287199, 0.07879232913521461
0.6911067070287199, 0.07879232913521461
0.6911067070287199, 0.07879232913521461
0.6911067070287199, 0.07879232913521461
0.6911067070287199, 0.07879232913521461
0.21919459158469579, 0.4866660770739293
0.21919459158469579, 0.4866660770739293
0.21919459158469579, 0.4866660770739293
0.21919459158469579, 0.4866660770739293
0.21919459158469579, 0.4866660770739293
0.21919459158469579, 0.4866660770739293
0.21919459158469579, 0.4866660770739293
0.21919459158469579, 0.4866660770739293
0.21919459158469579, 0.4866660770739293
0.21919459158469579, 0.4866660770739293
0.37213550166438014, 0.9559869007066578
0.37213550166438014, 0.9559869007066578
0.37213550166438014, 0.9559869007066578
0.37213550166438014, 0.9559869007066578
0.37213550166438014, 0.9559869007066578
0.37213550166438014, 0.9559869007066578
0.37213550166438014, 0.9559869007066578
0.37213550166438014, 0.9559869007066578
0.37213550166438014, 0.9559869007066578
0.37213550166438014, 0.9559869007066578
0.9037347582388823, 0.80129756898749
0.9037347582388823, 0.80129756898749
0.9037347582388823, 0.80129756898749
0.9037347582388823, 0.80129756898749
0.9037347582388823, 0.80129756898749
0.9037347582388823, 0.80129756898749
0.9037347582388823, 0.80129756898749
0.9037347582388823, 0.80129756898749
0.9037347582388823, 0.80129756898749
0.9037347582388823, 0.80129756898749
0.5573890309447526, 0.611016541022388
0.5573890309447526, 0.611016541022388
0.5573890309447526, 0.611016541022388
0.5573890309447526, 0.611016541022388
0.5573890309447526, 0.611016541022388
0.5573890309447526, 0.611016541022388
0.5573890309447526, 0.611016541022388
0.5573890309447526, 0.611016541022388
0.5573890309447526, 0.611016541022388
0.5573890309447526, 0.611016541022388
0.5686962625035693, 0.2671702403132924
0.5686962625035693, 0.2671702403132924
0.5686962625035693, 0.2671702403132924
0.5686962625035693, 0.2671702403132924
0.5686962625035693, 0.2671702403132924
0.5686962625035693, 0.2671702403132924
0.5686962625035693, 0.2671702403132924
0.5686962625035693, 0.2671702403132924
0.5686962625035693, 0.2671702403132924
0.5686962625035693, 0.2671702403132924
0.5255425832487933, 0.9897584047803919
0.5255425832487933, 0.9897584047803919
0.5255425832487933, 0.9897584047803919
0.5255425832487933, 0.9897584047803919
0.5255425832487933, 0.9897584047803919
0.5255425832487933, 0.9897584047803919
0.5255425832487933, 0.9897584047803919
0.5255425832487933, 0.9897584047803919
0.5255425832487933, 0.9897584047803919
0.5255425832487933, 0.9897584047803919
0.360817795611043, 0.3777975616739626
0.360817795611043, 0.3777975616739626
0.360817795611043, 0.3777975616739626
0.360817795611043, 0.3777975616739626
0.360817795611043, 0.3777975616739626
0.360817795611043, 0.3777975616739626
0.360817795611043, 0.3777975616739626
0.360817795611043, 0.3777975616739626
0.360817795611043, 0.3777975616739626
0.360817795611043, 0.3777975616739626
