1e-05
0.3745065910377846, 0.7246212000377785
0.3745065910377846, 0.7246212000377785
0.3745065910377846, 0.7246212000377785
0.3745065910377846, 0.7246212000377785
0.3745065910377846, 0.7246212000377785
0.3745065910377846, 0.7246212000377785
0.3745065910377846, 0.7246212000377785
0.3745065910377846, 0.7246212000377785
0.3745065910377846, 0.7246212000377785
0.3745065910377846, 0.7246212000377785
0.30392170511305727, 0.5872742215274551
0.30392170511305727, 0.5872742215274551
0.30392170511305727, 0.5872742215274551
0.30392170511305727, 0.5872742215274551
0.30392170511305727, 0.5872742215274551
0.30392170511305727, 0.5872742215274551
0.30392170511305727, 0.5872742215274551
0.30392170511305727, 0.5872742215274551
0.30392170511305727, 0.5872742215274551
0.30392170511305727, 0.5872742215274551
0.2588857626848219, 0.7447841594432618
0.2588857626848219, 0.7447841594432618
0.2588857626848219, 0.7447841594432618
0.2588857626848219, 0.7447841594432618
0.2588857626848219, 0.7447841594432618
0.2588857626848219, 0.7447841594432618
0.2588857626848219, 0.7447841594432618
0.2588857626848219, 0.7447841594432618
0.2588857626848219, 0.7447841594432618
0.2588857626848219, 0.7447841594432618
0.3772914394347, 0.6752741843717894
0.3772914394347, 0.6752741843717894
0.3772914394347, 0.6752741843717894
0.3772914394347, 0.6752741843717894
0.3772914394347, 0.6752741843717894
0.3772914394347, 0.6752741843717894
0.3772914394347, 0.6752741843717894
0.3772914394347, 0.6752741843717894
0.3772914394347, 0.6752741843717894
0.3772914394347, 0.6752741843717894
0.42344661767918945, 0.8991513917610547
0.42344661767918945, 0.8991513917610547
0.42344661767918945, 0.8991513917610547
0.42344661767918945, 0.8991513917610547
0.42344661767918945, 0.8991513917610547
0.42344661767918945, 0.8991513917610547
0.42344661767918945, 0.8991513917610547
0.42344661767918945, 0.8991513917610547
0.42344661767918945, 0.8991513917610547
0.42344661767918945, 0.8991513917610547
0.9868464401427967, 0.9102697767160466
0.9868464401427967, 0.9102697767160466
0.9868464401427967, 0.9102697767160466
0.9868464401427967, 0.9102697767160466
0.9868464401427967, 0.9102697767160466
0.9868464401427967, 0.9102697767160466
0.9868464401427967, 0.9102697767160466
0.9868464401427967, 0.9102697767160466
0.9868464401427967, 0.9102697767160466
0.9868464401427967, 0.9102697767160466
0.4508795049767981, 0.9881523715630097
0.4508795049767981, 0.9881523715630097
0.4508795049767981, 0.9881523715630097
0.4508795049767981, 0.9881523715630097
0.4508795049767981, 0.9881523715630097
0.4508795049767981, 0.9881523715630097
0.4508795049767981, 0.9881523715630097
0.4508795049767981, 0.9881523715630097
0.4508795049767981, 0.9881523715630097
0.4508795049767981, 0.9881523715630097
0.7027968751853967, 0.3104867255993561
0.7027968751853967, 0.3104867255993561
0.7027968751853967, 0.3104867255993561
0.7027968751853967, 0.3104867255993561
0.7027968751853967, 0.3104867255993561
0.7027968751853967, 0.3104867255993561
0.7027968751853967, 0.3104867255993561
0.7027968751853967, 0.3104867255993561
0.7027968751853967, 0.3104867255993561
0.7027968751853967, 0.3104867255993561
0.8909611339808253, 0.5229253688128244
0.8909611339808253, 0.5229253688128244
0.8909611339808253, 0.5229253688128244
0.8909611339808253, 0.5229253688128244
0.8909611339808253, 0.5229253688128244
0.8909611339808253, 0.5229253688128244
0.8909611339808253, 0.5229253688128244
0.8909611339808253, 0.5229253688128244
0.8909611339808253, 0.5229253688128244
0.8909611339808253, 0.5229253688128244
0.6138813517354819, 0.09099165674287679
0.6138813517354819, 0.09099165674287679
0.6138813517354819, 0.09099165674287679
0.6138813517354819, 0.09099165674287679
0.6138813517354819, 0.09099165674287679
0.6138813517354819, 0.09099165674287679
0.6138813517354819, 0.09099165674287679
0.6138813517354819, 0.09099165674287679
0.6138813517354819, 0.09099165674287679
0.6138813517354819, 0.09099165674287679
