1e-05
0.2548352835701625, 0.15009479221354172
0.2548352835701625, 0.15009479221354172
0.2548352835701625, 0.15009479221354172
0.2548352835701625, 0.15009479221354172
0.2548352835701625, 0.15009479221354172
0.2548352835701625, 0.15009479221354172
0.2548352835701625, 0.15009479221354172
0.2548352835701625, 0.15009479221354172
0.2548352835701625, 0.15009479221354172
0.2548352835701625, 0.15009479221354172
0.6934205786620653, 0.5694890192846517
0.6934205786620653, 0.5694890192846517
0.6934205786620653, 0.5694890192846517
0.6934205786620653, 0.5694890192846517
0.6934205786620653, 0.5694890192846517
0.6934205786620653, 0.5694890192846517
0.6934205786620653, 0.5694890192846517
0.6934205786620653, 0.5694890192846517
0.6934205786620653, 0.5694890192846517
0.6934205786620653, 0.5694890192846517
0.02724031980887731, 0.8951472828448731
0.02724031980887731, 0.8951472828448731
0.02724031980887731, 0.8951472828448731
0.02724031980887731, 0.8951472828448731
0.02724031980887731, 0.8951472828448731
0.02724031980887731, 0.8951472828448731
0.02724031980887731, 0.8951472828448731
0.02724031980887731, 0.8951472828448731
0.02724031980887731, 0.8951472828448731
0.02724031980887731, 0.8951472828448731
0.902852572244657, 0.5188223524172344
0.902852572244657, 0.5188223524172344
0.902852572244657, 0.5188223524172344
0.902852572244657, 0.5188223524172344
0.902852572244657, 0.5188223524172344
0.902852572244657, 0.5188223524172344
0.902852572244657, 0.5188223524172344
0.902852572244657, 0.5188223524172344
0.902852572244657, 0.5188223524172344
0.902852572244657, 0.5188223524172344
0.9328961148476558, 0.475649767679433
0.9328961148476558, 0.475649767679433
0.9328961148476558, 0.475649767679433
0.9328961148476558, 0.475649767679433
0.9328961148476558, 0.475649767679433
0.9328961148476558, 0.475649767679433
0.9328961148476558, 0.475649767679433
0.9328961148476558, 0.475649767679433
0.9328961148476558, 0.475649767679433
0.9328961148476558, 0.475649767679433
0.4642984520601754, 0.6304828237353929
0.4642984520601754, 0.6304828237353929
0.4642984520601754, 0.6304828237353929
0.4642984520601754, 0.6304828237353929
0.4642984520601754, 0.6304828237353929
0.4642984520601754, 0.6304828237353929
0.4642984520601754, 0.6304828237353929
0.4642984520601754, 0.6304828237353929
0.4642984520601754, 0.6304828237353929
0.4642984520601754, 0.6304828237353929
0.8999877153584005, 0.7398932991117747
0.8999877153584005, 0.7398932991117747
0.8999877153584005, 0.7398932991117747
0.8999877153584005, 0.7398932991117747
0.8999877153584005, 0.7398932991117747
0.8999877153584005, 0.7398932991117747
0.8999877153584005, 0.7398932991117747
0.8999877153584005, 0.7398932991117747
0.8999877153584005, 0.7398932991117747
0.8999877153584005, 0.7398932991117747
0.8019389545077752, 0.46527495057662516
0.8019389545077752, 0.46527495057662516
0.8019389545077752, 0.46527495057662516
0.8019389545077752, 0.46527495057662516
0.8019389545077752, 0.46527495057662516
0.8019389545077752, 0.46527495057662516
0.8019389545077752, 0.46527495057662516
0.8019389545077752, 0.46527495057662516
0.8019389545077752, 0.46527495057662516
0.8019389545077752, 0.46527495057662516
0.552207775631743, 0.9264040663707724
0.552207775631743, 0.9264040663707724
0.552207775631743, 0.9264040663707724
0.552207775631743, 0.9264040663707724
0.552207775631743, 0.9264040663707724
0.552207775631743, 0.9264040663707724
0.552207775631743, 0.9264040663707724
0.552207775631743, 0.9264040663707724
0.552207775631743, 0.9264040663707724
0.552207775631743, 0.9264040663707724
0.9689291407696792, 0.16073093589378207
0.9689291407696792, 0.16073093589378207
0.9689291407696792, 0.16073093589378207
0.9689291407696792, 0.16073093589378207
0.9689291407696792, 0.16073093589378207
0.9689291407696792, 0.16073093589378207
0.9689291407696792, 0.16073093589378207
0.9689291407696792, 0.16073093589378207
0.9689291407696792, 0.16073093589378207
0.9689291407696792, 0.16073093589378207
