1e-05
0.8409023282276588, 0.10751819845562172
0.8409023282276588, 0.10751819845562172
0.8409023282276588, 0.10751819845562172
0.8409023282276588, 0.10751819845562172
0.8409023282276588, 0.10751819845562172
0.8409023282276588, 0.10751819845562172
0.8409023282276588, 0.10751819845562172
0.8409023282276588, 0.10751819845562172
0.8409023282276588, 0.10751819845562172
0.8409023282276588, 0.10751819845562172
0.8316227662042562, 0.0873818271446003
0.8316227662042562, 0.0873818271446003
0.8316227662042562, 0.0873818271446003
0.8316227662042562, 0.0873818271446003
0.8316227662042562, 0.0873818271446003
0.8316227662042562, 0.0873818271446003
0.8316227662042562, 0.0873818271446003
0.8316227662042562, 0.0873818271446003
0.8316227662042562, 0.0873818271446003
0.8316227662042562, 0.0873818271446003
0.4764703321538465, 0.18484148397741917
0.4764703321538465, 0.18484148397741917
0.4764703321538465, 0.18484148397741917
0.4764703321538465, 0.18484148397741917
0.4764703321538465, 0.18484148397741917
0.4764703321538465, 0.18484148397741917
0.4764703321538465, 0.18484148397741917
0.4764703321538465, 0.18484148397741917
0.4764703321538465, 0.18484148397741917
0.4764703321538465, 0.18484148397741917
0.4324474870773266, 0.02002413197847186
0.4324474870773266, 0.02002413197847186
0.4324474870773266, 0.02002413197847186
0.4324474870773266, 0.02002413197847186
0.4324474870773266, 0.02002413197847186
0.4324474870773266, 0.02002413197847186
0.4324474870773266, 0.02002413197847186
0.4324474870773266, 0.02002413197847186
0.4324474870773266, 0.02002413197847186
0.4324474870773266, 0.02002413197847186
0.9902502739876476, 0.46532617630922424
0.9902502739876476, 0.46532617630922424
0.9902502739876476, 0.46532617630922424
0.9902502739876476, 0.46532617630922424
0.9902502739876476, 0.46532617630922424
0.9902502739876476, 0.46532617630922424
0.9902502739876476, 0.46532617630922424
0.9902502739876476, 0.46532617630922424
0.9902502739876476, 0.46532617630922424
0.9902502739876476, 0.46532617630922424
0.23627223014390764, 0.12214835568432048
0.23627223014390764, 0.12214835568432048
0.23627223014390764, 0.12214835568432048
0.23627223014390764, 0.12214835568432048
0.23627223014390764, 0.12214835568432048
0.23627223014390764, 0.12214835568432048
0.23627223014390764, 0.12214835568432048
0.23627223014390764, 0.12214835568432048
0.23627223014390764, 0.12214835568432048
0.23627223014390764, 0.12214835568432048
0.9979532649732857, 0.042318499474493954
0.9979532649732857, 0.042318499474493954
0.9979532649732857, 0.042318499474493954
0.9979532649732857, 0.042318499474493954
0.9979532649732857, 0.042318499474493954
0.9979532649732857, 0.042318499474493954
0.9979532649732857, 0.042318499474493954
0.9979532649732857, 0.042318499474493954
0.9979532649732857, 0.042318499474493954
0.9979532649732857, 0.042318499474493954
0.03797978560955473, 0.8744607034412348
0.03797978560955473, 0.8744607034412348
0.03797978560955473, 0.8744607034412348
0.03797978560955473, 0.8744607034412348
0.03797978560955473, 0.8744607034412348
0.03797978560955473, 0.8744607034412348
0.03797978560955473, 0.8744607034412348
0.03797978560955473, 0.8744607034412348
0.03797978560955473, 0.8744607034412348
0.03797978560955473, 0.8744607034412348
0.5275962027996141, 0.48574438874436454
0.5275962027996141, 0.48574438874436454
0.5275962027996141, 0.48574438874436454
0.5275962027996141, 0.48574438874436454
0.5275962027996141, 0.48574438874436454
0.5275962027996141, 0.48574438874436454
0.5275962027996141, 0.48574438874436454
0.5275962027996141, 0.48574438874436454
0.5275962027996141, 0.48574438874436454
0.5275962027996141, 0.48574438874436454
0.8257886574810656, 0.13121120307055334
0.8257886574810656, 0.13121120307055334
0.8257886574810656, 0.13121120307055334
0.8257886574810656, 0.13121120307055334
0.8257886574810656, 0.13121120307055334
0.8257886574810656, 0.13121120307055334
0.8257886574810656, 0.13121120307055334
0.8257886574810656, 0.13121120307055334
0.8257886574810656, 0.13121120307055334
0.8257886574810656, 0.13121120307055334
