1e-05
0.3751648836974122, 0.15304218065383235
0.7427485227977385, 0.9539655479045775
0.18923207001802456, 0.4628649554114883
0.8536912249726318, 0.4184218880418694
0.28435753514857554, 0.5032510543793594
0.9847145771028526, 0.3779185567914264
0.14584598961961537, 0.4486748077896855
0.4637384997788564, 0.9047222401527316
0.15380909031934564, 0.31428247401072273
0.7482078056965922, 0.8323354407707998
0.45339169868808493, 0.6029501414164493
0.10052443178338033, 0.8569240728470956
0.1482938634447587, 0.6467507585664757
0.6771859833235978, 0.6941043418735322
0.1286758923172392, 0.8833823643872862
0.09765641588520935, 0.46179848687891256
0.6816649640177894, 0.42237600552453536
0.2946880657939812, 0.5641279383718046
0.029951977298292576, 0.8699144912038909
0.19768933278041867, 0.07382559283419232
0.5122381635030111, 0.5715606379131871
0.17350615593419894, 0.40326923189549757
0.038783483234301364, 0.45009959382047415
0.16425895357404485, 0.29593514868402737
0.3075395014414857, 0.46867621648817104
0.04090292017117092, 0.28774736979118265
0.11927030211222733, 0.3236327122102125
0.8568814648204321, 0.42873718743743316
0.5275639128873955, 0.9810707349121873
0.23905735428291564, 0.09132776778900331
0.32797341991972284, 0.5750660351708989
0.9018875920362889, 0.3486925449313111
0.19079041913725625, 0.7783973911068357
0.18866456890401917, 0.6265488382869624
0.9343164520978346, 0.7111869141059131
0.9414755503800476, 0.8701541724353022
0.8335322799510956, 0.8602795084613644
0.27795277901353166, 0.8040376678096244
0.10874656315814857, 0.6836959678928097
0.9235537310712388, 0.67304017412144
0.062030452688637605, 0.0821502489791649
0.5128067651040402, 0.6721181675882104
0.7646647903906681, 0.7994381035514182
0.37018516668198165, 0.9503399417968399
0.07110328098719498, 0.7811975418174522
0.6762462912801361, 0.12054191100762213
0.27046517134056614, 0.896307324867805
0.6882638682033096, 0.014953936598094741
0.1337901673041938, 0.13604302039253036
0.6303932565318747, 0.2561561619832188
0.38945924905439677, 0.6480915969874241
0.1994489967021651, 0.6841195683717008
0.832666966719722, 0.24922963472173199
0.9028675445607255, 0.4596912886186586
0.20079626535549022, 0.40511829193001947
0.275056406664986, 0.00957506010457243
0.4542637277817616, 0.2465365941872737
0.325936385680887, 0.36589922507106754
0.12868798413300075, 0.6286272750242634
0.6455173691314513, 0.4555756822434289
0.016909402480858593, 0.12110287300154177
0.9568767801087938, 0.29493326426216526
0.5026308022222657, 0.2887056586465989
0.6084123610977498, 0.8578494096618927
0.5017719602827294, 0.791811049491228
0.24810163155199305, 0.6997022345338819
0.5712195916954831, 0.915634359467652
0.7875769700853995, 0.9788699440879981
0.831054971155711, 0.7060549747249432
0.2794443449454155, 0.09078795872137313
0.31683014996595094, 0.1126239477784039
0.9763367585280123, 0.3552932374167166
0.4342713838963227, 0.8453052567572091
0.12064183963088548, 0.4378988698594025
0.5218025143730014, 0.5753281174803714
0.8981588951236092, 0.9113479044839554
0.8894802606585448, 0.21864324318587935
0.8347134508749778, 0.9415728762568998
0.6918469178758128, 0.2806077807511512
0.05444517813401184, 0.17176870256343946
0.6870142535724638, 0.5968865386257157
0.441975460947325, 0.5711930352660655
0.48469119910434233, 0.47172716399106684
0.01340674956736465, 0.7958247174337385
0.17830787409570403, 0.5165162600647258
0.9053799825772586, 0.35402294855345273
0.5366768097241178, 0.3259328388488876
0.8041052552396751, 0.17698704993513759
0.16121869584150506, 0.7772576162939697
0.193333258473807, 0.2864406859133811
0.016431987826821648, 0.7613303506914467
0.7104447433832999, 0.8021293532383074
0.8463255590753671, 0.4245669821458522
0.1725931927418235, 0.8755248705220198
0.07392168958875378, 0.10503490756583334
0.5522247197077302, 0.9604909912450693
0.6393125250983505, 0.31087386402853745
0.08199189844229637, 0.20696383124432594
0.5718064763396502, 0.14410513595141716
0.5958991913032458, 0.22808485302350257
