1e-05
0.3797025700462421, 0.40881042106039045
0.3797025700462421, 0.40881042106039045
0.3797025700462421, 0.40881042106039045
0.3797025700462421, 0.40881042106039045
0.3797025700462421, 0.40881042106039045
0.3797025700462421, 0.40881042106039045
0.3797025700462421, 0.40881042106039045
0.3797025700462421, 0.40881042106039045
0.3797025700462421, 0.40881042106039045
0.3797025700462421, 0.40881042106039045
0.11220319590567951, 0.4781617735239234
0.11220319590567951, 0.4781617735239234
0.11220319590567951, 0.4781617735239234
0.11220319590567951, 0.4781617735239234
0.11220319590567951, 0.4781617735239234
0.11220319590567951, 0.4781617735239234
0.11220319590567951, 0.4781617735239234
0.11220319590567951, 0.4781617735239234
0.11220319590567951, 0.4781617735239234
0.11220319590567951, 0.4781617735239234
0.3015574794710335, 0.2150925336814662
0.3015574794710335, 0.2150925336814662
0.3015574794710335, 0.2150925336814662
0.3015574794710335, 0.2150925336814662
0.3015574794710335, 0.2150925336814662
0.3015574794710335, 0.2150925336814662
0.3015574794710335, 0.2150925336814662
0.3015574794710335, 0.2150925336814662
0.3015574794710335, 0.2150925336814662
0.3015574794710335, 0.2150925336814662
0.6654512271819881, 0.46207186790505816
0.6654512271819881, 0.46207186790505816
0.6654512271819881, 0.46207186790505816
0.6654512271819881, 0.46207186790505816
0.6654512271819881, 0.46207186790505816
0.6654512271819881, 0.46207186790505816
0.6654512271819881, 0.46207186790505816
0.6654512271819881, 0.46207186790505816
0.6654512271819881, 0.46207186790505816
0.6654512271819881, 0.46207186790505816
0.6035778739500797, 0.42018733343914516
0.6035778739500797, 0.42018733343914516
0.6035778739500797, 0.42018733343914516
0.6035778739500797, 0.42018733343914516
0.6035778739500797, 0.42018733343914516
0.6035778739500797, 0.42018733343914516
0.6035778739500797, 0.42018733343914516
0.6035778739500797, 0.42018733343914516
0.6035778739500797, 0.42018733343914516
0.6035778739500797, 0.42018733343914516
0.8357846719942451, 0.15468538544224175
0.8357846719942451, 0.15468538544224175
0.8357846719942451, 0.15468538544224175
0.8357846719942451, 0.15468538544224175
0.8357846719942451, 0.15468538544224175
0.8357846719942451, 0.15468538544224175
0.8357846719942451, 0.15468538544224175
0.8357846719942451, 0.15468538544224175
0.8357846719942451, 0.15468538544224175
0.8357846719942451, 0.15468538544224175
0.29539617536112395, 0.08137337586733706
0.29539617536112395, 0.08137337586733706
0.29539617536112395, 0.08137337586733706
0.29539617536112395, 0.08137337586733706
0.29539617536112395, 0.08137337586733706
0.29539617536112395, 0.08137337586733706
0.29539617536112395, 0.08137337586733706
0.29539617536112395, 0.08137337586733706
0.29539617536112395, 0.08137337586733706
0.29539617536112395, 0.08137337586733706
0.8585988811218236, 0.7212813531890134
0.8585988811218236, 0.7212813531890134
0.8585988811218236, 0.7212813531890134
0.8585988811218236, 0.7212813531890134
0.8585988811218236, 0.7212813531890134
0.8585988811218236, 0.7212813531890134
0.8585988811218236, 0.7212813531890134
0.8585988811218236, 0.7212813531890134
0.8585988811218236, 0.7212813531890134
0.8585988811218236, 0.7212813531890134
0.5530376908388936, 0.34129410238127444
0.5530376908388936, 0.34129410238127444
0.5530376908388936, 0.34129410238127444
0.5530376908388936, 0.34129410238127444
0.5530376908388936, 0.34129410238127444
0.5530376908388936, 0.34129410238127444
0.5530376908388936, 0.34129410238127444
0.5530376908388936, 0.34129410238127444
0.5530376908388936, 0.34129410238127444
0.5530376908388936, 0.34129410238127444
0.6488057941324228, 0.7658601615540162
0.6488057941324228, 0.7658601615540162
0.6488057941324228, 0.7658601615540162
0.6488057941324228, 0.7658601615540162
0.6488057941324228, 0.7658601615540162
0.6488057941324228, 0.7658601615540162
0.6488057941324228, 0.7658601615540162
0.6488057941324228, 0.7658601615540162
0.6488057941324228, 0.7658601615540162
0.6488057941324228, 0.7658601615540162
