1e-05
0.7383858069347498, 0.42576438285742146
0.7383858069347498, 0.42576438285742146
0.7383858069347498, 0.42576438285742146
0.7383858069347498, 0.42576438285742146
0.7383858069347498, 0.42576438285742146
0.7383858069347498, 0.42576438285742146
0.7383858069347498, 0.42576438285742146
0.7383858069347498, 0.42576438285742146
0.7383858069347498, 0.42576438285742146
0.7383858069347498, 0.42576438285742146
0.13017486070401518, 0.8950381815174664
0.13017486070401518, 0.8950381815174664
0.13017486070401518, 0.8950381815174664
0.13017486070401518, 0.8950381815174664
0.13017486070401518, 0.8950381815174664
0.13017486070401518, 0.8950381815174664
0.13017486070401518, 0.8950381815174664
0.13017486070401518, 0.8950381815174664
0.13017486070401518, 0.8950381815174664
0.13017486070401518, 0.8950381815174664
0.5537592322732559, 0.8018950229346077
0.5537592322732559, 0.8018950229346077
0.5537592322732559, 0.8018950229346077
0.5537592322732559, 0.8018950229346077
0.5537592322732559, 0.8018950229346077
0.5537592322732559, 0.8018950229346077
0.5537592322732559, 0.8018950229346077
0.5537592322732559, 0.8018950229346077
0.5537592322732559, 0.8018950229346077
0.5537592322732559, 0.8018950229346077
0.45890687834433097, 0.5833839660373089
0.45890687834433097, 0.5833839660373089
0.45890687834433097, 0.5833839660373089
0.45890687834433097, 0.5833839660373089
0.45890687834433097, 0.5833839660373089
0.45890687834433097, 0.5833839660373089
0.45890687834433097, 0.5833839660373089
0.45890687834433097, 0.5833839660373089
0.45890687834433097, 0.5833839660373089
0.45890687834433097, 0.5833839660373089
0.21973159369631268, 0.2139590994372771
0.21973159369631268, 0.2139590994372771
0.21973159369631268, 0.2139590994372771
0.21973159369631268, 0.2139590994372771
0.21973159369631268, 0.2139590994372771
0.21973159369631268, 0.2139590994372771
0.21973159369631268, 0.2139590994372771
0.21973159369631268, 0.2139590994372771
0.21973159369631268, 0.2139590994372771
0.21973159369631268, 0.2139590994372771
0.0577923405165669, 0.6043226820108377
0.0577923405165669, 0.6043226820108377
0.0577923405165669, 0.6043226820108377
0.0577923405165669, 0.6043226820108377
0.0577923405165669, 0.6043226820108377
0.0577923405165669, 0.6043226820108377
0.0577923405165669, 0.6043226820108377
0.0577923405165669, 0.6043226820108377
0.0577923405165669, 0.6043226820108377
0.0577923405165669, 0.6043226820108377
0.8138808139390414, 0.44865687983419955
0.8138808139390414, 0.44865687983419955
0.8138808139390414, 0.44865687983419955
0.8138808139390414, 0.44865687983419955
0.8138808139390414, 0.44865687983419955
0.8138808139390414, 0.44865687983419955
0.8138808139390414, 0.44865687983419955
0.8138808139390414, 0.44865687983419955
0.8138808139390414, 0.44865687983419955
0.8138808139390414, 0.44865687983419955
0.48902722678786514, 0.3039524894077458
0.48902722678786514, 0.3039524894077458
0.48902722678786514, 0.3039524894077458
0.48902722678786514, 0.3039524894077458
0.48902722678786514, 0.3039524894077458
0.48902722678786514, 0.3039524894077458
0.48902722678786514, 0.3039524894077458
0.48902722678786514, 0.3039524894077458
0.48902722678786514, 0.3039524894077458
0.48902722678786514, 0.3039524894077458
0.23697517202400098, 0.9289183679801647
0.23697517202400098, 0.9289183679801647
0.23697517202400098, 0.9289183679801647
0.23697517202400098, 0.9289183679801647
0.23697517202400098, 0.9289183679801647
0.23697517202400098, 0.9289183679801647
0.23697517202400098, 0.9289183679801647
0.23697517202400098, 0.9289183679801647
0.23697517202400098, 0.9289183679801647
0.23697517202400098, 0.9289183679801647
0.969158292500067, 0.6770942606799965
0.969158292500067, 0.6770942606799965
0.969158292500067, 0.6770942606799965
0.969158292500067, 0.6770942606799965
0.969158292500067, 0.6770942606799965
0.969158292500067, 0.6770942606799965
0.969158292500067, 0.6770942606799965
0.969158292500067, 0.6770942606799965
0.969158292500067, 0.6770942606799965
0.969158292500067, 0.6770942606799965
