1e-05
0.4874686199563468, 0.3576595839857837
0.4874686199563468, 0.3576595839857837
0.4874686199563468, 0.3576595839857837
0.4874686199563468, 0.3576595839857837
0.4874686199563468, 0.3576595839857837
0.4874686199563468, 0.3576595839857837
0.4874686199563468, 0.3576595839857837
0.4874686199563468, 0.3576595839857837
0.4874686199563468, 0.3576595839857837
0.4874686199563468, 0.3576595839857837
0.041960771806765274, 0.676494697646553
0.041960771806765274, 0.676494697646553
0.041960771806765274, 0.676494697646553
0.041960771806765274, 0.676494697646553
0.041960771806765274, 0.676494697646553
0.041960771806765274, 0.676494697646553
0.041960771806765274, 0.676494697646553
0.041960771806765274, 0.676494697646553
0.041960771806765274, 0.676494697646553
0.041960771806765274, 0.676494697646553
0.7617069660799932, 0.4856073002695669
0.7617069660799932, 0.4856073002695669
0.7617069660799932, 0.4856073002695669
0.7617069660799932, 0.4856073002695669
0.7617069660799932, 0.4856073002695669
0.7617069660799932, 0.4856073002695669
0.7617069660799932, 0.4856073002695669
0.7617069660799932, 0.4856073002695669
0.7617069660799932, 0.4856073002695669
0.7617069660799932, 0.4856073002695669
0.07096575838259034, 0.7941447676003699
0.07096575838259034, 0.7941447676003699
0.07096575838259034, 0.7941447676003699
0.07096575838259034, 0.7941447676003699
0.07096575838259034, 0.7941447676003699
0.07096575838259034, 0.7941447676003699
0.07096575838259034, 0.7941447676003699
0.07096575838259034, 0.7941447676003699
0.07096575838259034, 0.7941447676003699
0.07096575838259034, 0.7941447676003699
0.4774776113475434, 0.40036172777977974
0.4774776113475434, 0.40036172777977974
0.4774776113475434, 0.40036172777977974
0.4774776113475434, 0.40036172777977974
0.4774776113475434, 0.40036172777977974
0.4774776113475434, 0.40036172777977974
0.4774776113475434, 0.40036172777977974
0.4774776113475434, 0.40036172777977974
0.4774776113475434, 0.40036172777977974
0.4774776113475434, 0.40036172777977974
0.9168754607046883, 0.12516912507815892
0.9168754607046883, 0.12516912507815892
0.9168754607046883, 0.12516912507815892
0.9168754607046883, 0.12516912507815892
0.9168754607046883, 0.12516912507815892
0.9168754607046883, 0.12516912507815892
0.9168754607046883, 0.12516912507815892
0.9168754607046883, 0.12516912507815892
0.9168754607046883, 0.12516912507815892
0.9168754607046883, 0.12516912507815892
0.6744014826059248, 0.24268333492190153
0.6744014826059248, 0.24268333492190153
0.6744014826059248, 0.24268333492190153
0.6744014826059248, 0.24268333492190153
0.6744014826059248, 0.24268333492190153
0.6744014826059248, 0.24268333492190153
0.6744014826059248, 0.24268333492190153
0.6744014826059248, 0.24268333492190153
0.6744014826059248, 0.24268333492190153
0.6744014826059248, 0.24268333492190153
0.5693365326455735, 0.43448906140457777
0.5693365326455735, 0.43448906140457777
0.5693365326455735, 0.43448906140457777
0.5693365326455735, 0.43448906140457777
0.5693365326455735, 0.43448906140457777
0.5693365326455735, 0.43448906140457777
0.5693365326455735, 0.43448906140457777
0.5693365326455735, 0.43448906140457777
0.5693365326455735, 0.43448906140457777
0.5693365326455735, 0.43448906140457777
0.5315825623579745, 0.8709300906152333
0.5315825623579745, 0.8709300906152333
0.5315825623579745, 0.8709300906152333
0.5315825623579745, 0.8709300906152333
0.5315825623579745, 0.8709300906152333
0.5315825623579745, 0.8709300906152333
0.5315825623579745, 0.8709300906152333
0.5315825623579745, 0.8709300906152333
0.5315825623579745, 0.8709300906152333
0.5315825623579745, 0.8709300906152333
0.8951482671982272, 0.6365865319000232
0.8951482671982272, 0.6365865319000232
0.8951482671982272, 0.6365865319000232
0.8951482671982272, 0.6365865319000232
0.8951482671982272, 0.6365865319000232
0.8951482671982272, 0.6365865319000232
0.8951482671982272, 0.6365865319000232
0.8951482671982272, 0.6365865319000232
0.8951482671982272, 0.6365865319000232
0.8951482671982272, 0.6365865319000232
