1e-05
0.35004533134960036, 0.8732862046763108
0.35004533134960036, 0.8732862046763108
0.35004533134960036, 0.8732862046763108
0.35004533134960036, 0.8732862046763108
0.35004533134960036, 0.8732862046763108
0.35004533134960036, 0.8732862046763108
0.35004533134960036, 0.8732862046763108
0.35004533134960036, 0.8732862046763108
0.35004533134960036, 0.8732862046763108
0.35004533134960036, 0.8732862046763108
0.1397534872629893, 0.7389600090939524
0.1397534872629893, 0.7389600090939524
0.1397534872629893, 0.7389600090939524
0.1397534872629893, 0.7389600090939524
0.1397534872629893, 0.7389600090939524
0.1397534872629893, 0.7389600090939524
0.1397534872629893, 0.7389600090939524
0.1397534872629893, 0.7389600090939524
0.1397534872629893, 0.7389600090939524
0.1397534872629893, 0.7389600090939524
0.3076141108146865, 0.6395927372704072
0.3076141108146865, 0.6395927372704072
0.3076141108146865, 0.6395927372704072
0.3076141108146865, 0.6395927372704072
0.3076141108146865, 0.6395927372704072
0.3076141108146865, 0.6395927372704072
0.3076141108146865, 0.6395927372704072
0.3076141108146865, 0.6395927372704072
0.3076141108146865, 0.6395927372704072
0.3076141108146865, 0.6395927372704072
0.14063414178014233, 0.9347409917867495
0.14063414178014233, 0.9347409917867495
0.14063414178014233, 0.9347409917867495
0.14063414178014233, 0.9347409917867495
0.14063414178014233, 0.9347409917867495
0.14063414178014233, 0.9347409917867495
0.14063414178014233, 0.9347409917867495
0.14063414178014233, 0.9347409917867495
0.14063414178014233, 0.9347409917867495
0.14063414178014233, 0.9347409917867495
0.08083418518184016, 0.17392654644440164
0.08083418518184016, 0.17392654644440164
0.08083418518184016, 0.17392654644440164
0.08083418518184016, 0.17392654644440164
0.08083418518184016, 0.17392654644440164
0.08083418518184016, 0.17392654644440164
0.08083418518184016, 0.17392654644440164
0.08083418518184016, 0.17392654644440164
0.08083418518184016, 0.17392654644440164
0.08083418518184016, 0.17392654644440164
0.21558227917282002, 0.13331618413914736
0.21558227917282002, 0.13331618413914736
0.21558227917282002, 0.13331618413914736
0.21558227917282002, 0.13331618413914736
0.21558227917282002, 0.13331618413914736
0.21558227917282002, 0.13331618413914736
0.21558227917282002, 0.13331618413914736
0.21558227917282002, 0.13331618413914736
0.21558227917282002, 0.13331618413914736
0.21558227917282002, 0.13331618413914736
0.2300207883398877, 0.9249756688899844
0.2300207883398877, 0.9249756688899844
0.2300207883398877, 0.9249756688899844
0.2300207883398877, 0.9249756688899844
0.2300207883398877, 0.9249756688899844
0.2300207883398877, 0.9249756688899844
0.2300207883398877, 0.9249756688899844
0.2300207883398877, 0.9249756688899844
0.2300207883398877, 0.9249756688899844
0.2300207883398877, 0.9249756688899844
0.23084604500374484, 0.058019724000068496
0.23084604500374484, 0.058019724000068496
0.23084604500374484, 0.058019724000068496
0.23084604500374484, 0.058019724000068496
0.23084604500374484, 0.058019724000068496
0.23084604500374484, 0.058019724000068496
0.23084604500374484, 0.058019724000068496
0.23084604500374484, 0.058019724000068496
0.23084604500374484, 0.058019724000068496
0.23084604500374484, 0.058019724000068496
0.16157532495978344, 0.24751190378903332
0.16157532495978344, 0.24751190378903332
0.16157532495978344, 0.24751190378903332
0.16157532495978344, 0.24751190378903332
0.16157532495978344, 0.24751190378903332
0.16157532495978344, 0.24751190378903332
0.16157532495978344, 0.24751190378903332
0.16157532495978344, 0.24751190378903332
0.16157532495978344, 0.24751190378903332
0.16157532495978344, 0.24751190378903332
0.8842899122735901, 0.3027851826645662
0.8842899122735901, 0.3027851826645662
0.8842899122735901, 0.3027851826645662
0.8842899122735901, 0.3027851826645662
0.8842899122735901, 0.3027851826645662
0.8842899122735901, 0.3027851826645662
0.8842899122735901, 0.3027851826645662
0.8842899122735901, 0.3027851826645662
0.8842899122735901, 0.3027851826645662
0.8842899122735901, 0.3027851826645662
