1e-05
0.5919268320243105, 0.6952448940739032
0.5919268320243105, 0.6952448940739032
0.5919268320243105, 0.6952448940739032
0.5919268320243105, 0.6952448940739032
0.5919268320243105, 0.6952448940739032
0.5919268320243105, 0.6952448940739032
0.5919268320243105, 0.6952448940739032
0.5919268320243105, 0.6952448940739032
0.5919268320243105, 0.6952448940739032
0.5919268320243105, 0.6952448940739032
0.15124347713801722, 0.09253466867973403
0.15124347713801722, 0.09253466867973403
0.15124347713801722, 0.09253466867973403
0.15124347713801722, 0.09253466867973403
0.15124347713801722, 0.09253466867973403
0.15124347713801722, 0.09253466867973403
0.15124347713801722, 0.09253466867973403
0.15124347713801722, 0.09253466867973403
0.15124347713801722, 0.09253466867973403
0.15124347713801722, 0.09253466867973403
0.5471211474296087, 0.8278703642201969
0.5471211474296087, 0.8278703642201969
0.5471211474296087, 0.8278703642201969
0.5471211474296087, 0.8278703642201969
0.5471211474296087, 0.8278703642201969
0.5471211474296087, 0.8278703642201969
0.5471211474296087, 0.8278703642201969
0.5471211474296087, 0.8278703642201969
0.5471211474296087, 0.8278703642201969
0.5471211474296087, 0.8278703642201969
0.9005936189808903, 0.08997078046143092
0.9005936189808903, 0.08997078046143092
0.9005936189808903, 0.08997078046143092
0.9005936189808903, 0.08997078046143092
0.9005936189808903, 0.08997078046143092
0.9005936189808903, 0.08997078046143092
0.9005936189808903, 0.08997078046143092
0.9005936189808903, 0.08997078046143092
0.9005936189808903, 0.08997078046143092
0.9005936189808903, 0.08997078046143092
0.18486735504888252, 0.02214630926822536
0.18486735504888252, 0.02214630926822536
0.18486735504888252, 0.02214630926822536
0.18486735504888252, 0.02214630926822536
0.18486735504888252, 0.02214630926822536
0.18486735504888252, 0.02214630926822536
0.18486735504888252, 0.02214630926822536
0.18486735504888252, 0.02214630926822536
0.18486735504888252, 0.02214630926822536
0.18486735504888252, 0.02214630926822536
0.250998606405642, 0.22256557645414932
0.250998606405642, 0.22256557645414932
0.250998606405642, 0.22256557645414932
0.250998606405642, 0.22256557645414932
0.250998606405642, 0.22256557645414932
0.250998606405642, 0.22256557645414932
0.250998606405642, 0.22256557645414932
0.250998606405642, 0.22256557645414932
0.250998606405642, 0.22256557645414932
0.250998606405642, 0.22256557645414932
0.622726340251282, 0.1664855946906444
0.622726340251282, 0.1664855946906444
0.622726340251282, 0.1664855946906444
0.622726340251282, 0.1664855946906444
0.622726340251282, 0.1664855946906444
0.622726340251282, 0.1664855946906444
0.622726340251282, 0.1664855946906444
0.622726340251282, 0.1664855946906444
0.622726340251282, 0.1664855946906444
0.622726340251282, 0.1664855946906444
0.7600615882626232, 0.40317515664209247
0.7600615882626232, 0.40317515664209247
0.7600615882626232, 0.40317515664209247
0.7600615882626232, 0.40317515664209247
0.7600615882626232, 0.40317515664209247
0.7600615882626232, 0.40317515664209247
0.7600615882626232, 0.40317515664209247
0.7600615882626232, 0.40317515664209247
0.7600615882626232, 0.40317515664209247
0.7600615882626232, 0.40317515664209247
0.3289303310141066, 0.20946264945277338
0.3289303310141066, 0.20946264945277338
0.3289303310141066, 0.20946264945277338
0.3289303310141066, 0.20946264945277338
0.3289303310141066, 0.20946264945277338
0.3289303310141066, 0.20946264945277338
0.3289303310141066, 0.20946264945277338
0.3289303310141066, 0.20946264945277338
0.3289303310141066, 0.20946264945277338
0.3289303310141066, 0.20946264945277338
0.6411293542034188, 0.5602347524762843
0.6411293542034188, 0.5602347524762843
0.6411293542034188, 0.5602347524762843
0.6411293542034188, 0.5602347524762843
0.6411293542034188, 0.5602347524762843
0.6411293542034188, 0.5602347524762843
0.6411293542034188, 0.5602347524762843
0.6411293542034188, 0.5602347524762843
0.6411293542034188, 0.5602347524762843
0.6411293542034188, 0.5602347524762843
