0.1
0.5769117493897895, 0.24672999025086073
0.5636883336973171, 0.35644466280625675
0.11070302551749112, 0.4418738779735467
0.8752990748680922, 0.8402413951503751
0.5284802223136662, 0.5482167492019469
0.039835717888980327, 0.3004671747516301
0.05895278255230618, 0.6304315090157326
0.27116519046028664, 0.6375336303020802
0.2178415538364793, 0.3351650384611068
0.15467350400026347, 0.014229360270246905
0.7712655012472858, 0.03631826307357455
0.2251212050702499, 0.6582422032648692
0.9157097851182269, 0.8323755592656819
0.7647110417691854, 0.13052341031004988
0.9067848890837866, 0.1936876294897797
0.9760642557331296, 0.010752560583136894
0.23513733305785023, 0.5751462774813927
0.06277692404881363, 0.18276425799688056
0.4922714344501016, 0.12731932637279209
0.3281889560969351, 0.018940921894823104
0.21073168053771962, 0.8901876028401144
0.3837033348678248, 0.37743331853931417
0.4873062018137956, 0.892841381760853
0.523645982124681, 0.6721061306736779
0.15154701524346315, 0.528886561459702
0.48812297292393947, 0.6334657504080863
0.5689698710501322, 0.5252493849034549
0.5779580499159397, 0.8094305743541665
0.8757684809049427, 0.6416088846294262
0.35523258955056203, 0.38320700375777084
0.406865152311634, 0.12334866362133123
0.30086031463218965, 0.9320207367130918
0.13253554471741824, 0.0855408532492774
0.8558877724881357, 0.5506690399574884
0.3691804798841818, 0.29835094604191703
0.9699617955504647, 0.07483850610098675
0.6717686674514616, 0.19612448723494713
0.31352562278861706, 0.41665328121280965
0.539830972321736, 0.11742760581092782
0.7273693748814336, 0.8137786948973339
0.47103850968609595, 0.24856075760766516
0.0508321338490656, 0.9444009287461997
0.46802041487030055, 0.8350738173571368
0.34332734516096286, 0.6171579175894135
0.8659296687429613, 0.1966286449987693
0.8007682806749313, 0.892824001125338
0.5766761591033861, 0.048606911907534744
0.14679339947619008, 0.21509820808589197
0.6618374605306133, 0.12905841514585625
0.1121482208266299, 0.7580930834447
0.5649524870437632, 0.8977031152281779
0.7714812028145769, 0.944796190623965
0.3031068912790701, 0.6731886826441262
0.316548440808077, 0.19169512148662238
0.17342359323313394, 0.7916352416106992
0.7210071853155315, 0.6990012539469768
0.5630441100105067, 0.3386046354580349
0.42676194717262894, 0.9584243013403969
0.6656704026466209, 0.5695059933752732
0.030738462623763896, 0.3183870925738498
0.026562765688771917, 0.0220626017933383
0.3524290329517613, 0.13831522498991722
0.2620596377779002, 0.37834139623662777
0.33690987769535974, 0.19734087010244927
0.7916977089769934, 0.8180241640911015
0.48084961007621696, 0.9325819958705709
0.23230450743908881, 0.42456700221947075
0.185127990813853, 0.727202731595423
0.4778520944900294, 0.11471401767671185
0.9268429361066749, 0.5625984801358055
0.3795001754243028, 0.20146328271057456
0.9807744018470355, 0.7225555187919804
0.1789094123310171, 0.4209254643562439
0.4573518446012904, 0.9000228599261523
0.19223222968056664, 0.1746421919084714
0.891481033231029, 0.4013770073520867
0.15039008719735925, 0.9578960501496844
0.5636225249891799, 0.886701168210502
0.7428609676643377, 0.4240031372934405
0.27601239716255055, 0.9416270753959242
0.0019191835636912513, 0.3227569518338502
0.08394838814593353, 0.808200886667463
