1e-05
0.5115094657308342, 0.3938594293863972
0.5115094657308342, 0.3938594293863972
0.5115094657308342, 0.3938594293863972
0.5115094657308342, 0.3938594293863972
0.5115094657308342, 0.3938594293863972
0.5115094657308342, 0.3938594293863972
0.5115094657308342, 0.3938594293863972
0.5115094657308342, 0.3938594293863972
0.5115094657308342, 0.3938594293863972
0.5115094657308342, 0.3938594293863972
0.5207511812120402, 0.0843855593526589
0.5207511812120402, 0.0843855593526589
0.5207511812120402, 0.0843855593526589
0.5207511812120402, 0.0843855593526589
0.5207511812120402, 0.0843855593526589
0.5207511812120402, 0.0843855593526589
0.5207511812120402, 0.0843855593526589
0.5207511812120402, 0.0843855593526589
0.5207511812120402, 0.0843855593526589
0.5207511812120402, 0.0843855593526589
0.784425651074911, 0.5845552255083488
0.784425651074911, 0.5845552255083488
0.784425651074911, 0.5845552255083488
0.784425651074911, 0.5845552255083488
0.784425651074911, 0.5845552255083488
0.784425651074911, 0.5845552255083488
0.784425651074911, 0.5845552255083488
0.784425651074911, 0.5845552255083488
0.784425651074911, 0.5845552255083488
0.784425651074911, 0.5845552255083488
0.590480722442803, 0.14293548139069157
0.590480722442803, 0.14293548139069157
0.590480722442803, 0.14293548139069157
0.590480722442803, 0.14293548139069157
0.590480722442803, 0.14293548139069157
0.590480722442803, 0.14293548139069157
0.590480722442803, 0.14293548139069157
0.590480722442803, 0.14293548139069157
0.590480722442803, 0.14293548139069157
0.590480722442803, 0.14293548139069157
0.8423126559003848, 0.7683696589496875
0.8423126559003848, 0.7683696589496875
0.8423126559003848, 0.7683696589496875
0.8423126559003848, 0.7683696589496875
0.8423126559003848, 0.7683696589496875
0.8423126559003848, 0.7683696589496875
0.8423126559003848, 0.7683696589496875
0.8423126559003848, 0.7683696589496875
0.8423126559003848, 0.7683696589496875
0.8423126559003848, 0.7683696589496875
0.7996584116812875, 0.9973770652613902
0.7996584116812875, 0.9973770652613902
0.7996584116812875, 0.9973770652613902
0.7996584116812875, 0.9973770652613902
0.7996584116812875, 0.9973770652613902
0.7996584116812875, 0.9973770652613902
0.7996584116812875, 0.9973770652613902
0.7996584116812875, 0.9973770652613902
0.7996584116812875, 0.9973770652613902
0.7996584116812875, 0.9973770652613902
0.24319426906130626, 0.5731422864732733
0.24319426906130626, 0.5731422864732733
0.24319426906130626, 0.5731422864732733
0.24319426906130626, 0.5731422864732733
0.24319426906130626, 0.5731422864732733
0.24319426906130626, 0.5731422864732733
0.24319426906130626, 0.5731422864732733
0.24319426906130626, 0.5731422864732733
0.24319426906130626, 0.5731422864732733
0.24319426906130626, 0.5731422864732733
0.3490495603321643, 0.04999745923620302
0.3490495603321643, 0.04999745923620302
0.3490495603321643, 0.04999745923620302
0.3490495603321643, 0.04999745923620302
0.3490495603321643, 0.04999745923620302
0.3490495603321643, 0.04999745923620302
0.3490495603321643, 0.04999745923620302
0.3490495603321643, 0.04999745923620302
0.3490495603321643, 0.04999745923620302
0.3490495603321643, 0.04999745923620302
0.9460413838913972, 0.19375228483349505
0.9460413838913972, 0.19375228483349505
0.9460413838913972, 0.19375228483349505
0.9460413838913972, 0.19375228483349505
0.9460413838913972, 0.19375228483349505
0.9460413838913972, 0.19375228483349505
0.9460413838913972, 0.19375228483349505
0.9460413838913972, 0.19375228483349505
0.9460413838913972, 0.19375228483349505
0.9460413838913972, 0.19375228483349505
0.34189099566829384, 0.5827855068355793
0.34189099566829384, 0.5827855068355793
0.34189099566829384, 0.5827855068355793
0.34189099566829384, 0.5827855068355793
0.34189099566829384, 0.5827855068355793
0.34189099566829384, 0.5827855068355793
0.34189099566829384, 0.5827855068355793
0.34189099566829384, 0.5827855068355793
0.34189099566829384, 0.5827855068355793
0.34189099566829384, 0.5827855068355793
