0.1
0.08417944845082082, 0.37831413169506745
0.3206467336598171, 0.5264049150583114
0.8859676749713584, 0.5386222856823265
0.46347549922613807, 0.32315170495792833
0.6027598218596324, 0.16742760681879776
0.21046740460444102, 0.6227999661699722
0.6162689472967525, 0.21058587689304842
0.09169317898083862, 0.5430900445717026
0.023895386930059992, 0.9256677751903721
0.33464178353198804, 0.20046018763650608
0.6505408237498483, 0.3643854279323636
0.23326578141683119, 0.47329171318518837
0.4400742952954213, 0.49825996536923833
0.9761839986412636, 0.6054456275703894
0.31608750331086555, 0.8920371559401593
0.0922429876136629, 0.7895669951567998
0.7753483603162166, 0.4612277568365767
0.6086408035022043, 0.9424295654346795
0.12441809370684664, 0.09627787214690275
0.7000933926265577, 0.8326986428914367
0.2712674067431403, 0.152442622302992
0.5436574492901647, 0.01412089607463618
0.5147817649265451, 0.595748187905038
0.4841384872263331, 0.14824917141052274
0.816901256629882, 0.7290360781063907
0.02628623965934085, 0.8999833835999852
0.42887802287602605, 0.35671541225008396
0.0553435823402888, 0.07528110708975544
0.7182332696120467, 0.9361556062140356
0.28403629547040565, 0.8979382690417782
0.9487961615517964, 0.4809024466569606
0.5281762424803702, 0.22441948775199838
0.34841388715346355, 0.2458513128110431
0.5523402696240775, 0.14569309258425422
0.9172948377726239, 0.10294481606567762
0.10515887521943434, 0.4742105477502916
0.3029417004304328, 0.36577642466700966
0.5564331785874618, 0.1616872158848861
0.5186282060898871, 0.8478884992585849
0.7039087433717519, 0.03874732264372949
0.4830925586460926, 0.8675157819610428
0.07370724809172391, 0.3845303664134404
0.5448369193739792, 0.771114243103809
0.7994228565710505, 0.9309512720858976
0.27973190504963275, 0.7453150336773102
0.832925058840062, 0.5736279368038194
0.1892993026265397, 0.5698815777327304
0.34890952429955824, 0.05380627753781775
0.3296364990450802, 0.07372107936769756
0.15431990031877307, 0.4540322963009884
0.45106503178918167, 0.7147209606381677
0.606899609315163, 0.752351859265901
0.11150829961337771, 0.6555278962286307
0.45480265312002555, 0.5665432314862388
0.18282185079341018, 0.15478568374745605
0.3783907640269297, 0.04038514106543922
0.4819244463194686, 0.7960289170634686
0.7823972114576655, 0.6441595504702671
0.30142749843096983, 0.9900443299437043
0.9524866570828648, 0.3636522411796368
0.18568000475003354, 0.5203992211800343
0.5524605426037847, 0.3538665056667135
0.20178499877588207, 0.3299574380880922
0.6052738384996441, 0.641443273259981
0.541818126416328, 0.1388280486588025
0.06457268681545447, 0.9671676598504086
0.2795816254254019, 0.10630508197935329
0.17505444791063907, 0.041810915689335815
0.14937314931111678, 0.6605051084493645
0.4830618001867304, 0.35510108761326165
0.7613950516936641, 0.745482508516654
0.8352358464700226, 0.5088899264025134
0.16185432842058045, 0.0324663684010249
0.9479367058082703, 0.340568895532931
0.4032323018689572, 0.5547047861200142
0.08254916956909808, 0.06683444974850228
0.8310243682675132, 0.9770607671267538
0.4735092105520087, 0.8436975507388651
0.09084613640445138, 0.2621968544567925
0.8847843083864723, 0.9363579056788114
0.4758775272166639, 0.7622359655571134
0.3006746894040663, 0.4205623780877207
