1e-05
0.5766125941520153, 0.27959182667194826
0.5766125941520153, 0.27959182667194826
0.5766125941520153, 0.27959182667194826
0.5766125941520153, 0.27959182667194826
0.5766125941520153, 0.27959182667194826
0.5766125941520153, 0.27959182667194826
0.5766125941520153, 0.27959182667194826
0.5766125941520153, 0.27959182667194826
0.5766125941520153, 0.27959182667194826
0.5766125941520153, 0.27959182667194826
0.3339945686336223, 0.5431753316739437
0.3339945686336223, 0.5431753316739437
0.3339945686336223, 0.5431753316739437
0.3339945686336223, 0.5431753316739437
0.3339945686336223, 0.5431753316739437
0.3339945686336223, 0.5431753316739437
0.3339945686336223, 0.5431753316739437
0.3339945686336223, 0.5431753316739437
0.3339945686336223, 0.5431753316739437
0.3339945686336223, 0.5431753316739437
0.03708163954141741, 0.5368914974891966
0.03708163954141741, 0.5368914974891966
0.03708163954141741, 0.5368914974891966
0.03708163954141741, 0.5368914974891966
0.03708163954141741, 0.5368914974891966
0.03708163954141741, 0.5368914974891966
0.03708163954141741, 0.5368914974891966
0.03708163954141741, 0.5368914974891966
0.03708163954141741, 0.5368914974891966
0.03708163954141741, 0.5368914974891966
0.29777645623711324, 0.8852744812662345
0.29777645623711324, 0.8852744812662345
0.29777645623711324, 0.8852744812662345
0.29777645623711324, 0.8852744812662345
0.29777645623711324, 0.8852744812662345
0.29777645623711324, 0.8852744812662345
0.29777645623711324, 0.8852744812662345
0.29777645623711324, 0.8852744812662345
0.29777645623711324, 0.8852744812662345
0.29777645623711324, 0.8852744812662345
0.982476391668879, 0.4900558383038124
0.982476391668879, 0.4900558383038124
0.982476391668879, 0.4900558383038124
0.982476391668879, 0.4900558383038124
0.982476391668879, 0.4900558383038124
0.982476391668879, 0.4900558383038124
0.982476391668879, 0.4900558383038124
0.982476391668879, 0.4900558383038124
0.982476391668879, 0.4900558383038124
0.982476391668879, 0.4900558383038124
0.8604555505950805, 0.5478689538789365
0.8604555505950805, 0.5478689538789365
0.8604555505950805, 0.5478689538789365
0.8604555505950805, 0.5478689538789365
0.8604555505950805, 0.5478689538789365
0.8604555505950805, 0.5478689538789365
0.8604555505950805, 0.5478689538789365
0.8604555505950805, 0.5478689538789365
0.8604555505950805, 0.5478689538789365
0.8604555505950805, 0.5478689538789365
0.2456981435331026, 0.8828324926437132
0.2456981435331026, 0.8828324926437132
0.2456981435331026, 0.8828324926437132
0.2456981435331026, 0.8828324926437132
0.2456981435331026, 0.8828324926437132
0.2456981435331026, 0.8828324926437132
0.2456981435331026, 0.8828324926437132
0.2456981435331026, 0.8828324926437132
0.2456981435331026, 0.8828324926437132
0.2456981435331026, 0.8828324926437132
0.045525655492468786, 0.8836311620402909
0.045525655492468786, 0.8836311620402909
0.045525655492468786, 0.8836311620402909
0.045525655492468786, 0.8836311620402909
0.045525655492468786, 0.8836311620402909
0.045525655492468786, 0.8836311620402909
0.045525655492468786, 0.8836311620402909
0.045525655492468786, 0.8836311620402909
0.045525655492468786, 0.8836311620402909
0.045525655492468786, 0.8836311620402909
0.2636208822269116, 0.5794786168582704
0.2636208822269116, 0.5794786168582704
0.2636208822269116, 0.5794786168582704
0.2636208822269116, 0.5794786168582704
0.2636208822269116, 0.5794786168582704
0.2636208822269116, 0.5794786168582704
0.2636208822269116, 0.5794786168582704
0.2636208822269116, 0.5794786168582704
0.2636208822269116, 0.5794786168582704
0.2636208822269116, 0.5794786168582704
0.39399948840106236, 0.061114133369336465
0.39399948840106236, 0.061114133369336465
0.39399948840106236, 0.061114133369336465
0.39399948840106236, 0.061114133369336465
0.39399948840106236, 0.061114133369336465
0.39399948840106236, 0.061114133369336465
0.39399948840106236, 0.061114133369336465
0.39399948840106236, 0.061114133369336465
0.39399948840106236, 0.061114133369336465
0.39399948840106236, 0.061114133369336465
