0.1
0.28837732723986975, 0.46509186730373375
0.3427703879422499, 0.1359473367947901
0.15305809275774873, 0.9859371305063648
0.5703429703002834, 0.9635945995294335
0.03534050757127094, 0.802193876545292
0.03047290101147193, 0.5986842267233707
0.22792626775674618, 0.052687615298993906
0.7089273290956881, 0.9461374155408022
0.24128291934367585, 0.9098030660746851
0.18523473472358698, 0.6270474704900648
0.20751421508603496, 0.8770195654931158
0.41726599623602145, 0.18837421752421046
0.24621885022608747, 0.4213956801206499
0.5706033657707357, 0.5466207649020205
0.6962043391171666, 0.9897663411280224
0.8027911875998905, 0.8448741322494583
0.12811252220180624, 0.5863167905333606
0.41576929903530724, 0.20151257776680198
0.4291646053579422, 0.06335084394527934
0.767567231320087, 0.8937463561650372
0.830623178252022, 0.11006725526773353
0.6641436305691824, 0.3468356285817674
0.7720144314788928, 0.42387839019260254
0.37149334605938866, 0.1908863505963745
0.2710490289365729, 0.010980889032722874
0.8883169614583369, 0.8213047931189873
0.1389992014382978, 0.5259515699988069
0.9910479734705567, 0.5925783805643773
0.5607982963447609, 0.49698456927526424
0.44759071598939804, 0.9181439953389583
0.33099660624565197, 0.14138539553486873
0.06616343231599808, 0.3714394816721527
0.4415240131736765, 0.4566921056835649
0.3319912704979364, 0.2478675464041563
0.5199889381006466, 0.2088468287273837
0.7238224951408644, 0.17993394178085065
0.7437830747320459, 0.7011998186414121
0.36485049281760507, 0.695580466349235
0.5373702722945534, 0.271531699627113
0.8651068082524142, 0.9523500492208402
0.3714052678425237, 0.17763751377270454
0.39666778557319593, 0.926532174850134
0.17379476656138126, 0.877137758457415
0.9351510283980548, 0.837153527686864
0.6906211389049046, 0.9885060097426696
0.37378780508362197, 0.6494590846625005
0.8378077617782945, 0.20155046675826993
0.4121150808693035, 0.6148203813556758
0.8744640326501513, 0.5716272562287802
0.6209757471945389, 0.5520830540327809
0.6900111273613061, 0.44124123669795223
0.394211219984129, 0.42944691053977746
0.23622776949589153, 0.7629805853846107
0.4114993850042237, 0.8314072495370968
0.2729269626552955, 0.8414679242968373
0.5279977031994303, 0.32953890530644603
0.6511054104743234, 0.5011403767741743
0.9329016097620446, 0.2825570089452675
0.9222513280219676, 0.7914477411411475
0.8838534822404829, 0.5066509572144274
0.5566651191092133, 0.6769076809076072
0.13772554103200574, 0.1638244613317157
0.7940078375752149, 0.45664433697338636
0.19805405631024253, 0.7069023988072358
0.16136306701044412, 0.9817027467161527
0.817144258492854, 0.2061934422500934
0.1942449895768057, 0.2969680288322102
0.8543441820592443, 0.7831907015610398
0.45316645162376445, 0.6753674053780925
0.6239782102749549, 0.96076522636792
0.12388630224142272, 0.2186243018397196
0.8153388955763191, 0.4679053391866336
0.5509136403679687, 0.9369775378729924
0.19517475891732206, 0.15156322090507257
0.8482769412193195, 0.9475159861732103
0.4317846642330796, 0.525859010840981
0.6420810923226297, 0.24090141644980456
0.7390932803304834, 0.9843844564311066
0.9037500354252954, 0.4342552634951381
0.6734554078093291, 0.2075282686769263
0.5952497713968193, 0.306931480691364
0.8514434464272779, 0.21646529008469861
