1e-05
0.34736492150381837, 0.6276425598635288
0.34736492150381837, 0.6276425598635288
0.34736492150381837, 0.6276425598635288
0.34736492150381837, 0.6276425598635288
0.34736492150381837, 0.6276425598635288
0.34736492150381837, 0.6276425598635288
0.34736492150381837, 0.6276425598635288
0.34736492150381837, 0.6276425598635288
0.34736492150381837, 0.6276425598635288
0.34736492150381837, 0.6276425598635288
0.95863996578685, 0.5512819050375695
0.95863996578685, 0.5512819050375695
0.95863996578685, 0.5512819050375695
0.95863996578685, 0.5512819050375695
0.95863996578685, 0.5512819050375695
0.95863996578685, 0.5512819050375695
0.95863996578685, 0.5512819050375695
0.95863996578685, 0.5512819050375695
0.95863996578685, 0.5512819050375695
0.95863996578685, 0.5512819050375695
0.9137161422103788, 0.7591181318214023
0.9137161422103788, 0.7591181318214023
0.9137161422103788, 0.7591181318214023
0.9137161422103788, 0.7591181318214023
0.9137161422103788, 0.7591181318214023
0.9137161422103788, 0.7591181318214023
0.9137161422103788, 0.7591181318214023
0.9137161422103788, 0.7591181318214023
0.9137161422103788, 0.7591181318214023
0.9137161422103788, 0.7591181318214023
0.04010826199794848, 0.5726238773985067
0.04010826199794848, 0.5726238773985067
0.04010826199794848, 0.5726238773985067
0.04010826199794848, 0.5726238773985067
0.04010826199794848, 0.5726238773985067
0.04010826199794848, 0.5726238773985067
0.04010826199794848, 0.5726238773985067
0.04010826199794848, 0.5726238773985067
0.04010826199794848, 0.5726238773985067
0.04010826199794848, 0.5726238773985067
0.5660521622351008, 0.22658375916282436
0.5660521622351008, 0.22658375916282436
0.5660521622351008, 0.22658375916282436
0.5660521622351008, 0.22658375916282436
0.5660521622351008, 0.22658375916282436
0.5660521622351008, 0.22658375916282436
0.5660521622351008, 0.22658375916282436
0.5660521622351008, 0.22658375916282436
0.5660521622351008, 0.22658375916282436
0.5660521622351008, 0.22658375916282436
0.3464081751468201, 0.7053542150710267
0.3464081751468201, 0.7053542150710267
0.3464081751468201, 0.7053542150710267
0.3464081751468201, 0.7053542150710267
0.3464081751468201, 0.7053542150710267
0.3464081751468201, 0.7053542150710267
0.3464081751468201, 0.7053542150710267
0.3464081751468201, 0.7053542150710267
0.3464081751468201, 0.7053542150710267
0.3464081751468201, 0.7053542150710267
0.09992062481342212, 0.31970639733762185
0.09992062481342212, 0.31970639733762185
0.09992062481342212, 0.31970639733762185
0.09992062481342212, 0.31970639733762185
0.09992062481342212, 0.31970639733762185
0.09992062481342212, 0.31970639733762185
0.09992062481342212, 0.31970639733762185
0.09992062481342212, 0.31970639733762185
0.09992062481342212, 0.31970639733762185
0.09992062481342212, 0.31970639733762185
0.8442225627081853, 0.1436984044115457
0.8442225627081853, 0.1436984044115457
0.8442225627081853, 0.1436984044115457
0.8442225627081853, 0.1436984044115457
0.8442225627081853, 0.1436984044115457
0.8442225627081853, 0.1436984044115457
0.8442225627081853, 0.1436984044115457
0.8442225627081853, 0.1436984044115457
0.8442225627081853, 0.1436984044115457
0.8442225627081853, 0.1436984044115457
0.8437219248493892, 0.7446879456221117
0.8437219248493892, 0.7446879456221117
0.8437219248493892, 0.7446879456221117
0.8437219248493892, 0.7446879456221117
0.8437219248493892, 0.7446879456221117
0.8437219248493892, 0.7446879456221117
0.8437219248493892, 0.7446879456221117
0.8437219248493892, 0.7446879456221117
0.8437219248493892, 0.7446879456221117
0.8437219248493892, 0.7446879456221117
0.03507592824484984, 0.7416899364746397
0.03507592824484984, 0.7416899364746397
0.03507592824484984, 0.7416899364746397
0.03507592824484984, 0.7416899364746397
0.03507592824484984, 0.7416899364746397
0.03507592824484984, 0.7416899364746397
0.03507592824484984, 0.7416899364746397
0.03507592824484984, 0.7416899364746397
0.03507592824484984, 0.7416899364746397
0.03507592824484984, 0.7416899364746397
