1e-05
0.040808402368053276, 0.16574898274800964
0.040808402368053276, 0.16574898274800964
0.040808402368053276, 0.16574898274800964
0.040808402368053276, 0.16574898274800964
0.040808402368053276, 0.16574898274800964
0.040808402368053276, 0.16574898274800964
0.040808402368053276, 0.16574898274800964
0.040808402368053276, 0.16574898274800964
0.040808402368053276, 0.16574898274800964
0.040808402368053276, 0.16574898274800964
0.4685377493556969, 0.5993492799980378
0.4685377493556969, 0.5993492799980378
0.4685377493556969, 0.5993492799980378
0.4685377493556969, 0.5993492799980378
0.4685377493556969, 0.5993492799980378
0.4685377493556969, 0.5993492799980378
0.4685377493556969, 0.5993492799980378
0.4685377493556969, 0.5993492799980378
0.4685377493556969, 0.5993492799980378
0.4685377493556969, 0.5993492799980378
0.7945945133797999, 0.9891760421416642
0.7945945133797999, 0.9891760421416642
0.7945945133797999, 0.9891760421416642
0.7945945133797999, 0.9891760421416642
0.7945945133797999, 0.9891760421416642
0.7945945133797999, 0.9891760421416642
0.7945945133797999, 0.9891760421416642
0.7945945133797999, 0.9891760421416642
0.7945945133797999, 0.9891760421416642
0.7945945133797999, 0.9891760421416642
0.46956869068237495, 0.43455637787757506
0.46956869068237495, 0.43455637787757506
0.46956869068237495, 0.43455637787757506
0.46956869068237495, 0.43455637787757506
0.46956869068237495, 0.43455637787757506
0.46956869068237495, 0.43455637787757506
0.46956869068237495, 0.43455637787757506
0.46956869068237495, 0.43455637787757506
0.46956869068237495, 0.43455637787757506
0.46956869068237495, 0.43455637787757506
0.8795747879611386, 0.5093012285767378
0.8795747879611386, 0.5093012285767378
0.8795747879611386, 0.5093012285767378
0.8795747879611386, 0.5093012285767378
0.8795747879611386, 0.5093012285767378
0.8795747879611386, 0.5093012285767378
0.8795747879611386, 0.5093012285767378
0.8795747879611386, 0.5093012285767378
0.8795747879611386, 0.5093012285767378
0.8795747879611386, 0.5093012285767378
0.5346104745282916, 0.4130127464047678
0.5346104745282916, 0.4130127464047678
0.5346104745282916, 0.4130127464047678
0.5346104745282916, 0.4130127464047678
0.5346104745282916, 0.4130127464047678
0.5346104745282916, 0.4130127464047678
0.5346104745282916, 0.4130127464047678
0.5346104745282916, 0.4130127464047678
0.5346104745282916, 0.4130127464047678
0.5346104745282916, 0.4130127464047678
0.7253364381948408, 0.508389795203297
0.7253364381948408, 0.508389795203297
0.7253364381948408, 0.508389795203297
0.7253364381948408, 0.508389795203297
0.7253364381948408, 0.508389795203297
0.7253364381948408, 0.508389795203297
0.7253364381948408, 0.508389795203297
0.7253364381948408, 0.508389795203297
0.7253364381948408, 0.508389795203297
0.7253364381948408, 0.508389795203297
0.9880611910494542, 0.8387303448885463
0.9880611910494542, 0.8387303448885463
0.9880611910494542, 0.8387303448885463
0.9880611910494542, 0.8387303448885463
0.9880611910494542, 0.8387303448885463
0.9880611910494542, 0.8387303448885463
0.9880611910494542, 0.8387303448885463
0.9880611910494542, 0.8387303448885463
0.9880611910494542, 0.8387303448885463
0.9880611910494542, 0.8387303448885463
0.8821055563569705, 0.612096069584865
0.8821055563569705, 0.612096069584865
0.8821055563569705, 0.612096069584865
0.8821055563569705, 0.612096069584865
0.8821055563569705, 0.612096069584865
0.8821055563569705, 0.612096069584865
0.8821055563569705, 0.612096069584865
0.8821055563569705, 0.612096069584865
0.8821055563569705, 0.612096069584865
0.8821055563569705, 0.612096069584865
0.051727938081477465, 0.3979370048834635
0.051727938081477465, 0.3979370048834635
0.051727938081477465, 0.3979370048834635
0.051727938081477465, 0.3979370048834635
0.051727938081477465, 0.3979370048834635
0.051727938081477465, 0.3979370048834635
0.051727938081477465, 0.3979370048834635
0.051727938081477465, 0.3979370048834635
0.051727938081477465, 0.3979370048834635
0.051727938081477465, 0.3979370048834635
