1e-05
0.9154934837751612, 0.6958620175981639
0.9154934837751612, 0.6958620175981639
0.9154934837751612, 0.6958620175981639
0.9154934837751612, 0.6958620175981639
0.9154934837751612, 0.6958620175981639
0.9154934837751612, 0.6958620175981639
0.9154934837751612, 0.6958620175981639
0.9154934837751612, 0.6958620175981639
0.9154934837751612, 0.6958620175981639
0.9154934837751612, 0.6958620175981639
0.8253643076213142, 0.5068220490683295
0.8253643076213142, 0.5068220490683295
0.8253643076213142, 0.5068220490683295
0.8253643076213142, 0.5068220490683295
0.8253643076213142, 0.5068220490683295
0.8253643076213142, 0.5068220490683295
0.8253643076213142, 0.5068220490683295
0.8253643076213142, 0.5068220490683295
0.8253643076213142, 0.5068220490683295
0.8253643076213142, 0.5068220490683295
0.03445058660023337, 0.838480558685766
0.03445058660023337, 0.838480558685766
0.03445058660023337, 0.838480558685766
0.03445058660023337, 0.838480558685766
0.03445058660023337, 0.838480558685766
0.03445058660023337, 0.838480558685766
0.03445058660023337, 0.838480558685766
0.03445058660023337, 0.838480558685766
0.03445058660023337, 0.838480558685766
0.03445058660023337, 0.838480558685766
0.4626912001628749, 0.5259307448553441
0.4626912001628749, 0.5259307448553441
0.4626912001628749, 0.5259307448553441
0.4626912001628749, 0.5259307448553441
0.4626912001628749, 0.5259307448553441
0.4626912001628749, 0.5259307448553441
0.4626912001628749, 0.5259307448553441
0.4626912001628749, 0.5259307448553441
0.4626912001628749, 0.5259307448553441
0.4626912001628749, 0.5259307448553441
0.6300360133871926, 0.835317323862953
0.6300360133871926, 0.835317323862953
0.6300360133871926, 0.835317323862953
0.6300360133871926, 0.835317323862953
0.6300360133871926, 0.835317323862953
0.6300360133871926, 0.835317323862953
0.6300360133871926, 0.835317323862953
0.6300360133871926, 0.835317323862953
0.6300360133871926, 0.835317323862953
0.6300360133871926, 0.835317323862953
0.27058578138106304, 0.3704841772349047
0.27058578138106304, 0.3704841772349047
0.27058578138106304, 0.3704841772349047
0.27058578138106304, 0.3704841772349047
0.27058578138106304, 0.3704841772349047
0.27058578138106304, 0.3704841772349047
0.27058578138106304, 0.3704841772349047
0.27058578138106304, 0.3704841772349047
0.27058578138106304, 0.3704841772349047
0.27058578138106304, 0.3704841772349047
0.5161050116073057, 0.552957886560845
0.5161050116073057, 0.552957886560845
0.5161050116073057, 0.552957886560845
0.5161050116073057, 0.552957886560845
0.5161050116073057, 0.552957886560845
0.5161050116073057, 0.552957886560845
0.5161050116073057, 0.552957886560845
0.5161050116073057, 0.552957886560845
0.5161050116073057, 0.552957886560845
0.5161050116073057, 0.552957886560845
0.44420649844837745, 0.5201498544501363
0.44420649844837745, 0.5201498544501363
0.44420649844837745, 0.5201498544501363
0.44420649844837745, 0.5201498544501363
0.44420649844837745, 0.5201498544501363
0.44420649844837745, 0.5201498544501363
0.44420649844837745, 0.5201498544501363
0.44420649844837745, 0.5201498544501363
0.44420649844837745, 0.5201498544501363
0.44420649844837745, 0.5201498544501363
0.944429998900781, 0.5147729701506215
0.944429998900781, 0.5147729701506215
0.944429998900781, 0.5147729701506215
0.944429998900781, 0.5147729701506215
0.944429998900781, 0.5147729701506215
0.944429998900781, 0.5147729701506215
0.944429998900781, 0.5147729701506215
0.944429998900781, 0.5147729701506215
0.944429998900781, 0.5147729701506215
0.944429998900781, 0.5147729701506215
0.6199624795938553, 0.1528579078363529
0.6199624795938553, 0.1528579078363529
0.6199624795938553, 0.1528579078363529
0.6199624795938553, 0.1528579078363529
0.6199624795938553, 0.1528579078363529
0.6199624795938553, 0.1528579078363529
0.6199624795938553, 0.1528579078363529
0.6199624795938553, 0.1528579078363529
0.6199624795938553, 0.1528579078363529
0.6199624795938553, 0.1528579078363529
