1e-05
0.26932398030364235, 0.9893131352320764
0.26932398030364235, 0.9893131352320764
0.26932398030364235, 0.9893131352320764
0.26932398030364235, 0.9893131352320764
0.26932398030364235, 0.9893131352320764
0.26932398030364235, 0.9893131352320764
0.26932398030364235, 0.9893131352320764
0.26932398030364235, 0.9893131352320764
0.26932398030364235, 0.9893131352320764
0.26932398030364235, 0.9893131352320764
0.20423499842821213, 0.5536128143234855
0.20423499842821213, 0.5536128143234855
0.20423499842821213, 0.5536128143234855
0.20423499842821213, 0.5536128143234855
0.20423499842821213, 0.5536128143234855
0.20423499842821213, 0.5536128143234855
0.20423499842821213, 0.5536128143234855
0.20423499842821213, 0.5536128143234855
0.20423499842821213, 0.5536128143234855
0.20423499842821213, 0.5536128143234855
0.6189427889600657, 0.6553646276192697
0.6189427889600657, 0.6553646276192697
0.6189427889600657, 0.6553646276192697
0.6189427889600657, 0.6553646276192697
0.6189427889600657, 0.6553646276192697
0.6189427889600657, 0.6553646276192697
0.6189427889600657, 0.6553646276192697
0.6189427889600657, 0.6553646276192697
0.6189427889600657, 0.6553646276192697
0.6189427889600657, 0.6553646276192697
0.1977370697600902, 0.9730527740630301
0.1977370697600902, 0.9730527740630301
0.1977370697600902, 0.9730527740630301
0.1977370697600902, 0.9730527740630301
0.1977370697600902, 0.9730527740630301
0.1977370697600902, 0.9730527740630301
0.1977370697600902, 0.9730527740630301
0.1977370697600902, 0.9730527740630301
0.1977370697600902, 0.9730527740630301
0.1977370697600902, 0.9730527740630301
0.4436451374422564, 0.09041626249505885
0.4436451374422564, 0.09041626249505885
0.4436451374422564, 0.09041626249505885
0.4436451374422564, 0.09041626249505885
0.4436451374422564, 0.09041626249505885
0.4436451374422564, 0.09041626249505885
0.4436451374422564, 0.09041626249505885
0.4436451374422564, 0.09041626249505885
0.4436451374422564, 0.09041626249505885
0.4436451374422564, 0.09041626249505885
0.9001890406378842, 0.662984839030681
0.9001890406378842, 0.662984839030681
0.9001890406378842, 0.662984839030681
0.9001890406378842, 0.662984839030681
0.9001890406378842, 0.662984839030681
0.9001890406378842, 0.662984839030681
0.9001890406378842, 0.662984839030681
0.9001890406378842, 0.662984839030681
0.9001890406378842, 0.662984839030681
0.9001890406378842, 0.662984839030681
0.8843058148803997, 0.7565459087658577
0.8843058148803997, 0.7565459087658577
0.8843058148803997, 0.7565459087658577
0.8843058148803997, 0.7565459087658577
0.8843058148803997, 0.7565459087658577
0.8843058148803997, 0.7565459087658577
0.8843058148803997, 0.7565459087658577
0.8843058148803997, 0.7565459087658577
0.8843058148803997, 0.7565459087658577
0.8843058148803997, 0.7565459087658577
0.7268491858458255, 0.45725421860920024
0.7268491858458255, 0.45725421860920024
0.7268491858458255, 0.45725421860920024
0.7268491858458255, 0.45725421860920024
0.7268491858458255, 0.45725421860920024
0.7268491858458255, 0.45725421860920024
0.7268491858458255, 0.45725421860920024
0.7268491858458255, 0.45725421860920024
0.7268491858458255, 0.45725421860920024
0.7268491858458255, 0.45725421860920024
0.45110225923801817, 0.20469213023016075
0.45110225923801817, 0.20469213023016075
0.45110225923801817, 0.20469213023016075
0.45110225923801817, 0.20469213023016075
0.45110225923801817, 0.20469213023016075
0.45110225923801817, 0.20469213023016075
0.45110225923801817, 0.20469213023016075
0.45110225923801817, 0.20469213023016075
0.45110225923801817, 0.20469213023016075
0.45110225923801817, 0.20469213023016075
0.3188710016270576, 0.10546175240246947
0.3188710016270576, 0.10546175240246947
0.3188710016270576, 0.10546175240246947
0.3188710016270576, 0.10546175240246947
0.3188710016270576, 0.10546175240246947
0.3188710016270576, 0.10546175240246947
0.3188710016270576, 0.10546175240246947
0.3188710016270576, 0.10546175240246947
0.3188710016270576, 0.10546175240246947
0.3188710016270576, 0.10546175240246947
