1e-05
0.947073081221704, 0.4610948050709096
0.947073081221704, 0.4610948050709096
0.947073081221704, 0.4610948050709096
0.947073081221704, 0.4610948050709096
0.947073081221704, 0.4610948050709096
0.947073081221704, 0.4610948050709096
0.947073081221704, 0.4610948050709096
0.947073081221704, 0.4610948050709096
0.947073081221704, 0.4610948050709096
0.947073081221704, 0.4610948050709096
0.35813300331508613, 0.8396198356732111
0.35813300331508613, 0.8396198356732111
0.35813300331508613, 0.8396198356732111
0.35813300331508613, 0.8396198356732111
0.35813300331508613, 0.8396198356732111
0.35813300331508613, 0.8396198356732111
0.35813300331508613, 0.8396198356732111
0.35813300331508613, 0.8396198356732111
0.35813300331508613, 0.8396198356732111
0.35813300331508613, 0.8396198356732111
0.687965883529726, 0.10339536543152406
0.687965883529726, 0.10339536543152406
0.687965883529726, 0.10339536543152406
0.687965883529726, 0.10339536543152406
0.687965883529726, 0.10339536543152406
0.687965883529726, 0.10339536543152406
0.687965883529726, 0.10339536543152406
0.687965883529726, 0.10339536543152406
0.687965883529726, 0.10339536543152406
0.687965883529726, 0.10339536543152406
0.5068539727992141, 0.20216882377909606
0.5068539727992141, 0.20216882377909606
0.5068539727992141, 0.20216882377909606
0.5068539727992141, 0.20216882377909606
0.5068539727992141, 0.20216882377909606
0.5068539727992141, 0.20216882377909606
0.5068539727992141, 0.20216882377909606
0.5068539727992141, 0.20216882377909606
0.5068539727992141, 0.20216882377909606
0.5068539727992141, 0.20216882377909606
0.4472632843696527, 0.41103433738131856
0.4472632843696527, 0.41103433738131856
0.4472632843696527, 0.41103433738131856
0.4472632843696527, 0.41103433738131856
0.4472632843696527, 0.41103433738131856
0.4472632843696527, 0.41103433738131856
0.4472632843696527, 0.41103433738131856
0.4472632843696527, 0.41103433738131856
0.4472632843696527, 0.41103433738131856
0.4472632843696527, 0.41103433738131856
0.6299378498721246, 0.9774502630435489
0.6299378498721246, 0.9774502630435489
0.6299378498721246, 0.9774502630435489
0.6299378498721246, 0.9774502630435489
0.6299378498721246, 0.9774502630435489
0.6299378498721246, 0.9774502630435489
0.6299378498721246, 0.9774502630435489
0.6299378498721246, 0.9774502630435489
0.6299378498721246, 0.9774502630435489
0.6299378498721246, 0.9774502630435489
0.9126564452934366, 0.5632036408331156
0.9126564452934366, 0.5632036408331156
0.9126564452934366, 0.5632036408331156
0.9126564452934366, 0.5632036408331156
0.9126564452934366, 0.5632036408331156
0.9126564452934366, 0.5632036408331156
0.9126564452934366, 0.5632036408331156
0.9126564452934366, 0.5632036408331156
0.9126564452934366, 0.5632036408331156
0.9126564452934366, 0.5632036408331156
0.21344776083953776, 0.47274825574344603
0.21344776083953776, 0.47274825574344603
0.21344776083953776, 0.47274825574344603
0.21344776083953776, 0.47274825574344603
0.21344776083953776, 0.47274825574344603
0.21344776083953776, 0.47274825574344603
0.21344776083953776, 0.47274825574344603
0.21344776083953776, 0.47274825574344603
0.21344776083953776, 0.47274825574344603
0.21344776083953776, 0.47274825574344603
0.4992291387947497, 0.9287795302905653
0.4992291387947497, 0.9287795302905653
0.4992291387947497, 0.9287795302905653
0.4992291387947497, 0.9287795302905653
0.4992291387947497, 0.9287795302905653
0.4992291387947497, 0.9287795302905653
0.4992291387947497, 0.9287795302905653
0.4992291387947497, 0.9287795302905653
0.4992291387947497, 0.9287795302905653
0.4992291387947497, 0.9287795302905653
0.20497304733110744, 0.4782446271221965
0.20497304733110744, 0.4782446271221965
0.20497304733110744, 0.4782446271221965
0.20497304733110744, 0.4782446271221965
0.20497304733110744, 0.4782446271221965
0.20497304733110744, 0.4782446271221965
0.20497304733110744, 0.4782446271221965
0.20497304733110744, 0.4782446271221965
0.20497304733110744, 0.4782446271221965
0.20497304733110744, 0.4782446271221965
