1e-05
0.7088462501105792, 0.18865182677499215
0.7088462501105792, 0.18865182677499215
0.7088462501105792, 0.18865182677499215
0.7088462501105792, 0.18865182677499215
0.7088462501105792, 0.18865182677499215
0.7088462501105792, 0.18865182677499215
0.7088462501105792, 0.18865182677499215
0.7088462501105792, 0.18865182677499215
0.7088462501105792, 0.18865182677499215
0.7088462501105792, 0.18865182677499215
0.00745105745280239, 0.026682842060304246
0.00745105745280239, 0.026682842060304246
0.00745105745280239, 0.026682842060304246
0.00745105745280239, 0.026682842060304246
0.00745105745280239, 0.026682842060304246
0.00745105745280239, 0.026682842060304246
0.00745105745280239, 0.026682842060304246
0.00745105745280239, 0.026682842060304246
0.00745105745280239, 0.026682842060304246
0.00745105745280239, 0.026682842060304246
0.5229282656758304, 0.9453411018390405
0.5229282656758304, 0.9453411018390405
0.5229282656758304, 0.9453411018390405
0.5229282656758304, 0.9453411018390405
0.5229282656758304, 0.9453411018390405
0.5229282656758304, 0.9453411018390405
0.5229282656758304, 0.9453411018390405
0.5229282656758304, 0.9453411018390405
0.5229282656758304, 0.9453411018390405
0.5229282656758304, 0.9453411018390405
0.12216218962424796, 0.9377782354485437
0.12216218962424796, 0.9377782354485437
0.12216218962424796, 0.9377782354485437
0.12216218962424796, 0.9377782354485437
0.12216218962424796, 0.9377782354485437
0.12216218962424796, 0.9377782354485437
0.12216218962424796, 0.9377782354485437
0.12216218962424796, 0.9377782354485437
0.12216218962424796, 0.9377782354485437
0.12216218962424796, 0.9377782354485437
0.22618337361355478, 0.8632405951392766
0.22618337361355478, 0.8632405951392766
0.22618337361355478, 0.8632405951392766
0.22618337361355478, 0.8632405951392766
0.22618337361355478, 0.8632405951392766
0.22618337361355478, 0.8632405951392766
0.22618337361355478, 0.8632405951392766
0.22618337361355478, 0.8632405951392766
0.22618337361355478, 0.8632405951392766
0.22618337361355478, 0.8632405951392766
0.0006534987982638185, 0.16368286171998403
0.0006534987982638185, 0.16368286171998403
0.0006534987982638185, 0.16368286171998403
0.0006534987982638185, 0.16368286171998403
0.0006534987982638185, 0.16368286171998403
0.0006534987982638185, 0.16368286171998403
0.0006534987982638185, 0.16368286171998403
0.0006534987982638185, 0.16368286171998403
0.0006534987982638185, 0.16368286171998403
0.0006534987982638185, 0.16368286171998403
0.02336481888454034, 0.03260776131671561
0.02336481888454034, 0.03260776131671561
0.02336481888454034, 0.03260776131671561
0.02336481888454034, 0.03260776131671561
0.02336481888454034, 0.03260776131671561
0.02336481888454034, 0.03260776131671561
0.02336481888454034, 0.03260776131671561
0.02336481888454034, 0.03260776131671561
0.02336481888454034, 0.03260776131671561
0.02336481888454034, 0.03260776131671561
0.2122218306469955, 0.607369898975015
0.2122218306469955, 0.607369898975015
0.2122218306469955, 0.607369898975015
0.2122218306469955, 0.607369898975015
0.2122218306469955, 0.607369898975015
0.2122218306469955, 0.607369898975015
0.2122218306469955, 0.607369898975015
0.2122218306469955, 0.607369898975015
0.2122218306469955, 0.607369898975015
0.2122218306469955, 0.607369898975015
0.10335123189195894, 0.4276941652162587
0.10335123189195894, 0.4276941652162587
0.10335123189195894, 0.4276941652162587
0.10335123189195894, 0.4276941652162587
0.10335123189195894, 0.4276941652162587
0.10335123189195894, 0.4276941652162587
0.10335123189195894, 0.4276941652162587
0.10335123189195894, 0.4276941652162587
0.10335123189195894, 0.4276941652162587
0.10335123189195894, 0.4276941652162587
0.6638067088732176, 0.888271618719762
0.6638067088732176, 0.888271618719762
0.6638067088732176, 0.888271618719762
0.6638067088732176, 0.888271618719762
0.6638067088732176, 0.888271618719762
0.6638067088732176, 0.888271618719762
0.6638067088732176, 0.888271618719762
0.6638067088732176, 0.888271618719762
0.6638067088732176, 0.888271618719762
0.6638067088732176, 0.888271618719762
