1e-05
0.5366964794596676, 0.15703295187316746
0.5366964794596676, 0.15703295187316746
0.5366964794596676, 0.15703295187316746
0.5366964794596676, 0.15703295187316746
0.5366964794596676, 0.15703295187316746
0.5366964794596676, 0.15703295187316746
0.5366964794596676, 0.15703295187316746
0.5366964794596676, 0.15703295187316746
0.5366964794596676, 0.15703295187316746
0.5366964794596676, 0.15703295187316746
0.3346205112659021, 0.7867897750989481
0.3346205112659021, 0.7867897750989481
0.3346205112659021, 0.7867897750989481
0.3346205112659021, 0.7867897750989481
0.3346205112659021, 0.7867897750989481
0.3346205112659021, 0.7867897750989481
0.3346205112659021, 0.7867897750989481
0.3346205112659021, 0.7867897750989481
0.3346205112659021, 0.7867897750989481
0.3346205112659021, 0.7867897750989481
0.18455476801151305, 0.8171456964035172
0.18455476801151305, 0.8171456964035172
0.18455476801151305, 0.8171456964035172
0.18455476801151305, 0.8171456964035172
0.18455476801151305, 0.8171456964035172
0.18455476801151305, 0.8171456964035172
0.18455476801151305, 0.8171456964035172
0.18455476801151305, 0.8171456964035172
0.18455476801151305, 0.8171456964035172
0.18455476801151305, 0.8171456964035172
0.7228480604783739, 0.1566823960409407
0.7228480604783739, 0.1566823960409407
0.7228480604783739, 0.1566823960409407
0.7228480604783739, 0.1566823960409407
0.7228480604783739, 0.1566823960409407
0.7228480604783739, 0.1566823960409407
0.7228480604783739, 0.1566823960409407
0.7228480604783739, 0.1566823960409407
0.7228480604783739, 0.1566823960409407
0.7228480604783739, 0.1566823960409407
0.1994690213505469, 0.6112066269228796
0.1994690213505469, 0.6112066269228796
0.1994690213505469, 0.6112066269228796
0.1994690213505469, 0.6112066269228796
0.1994690213505469, 0.6112066269228796
0.1994690213505469, 0.6112066269228796
0.1994690213505469, 0.6112066269228796
0.1994690213505469, 0.6112066269228796
0.1994690213505469, 0.6112066269228796
0.1994690213505469, 0.6112066269228796
0.5370705553197253, 0.9355862612787768
0.5370705553197253, 0.9355862612787768
0.5370705553197253, 0.9355862612787768
0.5370705553197253, 0.9355862612787768
0.5370705553197253, 0.9355862612787768
0.5370705553197253, 0.9355862612787768
0.5370705553197253, 0.9355862612787768
0.5370705553197253, 0.9355862612787768
0.5370705553197253, 0.9355862612787768
0.5370705553197253, 0.9355862612787768
0.04866542778710137, 0.978682003199317
0.04866542778710137, 0.978682003199317
0.04866542778710137, 0.978682003199317
0.04866542778710137, 0.978682003199317
0.04866542778710137, 0.978682003199317
0.04866542778710137, 0.978682003199317
0.04866542778710137, 0.978682003199317
0.04866542778710137, 0.978682003199317
0.04866542778710137, 0.978682003199317
0.04866542778710137, 0.978682003199317
0.9577080106358329, 0.03417193513840422
0.9577080106358329, 0.03417193513840422
0.9577080106358329, 0.03417193513840422
0.9577080106358329, 0.03417193513840422
0.9577080106358329, 0.03417193513840422
0.9577080106358329, 0.03417193513840422
0.9577080106358329, 0.03417193513840422
0.9577080106358329, 0.03417193513840422
0.9577080106358329, 0.03417193513840422
0.9577080106358329, 0.03417193513840422
0.1590773811215923, 0.3976784459552769
0.1590773811215923, 0.3976784459552769
0.1590773811215923, 0.3976784459552769
0.1590773811215923, 0.3976784459552769
0.1590773811215923, 0.3976784459552769
0.1590773811215923, 0.3976784459552769
0.1590773811215923, 0.3976784459552769
0.1590773811215923, 0.3976784459552769
0.1590773811215923, 0.3976784459552769
0.1590773811215923, 0.3976784459552769
0.515177107832304, 0.022356024784532247
0.515177107832304, 0.022356024784532247
0.515177107832304, 0.022356024784532247
0.515177107832304, 0.022356024784532247
0.515177107832304, 0.022356024784532247
0.515177107832304, 0.022356024784532247
0.515177107832304, 0.022356024784532247
0.515177107832304, 0.022356024784532247
0.515177107832304, 0.022356024784532247
0.515177107832304, 0.022356024784532247
