1e-05
0.1091901334418055, 0.6025723775849601
0.1091901334418055, 0.6025723775849601
0.1091901334418055, 0.6025723775849601
0.1091901334418055, 0.6025723775849601
0.1091901334418055, 0.6025723775849601
0.1091901334418055, 0.6025723775849601
0.1091901334418055, 0.6025723775849601
0.1091901334418055, 0.6025723775849601
0.1091901334418055, 0.6025723775849601
0.1091901334418055, 0.6025723775849601
0.4932230362742709, 0.15259780992478467
0.4932230362742709, 0.15259780992478467
0.4932230362742709, 0.15259780992478467
0.4932230362742709, 0.15259780992478467
0.4932230362742709, 0.15259780992478467
0.4932230362742709, 0.15259780992478467
0.4932230362742709, 0.15259780992478467
0.4932230362742709, 0.15259780992478467
0.4932230362742709, 0.15259780992478467
0.4932230362742709, 0.15259780992478467
0.16742428798115083, 0.23403009973700084
0.16742428798115083, 0.23403009973700084
0.16742428798115083, 0.23403009973700084
0.16742428798115083, 0.23403009973700084
0.16742428798115083, 0.23403009973700084
0.16742428798115083, 0.23403009973700084
0.16742428798115083, 0.23403009973700084
0.16742428798115083, 0.23403009973700084
0.16742428798115083, 0.23403009973700084
0.16742428798115083, 0.23403009973700084
0.8520996901960879, 0.9722037510732343
0.8520996901960879, 0.9722037510732343
0.8520996901960879, 0.9722037510732343
0.8520996901960879, 0.9722037510732343
0.8520996901960879, 0.9722037510732343
0.8520996901960879, 0.9722037510732343
0.8520996901960879, 0.9722037510732343
0.8520996901960879, 0.9722037510732343
0.8520996901960879, 0.9722037510732343
0.8520996901960879, 0.9722037510732343
0.9199953524492778, 0.2807177229571085
0.9199953524492778, 0.2807177229571085
0.9199953524492778, 0.2807177229571085
0.9199953524492778, 0.2807177229571085
0.9199953524492778, 0.2807177229571085
0.9199953524492778, 0.2807177229571085
0.9199953524492778, 0.2807177229571085
0.9199953524492778, 0.2807177229571085
0.9199953524492778, 0.2807177229571085
0.9199953524492778, 0.2807177229571085
0.4154339567039472, 0.6375026694924167
0.4154339567039472, 0.6375026694924167
0.4154339567039472, 0.6375026694924167
0.4154339567039472, 0.6375026694924167
0.4154339567039472, 0.6375026694924167
0.4154339567039472, 0.6375026694924167
0.4154339567039472, 0.6375026694924167
0.4154339567039472, 0.6375026694924167
0.4154339567039472, 0.6375026694924167
0.4154339567039472, 0.6375026694924167
0.021216729032117132, 0.6945382667842742
0.021216729032117132, 0.6945382667842742
0.021216729032117132, 0.6945382667842742
0.021216729032117132, 0.6945382667842742
0.021216729032117132, 0.6945382667842742
0.021216729032117132, 0.6945382667842742
0.021216729032117132, 0.6945382667842742
0.021216729032117132, 0.6945382667842742
0.021216729032117132, 0.6945382667842742
0.021216729032117132, 0.6945382667842742
0.9451800634527676, 0.5629295014196182
0.9451800634527676, 0.5629295014196182
0.9451800634527676, 0.5629295014196182
0.9451800634527676, 0.5629295014196182
0.9451800634527676, 0.5629295014196182
0.9451800634527676, 0.5629295014196182
0.9451800634527676, 0.5629295014196182
0.9451800634527676, 0.5629295014196182
0.9451800634527676, 0.5629295014196182
0.9451800634527676, 0.5629295014196182
0.44211124338164387, 0.6009397292066183
0.44211124338164387, 0.6009397292066183
0.44211124338164387, 0.6009397292066183
0.44211124338164387, 0.6009397292066183
0.44211124338164387, 0.6009397292066183
0.44211124338164387, 0.6009397292066183
0.44211124338164387, 0.6009397292066183
0.44211124338164387, 0.6009397292066183
0.44211124338164387, 0.6009397292066183
0.44211124338164387, 0.6009397292066183
0.2886347526954667, 0.6900296932860298
0.2886347526954667, 0.6900296932860298
0.2886347526954667, 0.6900296932860298
0.2886347526954667, 0.6900296932860298
0.2886347526954667, 0.6900296932860298
0.2886347526954667, 0.6900296932860298
0.2886347526954667, 0.6900296932860298
0.2886347526954667, 0.6900296932860298
0.2886347526954667, 0.6900296932860298
0.2886347526954667, 0.6900296932860298
