1e-05
0.38047807806879974, 0.11874464978809096
0.38047807806879974, 0.11874464978809096
0.38047807806879974, 0.11874464978809096
0.38047807806879974, 0.11874464978809096
0.38047807806879974, 0.11874464978809096
0.38047807806879974, 0.11874464978809096
0.38047807806879974, 0.11874464978809096
0.38047807806879974, 0.11874464978809096
0.38047807806879974, 0.11874464978809096
0.38047807806879974, 0.11874464978809096
0.0799878064758619, 0.8148131896660955
0.0799878064758619, 0.8148131896660955
0.0799878064758619, 0.8148131896660955
0.0799878064758619, 0.8148131896660955
0.0799878064758619, 0.8148131896660955
0.0799878064758619, 0.8148131896660955
0.0799878064758619, 0.8148131896660955
0.0799878064758619, 0.8148131896660955
0.0799878064758619, 0.8148131896660955
0.0799878064758619, 0.8148131896660955
0.9003867502464754, 0.1158325243612206
0.9003867502464754, 0.1158325243612206
0.9003867502464754, 0.1158325243612206
0.9003867502464754, 0.1158325243612206
0.9003867502464754, 0.1158325243612206
0.9003867502464754, 0.1158325243612206
0.9003867502464754, 0.1158325243612206
0.9003867502464754, 0.1158325243612206
0.9003867502464754, 0.1158325243612206
0.9003867502464754, 0.1158325243612206
0.13122017508999217, 0.9810094136057589
0.13122017508999217, 0.9810094136057589
0.13122017508999217, 0.9810094136057589
0.13122017508999217, 0.9810094136057589
0.13122017508999217, 0.9810094136057589
0.13122017508999217, 0.9810094136057589
0.13122017508999217, 0.9810094136057589
0.13122017508999217, 0.9810094136057589
0.13122017508999217, 0.9810094136057589
0.13122017508999217, 0.9810094136057589
0.8597257119651136, 0.4678397841583627
0.8597257119651136, 0.4678397841583627
0.8597257119651136, 0.4678397841583627
0.8597257119651136, 0.4678397841583627
0.8597257119651136, 0.4678397841583627
0.8597257119651136, 0.4678397841583627
0.8597257119651136, 0.4678397841583627
0.8597257119651136, 0.4678397841583627
0.8597257119651136, 0.4678397841583627
0.8597257119651136, 0.4678397841583627
0.3658872309846348, 0.12553852600696236
0.3658872309846348, 0.12553852600696236
0.3658872309846348, 0.12553852600696236
0.3658872309846348, 0.12553852600696236
0.3658872309846348, 0.12553852600696236
0.3658872309846348, 0.12553852600696236
0.3658872309846348, 0.12553852600696236
0.3658872309846348, 0.12553852600696236
0.3658872309846348, 0.12553852600696236
0.3658872309846348, 0.12553852600696236
0.053907446224684685, 0.19707037201556654
0.053907446224684685, 0.19707037201556654
0.053907446224684685, 0.19707037201556654
0.053907446224684685, 0.19707037201556654
0.053907446224684685, 0.19707037201556654
0.053907446224684685, 0.19707037201556654
0.053907446224684685, 0.19707037201556654
0.053907446224684685, 0.19707037201556654
0.053907446224684685, 0.19707037201556654
0.053907446224684685, 0.19707037201556654
0.7004223892079404, 0.9232445079082627
0.7004223892079404, 0.9232445079082627
0.7004223892079404, 0.9232445079082627
0.7004223892079404, 0.9232445079082627
0.7004223892079404, 0.9232445079082627
0.7004223892079404, 0.9232445079082627
0.7004223892079404, 0.9232445079082627
0.7004223892079404, 0.9232445079082627
0.7004223892079404, 0.9232445079082627
0.7004223892079404, 0.9232445079082627
0.7152492741554564, 0.46104464669977074
0.7152492741554564, 0.46104464669977074
0.7152492741554564, 0.46104464669977074
0.7152492741554564, 0.46104464669977074
0.7152492741554564, 0.46104464669977074
0.7152492741554564, 0.46104464669977074
0.7152492741554564, 0.46104464669977074
0.7152492741554564, 0.46104464669977074
0.7152492741554564, 0.46104464669977074
0.7152492741554564, 0.46104464669977074
0.38942229032879816, 0.19020180284915533
0.38942229032879816, 0.19020180284915533
0.38942229032879816, 0.19020180284915533
0.38942229032879816, 0.19020180284915533
0.38942229032879816, 0.19020180284915533
0.38942229032879816, 0.19020180284915533
0.38942229032879816, 0.19020180284915533
0.38942229032879816, 0.19020180284915533
0.38942229032879816, 0.19020180284915533
0.38942229032879816, 0.19020180284915533
