1e-05
0.27010355502950545, 0.24221327895746325
0.27010355502950545, 0.24221327895746325
0.27010355502950545, 0.24221327895746325
0.27010355502950545, 0.24221327895746325
0.27010355502950545, 0.24221327895746325
0.27010355502950545, 0.24221327895746325
0.27010355502950545, 0.24221327895746325
0.27010355502950545, 0.24221327895746325
0.27010355502950545, 0.24221327895746325
0.27010355502950545, 0.24221327895746325
0.7919253245320396, 0.7744129762025804
0.7919253245320396, 0.7744129762025804
0.7919253245320396, 0.7744129762025804
0.7919253245320396, 0.7744129762025804
0.7919253245320396, 0.7744129762025804
0.7919253245320396, 0.7744129762025804
0.7919253245320396, 0.7744129762025804
0.7919253245320396, 0.7744129762025804
0.7919253245320396, 0.7744129762025804
0.7919253245320396, 0.7744129762025804
0.21209766420473763, 0.8201359770789328
0.21209766420473763, 0.8201359770789328
0.21209766420473763, 0.8201359770789328
0.21209766420473763, 0.8201359770789328
0.21209766420473763, 0.8201359770789328
0.21209766420473763, 0.8201359770789328
0.21209766420473763, 0.8201359770789328
0.21209766420473763, 0.8201359770789328
0.21209766420473763, 0.8201359770789328
0.21209766420473763, 0.8201359770789328
0.9508844014136187, 0.6858320552981964
0.9508844014136187, 0.6858320552981964
0.9508844014136187, 0.6858320552981964
0.9508844014136187, 0.6858320552981964
0.9508844014136187, 0.6858320552981964
0.9508844014136187, 0.6858320552981964
0.9508844014136187, 0.6858320552981964
0.9508844014136187, 0.6858320552981964
0.9508844014136187, 0.6858320552981964
0.9508844014136187, 0.6858320552981964
0.5242478640965719, 0.12112415081499217
0.5242478640965719, 0.12112415081499217
0.5242478640965719, 0.12112415081499217
0.5242478640965719, 0.12112415081499217
0.5242478640965719, 0.12112415081499217
0.5242478640965719, 0.12112415081499217
0.5242478640965719, 0.12112415081499217
0.5242478640965719, 0.12112415081499217
0.5242478640965719, 0.12112415081499217
0.5242478640965719, 0.12112415081499217
0.9546015792793542, 0.4258655806863244
0.9546015792793542, 0.4258655806863244
0.9546015792793542, 0.4258655806863244
0.9546015792793542, 0.4258655806863244
0.9546015792793542, 0.4258655806863244
0.9546015792793542, 0.4258655806863244
0.9546015792793542, 0.4258655806863244
0.9546015792793542, 0.4258655806863244
0.9546015792793542, 0.4258655806863244
0.9546015792793542, 0.4258655806863244
0.5074932243264708, 0.3231900691728956
0.5074932243264708, 0.3231900691728956
0.5074932243264708, 0.3231900691728956
0.5074932243264708, 0.3231900691728956
0.5074932243264708, 0.3231900691728956
0.5074932243264708, 0.3231900691728956
0.5074932243264708, 0.3231900691728956
0.5074932243264708, 0.3231900691728956
0.5074932243264708, 0.3231900691728956
0.5074932243264708, 0.3231900691728956
0.23775882889312328, 0.45714968506837395
0.23775882889312328, 0.45714968506837395
0.23775882889312328, 0.45714968506837395
0.23775882889312328, 0.45714968506837395
0.23775882889312328, 0.45714968506837395
0.23775882889312328, 0.45714968506837395
0.23775882889312328, 0.45714968506837395
0.23775882889312328, 0.45714968506837395
0.23775882889312328, 0.45714968506837395
0.23775882889312328, 0.45714968506837395
0.9782348128331748, 0.8163291750292231
0.9782348128331748, 0.8163291750292231
0.9782348128331748, 0.8163291750292231
0.9782348128331748, 0.8163291750292231
0.9782348128331748, 0.8163291750292231
0.9782348128331748, 0.8163291750292231
0.9782348128331748, 0.8163291750292231
0.9782348128331748, 0.8163291750292231
0.9782348128331748, 0.8163291750292231
0.9782348128331748, 0.8163291750292231
0.33124514267069116, 0.4752008041728619
0.33124514267069116, 0.4752008041728619
0.33124514267069116, 0.4752008041728619
0.33124514267069116, 0.4752008041728619
0.33124514267069116, 0.4752008041728619
0.33124514267069116, 0.4752008041728619
0.33124514267069116, 0.4752008041728619
0.33124514267069116, 0.4752008041728619
0.33124514267069116, 0.4752008041728619
0.33124514267069116, 0.4752008041728619
