1e-05
0.8526956325653401, 0.8828491980115183
0.8526956325653401, 0.8828491980115183
0.8526956325653401, 0.8828491980115183
0.8526956325653401, 0.8828491980115183
0.8526956325653401, 0.8828491980115183
0.8526956325653401, 0.8828491980115183
0.8526956325653401, 0.8828491980115183
0.8526956325653401, 0.8828491980115183
0.8526956325653401, 0.8828491980115183
0.8526956325653401, 0.8828491980115183
0.3893991838665187, 0.40510519749271656
0.3893991838665187, 0.40510519749271656
0.3893991838665187, 0.40510519749271656
0.3893991838665187, 0.40510519749271656
0.3893991838665187, 0.40510519749271656
0.3893991838665187, 0.40510519749271656
0.3893991838665187, 0.40510519749271656
0.3893991838665187, 0.40510519749271656
0.3893991838665187, 0.40510519749271656
0.3893991838665187, 0.40510519749271656
0.5712942103102807, 0.43730110851850723
0.5712942103102807, 0.43730110851850723
0.5712942103102807, 0.43730110851850723
0.5712942103102807, 0.43730110851850723
0.5712942103102807, 0.43730110851850723
0.5712942103102807, 0.43730110851850723
0.5712942103102807, 0.43730110851850723
0.5712942103102807, 0.43730110851850723
0.5712942103102807, 0.43730110851850723
0.5712942103102807, 0.43730110851850723
0.39433745722218205, 0.44277390820427454
0.39433745722218205, 0.44277390820427454
0.39433745722218205, 0.44277390820427454
0.39433745722218205, 0.44277390820427454
0.39433745722218205, 0.44277390820427454
0.39433745722218205, 0.44277390820427454
0.39433745722218205, 0.44277390820427454
0.39433745722218205, 0.44277390820427454
0.39433745722218205, 0.44277390820427454
0.39433745722218205, 0.44277390820427454
0.6481809409081459, 0.11814003792727401
0.6481809409081459, 0.11814003792727401
0.6481809409081459, 0.11814003792727401
0.6481809409081459, 0.11814003792727401
0.6481809409081459, 0.11814003792727401
0.6481809409081459, 0.11814003792727401
0.6481809409081459, 0.11814003792727401
0.6481809409081459, 0.11814003792727401
0.6481809409081459, 0.11814003792727401
0.6481809409081459, 0.11814003792727401
0.13086797159842312, 0.7230988057314164
0.13086797159842312, 0.7230988057314164
0.13086797159842312, 0.7230988057314164
0.13086797159842312, 0.7230988057314164
0.13086797159842312, 0.7230988057314164
0.13086797159842312, 0.7230988057314164
0.13086797159842312, 0.7230988057314164
0.13086797159842312, 0.7230988057314164
0.13086797159842312, 0.7230988057314164
0.13086797159842312, 0.7230988057314164
0.10633155779320957, 0.44717217896205275
0.10633155779320957, 0.44717217896205275
0.10633155779320957, 0.44717217896205275
0.10633155779320957, 0.44717217896205275
0.10633155779320957, 0.44717217896205275
0.10633155779320957, 0.44717217896205275
0.10633155779320957, 0.44717217896205275
0.10633155779320957, 0.44717217896205275
0.10633155779320957, 0.44717217896205275
0.10633155779320957, 0.44717217896205275
0.0015165884300076815, 0.07118348207733083
0.0015165884300076815, 0.07118348207733083
0.0015165884300076815, 0.07118348207733083
0.0015165884300076815, 0.07118348207733083
0.0015165884300076815, 0.07118348207733083
0.0015165884300076815, 0.07118348207733083
0.0015165884300076815, 0.07118348207733083
0.0015165884300076815, 0.07118348207733083
0.0015165884300076815, 0.07118348207733083
0.0015165884300076815, 0.07118348207733083
0.9348747596052439, 0.2389525820391747
0.9348747596052439, 0.2389525820391747
0.9348747596052439, 0.2389525820391747
0.9348747596052439, 0.2389525820391747
0.9348747596052439, 0.2389525820391747
0.9348747596052439, 0.2389525820391747
0.9348747596052439, 0.2389525820391747
0.9348747596052439, 0.2389525820391747
0.9348747596052439, 0.2389525820391747
0.9348747596052439, 0.2389525820391747
0.8494291298498402, 0.7627231779478403
0.8494291298498402, 0.7627231779478403
0.8494291298498402, 0.7627231779478403
0.8494291298498402, 0.7627231779478403
0.8494291298498402, 0.7627231779478403
0.8494291298498402, 0.7627231779478403
0.8494291298498402, 0.7627231779478403
0.8494291298498402, 0.7627231779478403
0.8494291298498402, 0.7627231779478403
0.8494291298498402, 0.7627231779478403
