1e-05
0.3846350130810531, 0.6680150253173756
0.3846350130810531, 0.6680150253173756
0.3846350130810531, 0.6680150253173756
0.3846350130810531, 0.6680150253173756
0.3846350130810531, 0.6680150253173756
0.3846350130810531, 0.6680150253173756
0.3846350130810531, 0.6680150253173756
0.3846350130810531, 0.6680150253173756
0.3846350130810531, 0.6680150253173756
0.3846350130810531, 0.6680150253173756
0.9871869862212815, 0.9709283054524254
0.9871869862212815, 0.9709283054524254
0.9871869862212815, 0.9709283054524254
0.9871869862212815, 0.9709283054524254
0.9871869862212815, 0.9709283054524254
0.9871869862212815, 0.9709283054524254
0.9871869862212815, 0.9709283054524254
0.9871869862212815, 0.9709283054524254
0.9871869862212815, 0.9709283054524254
0.9871869862212815, 0.9709283054524254
0.6496292642731241, 0.9441458163152844
0.6496292642731241, 0.9441458163152844
0.6496292642731241, 0.9441458163152844
0.6496292642731241, 0.9441458163152844
0.6496292642731241, 0.9441458163152844
0.6496292642731241, 0.9441458163152844
0.6496292642731241, 0.9441458163152844
0.6496292642731241, 0.9441458163152844
0.6496292642731241, 0.9441458163152844
0.6496292642731241, 0.9441458163152844
0.27157670579110027, 0.6681563853154545
0.27157670579110027, 0.6681563853154545
0.27157670579110027, 0.6681563853154545
0.27157670579110027, 0.6681563853154545
0.27157670579110027, 0.6681563853154545
0.27157670579110027, 0.6681563853154545
0.27157670579110027, 0.6681563853154545
0.27157670579110027, 0.6681563853154545
0.27157670579110027, 0.6681563853154545
0.27157670579110027, 0.6681563853154545
0.4128526271920614, 0.999838447206754
0.4128526271920614, 0.999838447206754
0.4128526271920614, 0.999838447206754
0.4128526271920614, 0.999838447206754
0.4128526271920614, 0.999838447206754
0.4128526271920614, 0.999838447206754
0.4128526271920614, 0.999838447206754
0.4128526271920614, 0.999838447206754
0.4128526271920614, 0.999838447206754
0.4128526271920614, 0.999838447206754
0.8102261149297262, 0.08863200158287676
0.8102261149297262, 0.08863200158287676
0.8102261149297262, 0.08863200158287676
0.8102261149297262, 0.08863200158287676
0.8102261149297262, 0.08863200158287676
0.8102261149297262, 0.08863200158287676
0.8102261149297262, 0.08863200158287676
0.8102261149297262, 0.08863200158287676
0.8102261149297262, 0.08863200158287676
0.8102261149297262, 0.08863200158287676
0.9691831517493977, 0.5752118942351087
0.9691831517493977, 0.5752118942351087
0.9691831517493977, 0.5752118942351087
0.9691831517493977, 0.5752118942351087
0.9691831517493977, 0.5752118942351087
0.9691831517493977, 0.5752118942351087
0.9691831517493977, 0.5752118942351087
0.9691831517493977, 0.5752118942351087
0.9691831517493977, 0.5752118942351087
0.9691831517493977, 0.5752118942351087
0.613874303233703, 0.9753166905772193
0.613874303233703, 0.9753166905772193
0.613874303233703, 0.9753166905772193
0.613874303233703, 0.9753166905772193
0.613874303233703, 0.9753166905772193
0.613874303233703, 0.9753166905772193
0.613874303233703, 0.9753166905772193
0.613874303233703, 0.9753166905772193
0.613874303233703, 0.9753166905772193
0.613874303233703, 0.9753166905772193
0.5044375390971588, 0.12145052217544083
0.5044375390971588, 0.12145052217544083
0.5044375390971588, 0.12145052217544083
0.5044375390971588, 0.12145052217544083
0.5044375390971588, 0.12145052217544083
0.5044375390971588, 0.12145052217544083
0.5044375390971588, 0.12145052217544083
0.5044375390971588, 0.12145052217544083
0.5044375390971588, 0.12145052217544083
0.5044375390971588, 0.12145052217544083
0.8413463827507324, 0.4511140695634973
0.8413463827507324, 0.4511140695634973
0.8413463827507324, 0.4511140695634973
0.8413463827507324, 0.4511140695634973
0.8413463827507324, 0.4511140695634973
0.8413463827507324, 0.4511140695634973
0.8413463827507324, 0.4511140695634973
0.8413463827507324, 0.4511140695634973
0.8413463827507324, 0.4511140695634973
0.8413463827507324, 0.4511140695634973
