0.001
0.025454078756225185, 0.9345244187208432
0.2429205055270457, 0.08599219285710136
0.5561329601072095, 0.0014143660958488846
0.9895149200294928, 0.4679473768202167
0.3957204983820737, 0.5164377099594314
0.5848563968318536, 0.5849278580865611
0.3475791720877818, 0.47424543040442535
0.39414473019448293, 0.8224429246141678
0.695946565991031, 0.1505719465074602
0.4343553223780625, 0.8144837205190293
0.0023075123875729853, 0.670594005062413
0.6414233849173127, 0.27328734981669833
0.6257928720224103, 0.6304209938400938
0.7685398075466074, 0.15164612293849178
0.15558235760677797, 0.2653842651136473
0.03147318269402788, 0.7148827282954024
0.9331097760443152, 0.5136046959307023
