1e-05
0.14686439903771786, 0.560667496528999
0.5194227254330431, 0.678460285133432
0.3702409136632143, 0.41240125763297253
0.29968482764401017, 0.6267512687497417
0.17018612145261913, 0.09114745571371763
0.9756674117170074, 0.5773410810511186
0.7272822273957805, 0.7682717341354508
0.005140558990382793, 0.9653949046773624
0.08102753911552085, 0.2474419747598504
0.9712579791166138, 0.10594965196346329
0.6688122127995841, 0.4156779819521793
0.9918152275271128, 0.3450560029668207
0.5583161277907464, 0.7962723590592029
0.29457916877446166, 0.6790360653314322
0.3541040941067304, 0.24685386444056912
0.5548851764282511, 0.17621397140733241
0.054820150001615664, 0.1593913362051348
0.09369429535234597, 0.199749785548753
0.9339104213835541, 0.19424419132765036
0.14611126608987335, 0.7041698040531958
0.5562354390915697, 0.6607315442221957
0.623556310348747, 0.2595464036724474
0.17914523120295023, 0.44626482713748683
0.9830901271057277, 0.29987778188394953
0.595112854288193, 0.04246998730876539
0.024734765875011222, 0.2815578272903254
0.8796745639540928, 0.7578353229330694
0.6366035294079239, 0.8314634637830545
0.2260720886744383, 0.427666472866146
0.8316702946437652, 0.16994015856281286
0.25734387653965507, 0.9537771628489037
0.541587135233948, 0.03263668309459167
0.2651936601760496, 0.11233698935387348
0.01088397325521051, 0.7458949598054546
0.7161268141950111, 0.06541766965203033
0.19348247127856522, 0.31122157688196495
0.44224558307068096, 0.6610923795551467
0.659990478511102, 0.7234474390667417
0.8846757020121371, 0.25288360516318975
0.9202716705431458, 0.9735385152398397
0.050370743061769696, 0.9328489670704624
0.6299506143780036, 0.3859116843481697
0.16533057462385814, 0.5166932460261023
0.19886767906165836, 0.10652255061228999
0.8649085166020892, 0.4448659027563453
0.5431512442394192, 0.6649416822244654
0.8104124299462317, 0.5642133736505316
0.7648334493702993, 0.6788645823299729
0.9228030910266521, 0.274372634889265
0.94010119905374, 0.5979483872851541
0.764371928771333, 0.6541420608122771
0.9321089839217533, 0.18640150401111166
0.5526905862922726, 0.909666659695696
0.6779164202484845, 0.8723072093062799
0.8352420188889815, 0.9386778169838399
0.006963193412398594, 0.02779864242280694
0.4779051031983461, 0.43853083993755193
0.4952523089437456, 0.1559463617762913
0.1556007097141573, 0.5043630863132432
0.08289060168221918, 0.5094824895316616
0.37957881337698385, 0.5909203779591244
0.023152910333371968, 0.12549469252601442
0.3795958400021924, 0.7898416718095718
0.46192598568085175, 0.8067785185991743
0.01843567708645444, 0.5783083467457621
0.904577339846127, 0.9790398173576402
0.16538508963485343, 0.7909939213893628
0.7753349947915047, 0.2682698471051611
0.12671201371922214, 0.007634192635717074
0.10798235705954895, 0.7817751627201961
0.14761862804696602, 0.464427848109061
0.4102750749685232, 0.4292313007778181
0.9176946959969027, 0.26486985387549533
0.8116439576824858, 0.9404269574040924
0.711070748314542, 0.25468518705255094
0.34864561952124484, 0.4755907542467671
0.3993340868230244, 0.2871640684758856
0.3605505720247686, 0.4041007142802807
0.4015332079433652, 0.0797619314930581
0.8209171251958515, 0.9683523607773532
0.2835080734046659, 0.7780604552169983
0.5898373357600308, 0.9978203886977199
0.6856308515942953, 0.9017210136873961
0.2105344089678457, 0.12934892816782473
0.5891896963536689, 0.5778793202152972
0.3793860959349339, 0.8854067713999902
0.8001680794329032, 0.4067791685803932
0.8490587012055336, 0.4656978848988942
0.8326022542837205, 0.2784674577350671
0.24074740550377982, 0.9055396048772453
0.8326005137984761, 0.965616051618115
0.49084205888538623, 0.7670787338121263
0.2810646803690209, 0.20959558107719645
0.5147976507789979, 0.03084686773509615
0.7406865284773885, 0.5433309040461402
0.1334503941722115, 0.8516393541509583
0.8465848806432898, 0.8885987857922107
0.21386427500842442, 0.04516068267180939
0.8464187208969499, 0.5267261180446208
0.04384125054209431, 0.9064489466547175
