1e-05
0.5737879644412189, 0.9433050596592106
0.5737879644412189, 0.9433050596592106
0.5737879644412189, 0.9433050596592106
0.5737879644412189, 0.9433050596592106
0.5737879644412189, 0.9433050596592106
0.5737879644412189, 0.9433050596592106
0.5737879644412189, 0.9433050596592106
0.5737879644412189, 0.9433050596592106
0.5737879644412189, 0.9433050596592106
0.5737879644412189, 0.9433050596592106
0.8813533717487493, 0.2094343252978098
0.8813533717487493, 0.2094343252978098
0.8813533717487493, 0.2094343252978098
0.8813533717487493, 0.2094343252978098
0.8813533717487493, 0.2094343252978098
0.8813533717487493, 0.2094343252978098
0.8813533717487493, 0.2094343252978098
0.8813533717487493, 0.2094343252978098
0.8813533717487493, 0.2094343252978098
0.8813533717487493, 0.2094343252978098
0.3156841806897961, 0.1672648825870593
0.3156841806897961, 0.1672648825870593
0.3156841806897961, 0.1672648825870593
0.3156841806897961, 0.1672648825870593
0.3156841806897961, 0.1672648825870593
0.3156841806897961, 0.1672648825870593
0.3156841806897961, 0.1672648825870593
0.3156841806897961, 0.1672648825870593
0.3156841806897961, 0.1672648825870593
0.3156841806897961, 0.1672648825870593
0.9508237210688235, 0.2796669282141572
0.9508237210688235, 0.2796669282141572
0.9508237210688235, 0.2796669282141572
0.9508237210688235, 0.2796669282141572
0.9508237210688235, 0.2796669282141572
0.9508237210688235, 0.2796669282141572
0.9508237210688235, 0.2796669282141572
0.9508237210688235, 0.2796669282141572
0.9508237210688235, 0.2796669282141572
0.9508237210688235, 0.2796669282141572
0.3155024830394021, 0.2533778433789915
0.3155024830394021, 0.2533778433789915
0.3155024830394021, 0.2533778433789915
0.3155024830394021, 0.2533778433789915
0.3155024830394021, 0.2533778433789915
0.3155024830394021, 0.2533778433789915
0.3155024830394021, 0.2533778433789915
0.3155024830394021, 0.2533778433789915
0.3155024830394021, 0.2533778433789915
0.3155024830394021, 0.2533778433789915
0.11625034218140395, 0.5961549804084385
0.11625034218140395, 0.5961549804084385
0.11625034218140395, 0.5961549804084385
0.11625034218140395, 0.5961549804084385
0.11625034218140395, 0.5961549804084385
0.11625034218140395, 0.5961549804084385
0.11625034218140395, 0.5961549804084385
0.11625034218140395, 0.5961549804084385
0.11625034218140395, 0.5961549804084385
0.11625034218140395, 0.5961549804084385
0.7891921023157575, 0.6234570278212219
0.7891921023157575, 0.6234570278212219
0.7891921023157575, 0.6234570278212219
0.7891921023157575, 0.6234570278212219
0.7891921023157575, 0.6234570278212219
0.7891921023157575, 0.6234570278212219
0.7891921023157575, 0.6234570278212219
0.7891921023157575, 0.6234570278212219
0.7891921023157575, 0.6234570278212219
0.7891921023157575, 0.6234570278212219
0.321653993551008, 0.4555610409721649
0.321653993551008, 0.4555610409721649
0.321653993551008, 0.4555610409721649
0.321653993551008, 0.4555610409721649
0.321653993551008, 0.4555610409721649
0.321653993551008, 0.4555610409721649
0.321653993551008, 0.4555610409721649
0.321653993551008, 0.4555610409721649
0.321653993551008, 0.4555610409721649
0.321653993551008, 0.4555610409721649
0.8400772390487685, 0.1469498610940253
0.8400772390487685, 0.1469498610940253
0.8400772390487685, 0.1469498610940253
0.8400772390487685, 0.1469498610940253
0.8400772390487685, 0.1469498610940253
0.8400772390487685, 0.1469498610940253
0.8400772390487685, 0.1469498610940253
0.8400772390487685, 0.1469498610940253
0.8400772390487685, 0.1469498610940253
0.8400772390487685, 0.1469498610940253
0.5681500366805035, 0.3327602604079699
0.5681500366805035, 0.3327602604079699
0.5681500366805035, 0.3327602604079699
0.5681500366805035, 0.3327602604079699
0.5681500366805035, 0.3327602604079699
0.5681500366805035, 0.3327602604079699
0.5681500366805035, 0.3327602604079699
0.5681500366805035, 0.3327602604079699
0.5681500366805035, 0.3327602604079699
0.5681500366805035, 0.3327602604079699
