1e-05
0.32689443484056613, 0.19060125806180628
0.32689443484056613, 0.19060125806180628
0.32689443484056613, 0.19060125806180628
0.32689443484056613, 0.19060125806180628
0.32689443484056613, 0.19060125806180628
0.32689443484056613, 0.19060125806180628
0.32689443484056613, 0.19060125806180628
0.32689443484056613, 0.19060125806180628
0.32689443484056613, 0.19060125806180628
0.32689443484056613, 0.19060125806180628
0.23074438650979556, 0.4125639361133481
0.23074438650979556, 0.4125639361133481
0.23074438650979556, 0.4125639361133481
0.23074438650979556, 0.4125639361133481
0.23074438650979556, 0.4125639361133481
0.23074438650979556, 0.4125639361133481
0.23074438650979556, 0.4125639361133481
0.23074438650979556, 0.4125639361133481
0.23074438650979556, 0.4125639361133481
0.23074438650979556, 0.4125639361133481
0.5914624935287395, 0.3756614880894723
0.5914624935287395, 0.3756614880894723
0.5914624935287395, 0.3756614880894723
0.5914624935287395, 0.3756614880894723
0.5914624935287395, 0.3756614880894723
0.5914624935287395, 0.3756614880894723
0.5914624935287395, 0.3756614880894723
0.5914624935287395, 0.3756614880894723
0.5914624935287395, 0.3756614880894723
0.5914624935287395, 0.3756614880894723
0.47343466744916174, 0.7977485839029158
0.47343466744916174, 0.7977485839029158
0.47343466744916174, 0.7977485839029158
0.47343466744916174, 0.7977485839029158
0.47343466744916174, 0.7977485839029158
0.47343466744916174, 0.7977485839029158
0.47343466744916174, 0.7977485839029158
0.47343466744916174, 0.7977485839029158
0.47343466744916174, 0.7977485839029158
0.47343466744916174, 0.7977485839029158
0.48722296764947504, 0.6645176802671486
0.48722296764947504, 0.6645176802671486
0.48722296764947504, 0.6645176802671486
0.48722296764947504, 0.6645176802671486
0.48722296764947504, 0.6645176802671486
0.48722296764947504, 0.6645176802671486
0.48722296764947504, 0.6645176802671486
0.48722296764947504, 0.6645176802671486
0.48722296764947504, 0.6645176802671486
0.48722296764947504, 0.6645176802671486
0.37259162964658377, 0.15194068026134944
0.37259162964658377, 0.15194068026134944
0.37259162964658377, 0.15194068026134944
0.37259162964658377, 0.15194068026134944
0.37259162964658377, 0.15194068026134944
0.37259162964658377, 0.15194068026134944
0.37259162964658377, 0.15194068026134944
0.37259162964658377, 0.15194068026134944
0.37259162964658377, 0.15194068026134944
0.37259162964658377, 0.15194068026134944
0.6168929959789323, 0.6316973852639973
0.6168929959789323, 0.6316973852639973
0.6168929959789323, 0.6316973852639973
0.6168929959789323, 0.6316973852639973
0.6168929959789323, 0.6316973852639973
0.6168929959789323, 0.6316973852639973
0.6168929959789323, 0.6316973852639973
0.6168929959789323, 0.6316973852639973
0.6168929959789323, 0.6316973852639973
0.6168929959789323, 0.6316973852639973
0.7489442468742059, 0.06040025015674122
0.7489442468742059, 0.06040025015674122
0.7489442468742059, 0.06040025015674122
0.7489442468742059, 0.06040025015674122
0.7489442468742059, 0.06040025015674122
0.7489442468742059, 0.06040025015674122
0.7489442468742059, 0.06040025015674122
0.7489442468742059, 0.06040025015674122
0.7489442468742059, 0.06040025015674122
0.7489442468742059, 0.06040025015674122
0.09391027397558238, 0.5251812260497492
0.09391027397558238, 0.5251812260497492
0.09391027397558238, 0.5251812260497492
0.09391027397558238, 0.5251812260497492
0.09391027397558238, 0.5251812260497492
0.09391027397558238, 0.5251812260497492
0.09391027397558238, 0.5251812260497492
0.09391027397558238, 0.5251812260497492
0.09391027397558238, 0.5251812260497492
0.09391027397558238, 0.5251812260497492
0.584259768730185, 0.6161206638922541
0.584259768730185, 0.6161206638922541
0.584259768730185, 0.6161206638922541
0.584259768730185, 0.6161206638922541
0.584259768730185, 0.6161206638922541
0.584259768730185, 0.6161206638922541
0.584259768730185, 0.6161206638922541
0.584259768730185, 0.6161206638922541
0.584259768730185, 0.6161206638922541
0.584259768730185, 0.6161206638922541
