1e-05
0.295951454185, 0.6735192315225457
0.295951454185, 0.6735192315225457
0.295951454185, 0.6735192315225457
0.295951454185, 0.6735192315225457
0.295951454185, 0.6735192315225457
0.295951454185, 0.6735192315225457
0.295951454185, 0.6735192315225457
0.295951454185, 0.6735192315225457
0.295951454185, 0.6735192315225457
0.295951454185, 0.6735192315225457
0.8100250909019094, 0.3526573706852636
0.8100250909019094, 0.3526573706852636
0.8100250909019094, 0.3526573706852636
0.8100250909019094, 0.3526573706852636
0.8100250909019094, 0.3526573706852636
0.8100250909019094, 0.3526573706852636
0.8100250909019094, 0.3526573706852636
0.8100250909019094, 0.3526573706852636
0.8100250909019094, 0.3526573706852636
0.8100250909019094, 0.3526573706852636
0.18404266345461862, 0.6648326250390503
0.18404266345461862, 0.6648326250390503
0.18404266345461862, 0.6648326250390503
0.18404266345461862, 0.6648326250390503
0.18404266345461862, 0.6648326250390503
0.18404266345461862, 0.6648326250390503
0.18404266345461862, 0.6648326250390503
0.18404266345461862, 0.6648326250390503
0.18404266345461862, 0.6648326250390503
0.18404266345461862, 0.6648326250390503
0.41844109490231296, 0.6638168991447777
0.41844109490231296, 0.6638168991447777
0.41844109490231296, 0.6638168991447777
0.41844109490231296, 0.6638168991447777
0.41844109490231296, 0.6638168991447777
0.41844109490231296, 0.6638168991447777
0.41844109490231296, 0.6638168991447777
0.41844109490231296, 0.6638168991447777
0.41844109490231296, 0.6638168991447777
0.41844109490231296, 0.6638168991447777
0.6057635370205329, 0.13165966744494018
0.6057635370205329, 0.13165966744494018
0.6057635370205329, 0.13165966744494018
0.6057635370205329, 0.13165966744494018
0.6057635370205329, 0.13165966744494018
0.6057635370205329, 0.13165966744494018
0.6057635370205329, 0.13165966744494018
0.6057635370205329, 0.13165966744494018
0.6057635370205329, 0.13165966744494018
0.6057635370205329, 0.13165966744494018
0.20078600115281442, 0.8280496976813682
0.20078600115281442, 0.8280496976813682
0.20078600115281442, 0.8280496976813682
0.20078600115281442, 0.8280496976813682
0.20078600115281442, 0.8280496976813682
0.20078600115281442, 0.8280496976813682
0.20078600115281442, 0.8280496976813682
0.20078600115281442, 0.8280496976813682
0.20078600115281442, 0.8280496976813682
0.20078600115281442, 0.8280496976813682
0.6379677542491202, 0.7662316731127701
0.6379677542491202, 0.7662316731127701
0.6379677542491202, 0.7662316731127701
0.6379677542491202, 0.7662316731127701
0.6379677542491202, 0.7662316731127701
0.6379677542491202, 0.7662316731127701
0.6379677542491202, 0.7662316731127701
0.6379677542491202, 0.7662316731127701
0.6379677542491202, 0.7662316731127701
0.6379677542491202, 0.7662316731127701
0.46625698204502286, 0.35092787860732544
0.46625698204502286, 0.35092787860732544
0.46625698204502286, 0.35092787860732544
0.46625698204502286, 0.35092787860732544
0.46625698204502286, 0.35092787860732544
0.46625698204502286, 0.35092787860732544
0.46625698204502286, 0.35092787860732544
0.46625698204502286, 0.35092787860732544
0.46625698204502286, 0.35092787860732544
0.46625698204502286, 0.35092787860732544
0.7394976130351343, 0.1787446393685912
0.7394976130351343, 0.1787446393685912
0.7394976130351343, 0.1787446393685912
0.7394976130351343, 0.1787446393685912
0.7394976130351343, 0.1787446393685912
0.7394976130351343, 0.1787446393685912
0.7394976130351343, 0.1787446393685912
0.7394976130351343, 0.1787446393685912
0.7394976130351343, 0.1787446393685912
0.7394976130351343, 0.1787446393685912
0.4489555507422859, 0.37151674160309833
0.4489555507422859, 0.37151674160309833
0.4489555507422859, 0.37151674160309833
0.4489555507422859, 0.37151674160309833
0.4489555507422859, 0.37151674160309833
0.4489555507422859, 0.37151674160309833
0.4489555507422859, 0.37151674160309833
0.4489555507422859, 0.37151674160309833
0.4489555507422859, 0.37151674160309833
0.4489555507422859, 0.37151674160309833
