0.1
0.4921419482061502, 0.8419981632005223
0.5460162907401501, 0.008082768818212127
0.17248902421050094, 0.288079066148205
0.38464127358020495, 0.3197200362551055
0.1310727182398841, 0.6175066863389125
0.05505038488164682, 0.8533735606626154
0.21265882996547258, 0.32068745554711975
0.7370969602098283, 0.3313381235769749
0.5608124781478403, 0.09063033664813724
0.03696992882283745, 0.055356876080952966
0.4217582648346955, 0.9162819075930316
0.1450556851663416, 0.11487399848391855
0.4089464769800877, 0.893009798876812
0.945840184771038, 0.7518189235302372
0.1202783313971173, 0.03328096986601503
0.8946809204643856, 0.02001937080430083
0.6240168176993793, 0.4432398909031582
0.3820372694687766, 0.8142858608820379
0.9850690768703478, 0.11202510757015416
0.8189614418512597, 0.926033081108729
0.429897336036554, 0.9242816073085225
0.03127337314430467, 0.10400408318328369
0.8898671441753933, 0.21356223335692026
0.8844761651517172, 0.30303940919108874
0.2182447061561904, 0.8058372706921961
0.699223660396712, 0.6304523152568716
0.7222302680676745, 0.5242814516508775
0.6951991229728436, 0.8285221306309938
0.9818098926084867, 0.5087143334852567
0.2889166666602656, 0.4473691839060344
0.7052827832841533, 0.8758924456059075
0.631196520271013, 0.739588768853347
0.36751518279186457, 0.6363992564443745
0.8877516172534224, 0.8668478262357453
0.8974553750391103, 0.037776665802835674
0.7173082494340609, 0.4451701746629225
0.879582083837853, 0.9148419716750555
0.8426355747039499, 0.8484161455291134
0.12691880538421418, 0.6759101921061211
0.9950948559158549, 0.156675955424474
0.10737294463338087, 0.19276860931478879
0.4654153646315765, 0.7767717186999912
0.05653286363654697, 0.2772330681350883
0.7035337260399508, 0.6148335084737004
0.054124990176769416, 0.7765164572029738
0.934160516375486, 0.8021754004798681
0.2983917223502792, 0.07172704760528681
0.07261891157436973, 0.7555806786802787
0.9819423031449763, 0.5100449678626776
0.5729220140964301, 0.7113063263549045
0.21080339048548236, 0.37696893807103293
0.16858319696789958, 0.07864209818493129
0.8680728493361553, 0.7474796567949696
0.6950765354971908, 0.789078518515057
0.4825997239151928, 0.3463011719757686
0.14041359013871912, 0.7803422967953612
0.8788073345382849, 0.20759942436143564
0.16811037528455408, 0.3495567908602685
0.008219597626829889, 0.06346828315264696
0.35282057725321403, 0.5962205826465188
0.31758639627335117, 0.46177418173904183
0.050503924726774785, 0.6914046042091976
0.19691692423450846, 0.1770425046694013
0.8437458186738126, 0.6469465737306802
0.5251659838731617, 0.5658433295122983
0.16894570421972976, 0.40164663026003433
0.05584849705227257, 0.5108586811334127
0.30975081520820513, 0.12483462356506259
0.8929645012712906, 0.7170063497601723
0.19928695977324518, 0.7093897135689631
0.6391107941916141, 0.8917997699278911
0.3065237992073985, 0.29845313079171487
0.06988218432963422, 0.9624658902091185
0.258762044410351, 0.5735776862502442
0.7691820510063443, 0.6776727068402566
0.24578763829863548, 0.7946744955629561
0.01009933076103986, 0.4523912488170678
0.11234613068094168, 0.3768464504238246
0.20373049157680023, 0.12463359598473267
0.023571544167535596, 0.8761215785893891
0.09150528196940888, 0.2420783857581379
0.08999679858828757, 0.09851847678068282
