1e-05
0.6873689372668542, 0.37372241826866337
0.6873689372668542, 0.37372241826866337
0.6873689372668542, 0.37372241826866337
0.6873689372668542, 0.37372241826866337
0.6873689372668542, 0.37372241826866337
0.6873689372668542, 0.37372241826866337
0.6873689372668542, 0.37372241826866337
0.6873689372668542, 0.37372241826866337
0.6873689372668542, 0.37372241826866337
0.6873689372668542, 0.37372241826866337
0.9816293942000709, 0.7972791203067277
0.9816293942000709, 0.7972791203067277
0.9816293942000709, 0.7972791203067277
0.9816293942000709, 0.7972791203067277
0.9816293942000709, 0.7972791203067277
0.9816293942000709, 0.7972791203067277
0.9816293942000709, 0.7972791203067277
0.9816293942000709, 0.7972791203067277
0.9816293942000709, 0.7972791203067277
0.9816293942000709, 0.7972791203067277
0.432559592666353, 0.2825603688574345
0.432559592666353, 0.2825603688574345
0.432559592666353, 0.2825603688574345
0.432559592666353, 0.2825603688574345
0.432559592666353, 0.2825603688574345
0.432559592666353, 0.2825603688574345
0.432559592666353, 0.2825603688574345
0.432559592666353, 0.2825603688574345
0.432559592666353, 0.2825603688574345
0.432559592666353, 0.2825603688574345
0.32344956294508387, 0.1213176418746279
0.32344956294508387, 0.1213176418746279
0.32344956294508387, 0.1213176418746279
0.32344956294508387, 0.1213176418746279
0.32344956294508387, 0.1213176418746279
0.32344956294508387, 0.1213176418746279
0.32344956294508387, 0.1213176418746279
0.32344956294508387, 0.1213176418746279
0.32344956294508387, 0.1213176418746279
0.32344956294508387, 0.1213176418746279
0.15529061324867655, 0.7258305504653041
0.15529061324867655, 0.7258305504653041
0.15529061324867655, 0.7258305504653041
0.15529061324867655, 0.7258305504653041
0.15529061324867655, 0.7258305504653041
0.15529061324867655, 0.7258305504653041
0.15529061324867655, 0.7258305504653041
0.15529061324867655, 0.7258305504653041
0.15529061324867655, 0.7258305504653041
0.15529061324867655, 0.7258305504653041
0.8469543893638098, 0.990040084469287
0.8469543893638098, 0.990040084469287
0.8469543893638098, 0.990040084469287
0.8469543893638098, 0.990040084469287
0.8469543893638098, 0.990040084469287
0.8469543893638098, 0.990040084469287
0.8469543893638098, 0.990040084469287
0.8469543893638098, 0.990040084469287
0.8469543893638098, 0.990040084469287
0.8469543893638098, 0.990040084469287
0.3043440324255725, 0.2856671737004036
0.3043440324255725, 0.2856671737004036
0.3043440324255725, 0.2856671737004036
0.3043440324255725, 0.2856671737004036
0.3043440324255725, 0.2856671737004036
0.3043440324255725, 0.2856671737004036
0.3043440324255725, 0.2856671737004036
0.3043440324255725, 0.2856671737004036
0.3043440324255725, 0.2856671737004036
0.3043440324255725, 0.2856671737004036
0.9295906099464386, 0.9776567091237751
0.9295906099464386, 0.9776567091237751
0.9295906099464386, 0.9776567091237751
0.9295906099464386, 0.9776567091237751
0.9295906099464386, 0.9776567091237751
0.9295906099464386, 0.9776567091237751
0.9295906099464386, 0.9776567091237751
0.9295906099464386, 0.9776567091237751
0.9295906099464386, 0.9776567091237751
0.9295906099464386, 0.9776567091237751
0.485890082516923, 0.35177296268814895
0.485890082516923, 0.35177296268814895
0.485890082516923, 0.35177296268814895
0.485890082516923, 0.35177296268814895
0.485890082516923, 0.35177296268814895
0.485890082516923, 0.35177296268814895
0.485890082516923, 0.35177296268814895
0.485890082516923, 0.35177296268814895
0.485890082516923, 0.35177296268814895
0.485890082516923, 0.35177296268814895
0.44402322960433804, 0.6303702653501175
0.44402322960433804, 0.6303702653501175
0.44402322960433804, 0.6303702653501175
0.44402322960433804, 0.6303702653501175
0.44402322960433804, 0.6303702653501175
0.44402322960433804, 0.6303702653501175
0.44402322960433804, 0.6303702653501175
0.44402322960433804, 0.6303702653501175
0.44402322960433804, 0.6303702653501175
0.44402322960433804, 0.6303702653501175
