1e-05
0.2248045026536959, 0.19736500065144014
0.2248045026536959, 0.19736500065144014
0.2248045026536959, 0.19736500065144014
0.2248045026536959, 0.19736500065144014
0.2248045026536959, 0.19736500065144014
0.2248045026536959, 0.19736500065144014
0.2248045026536959, 0.19736500065144014
0.2248045026536959, 0.19736500065144014
0.2248045026536959, 0.19736500065144014
0.2248045026536959, 0.19736500065144014
0.7025507820798061, 0.14637682153697407
0.7025507820798061, 0.14637682153697407
0.7025507820798061, 0.14637682153697407
0.7025507820798061, 0.14637682153697407
0.7025507820798061, 0.14637682153697407
0.7025507820798061, 0.14637682153697407
0.7025507820798061, 0.14637682153697407
0.7025507820798061, 0.14637682153697407
0.7025507820798061, 0.14637682153697407
0.7025507820798061, 0.14637682153697407
0.7150171503372442, 0.9450767631120343
0.7150171503372442, 0.9450767631120343
0.7150171503372442, 0.9450767631120343
0.7150171503372442, 0.9450767631120343
0.7150171503372442, 0.9450767631120343
0.7150171503372442, 0.9450767631120343
0.7150171503372442, 0.9450767631120343
0.7150171503372442, 0.9450767631120343
0.7150171503372442, 0.9450767631120343
0.7150171503372442, 0.9450767631120343
0.7151670813420641, 0.20431925644674442
0.7151670813420641, 0.20431925644674442
0.7151670813420641, 0.20431925644674442
0.7151670813420641, 0.20431925644674442
0.7151670813420641, 0.20431925644674442
0.7151670813420641, 0.20431925644674442
0.7151670813420641, 0.20431925644674442
0.7151670813420641, 0.20431925644674442
0.7151670813420641, 0.20431925644674442
0.7151670813420641, 0.20431925644674442
0.582064138962019, 0.592902648441138
0.582064138962019, 0.592902648441138
0.582064138962019, 0.592902648441138
0.582064138962019, 0.592902648441138
0.582064138962019, 0.592902648441138
0.582064138962019, 0.592902648441138
0.582064138962019, 0.592902648441138
0.582064138962019, 0.592902648441138
0.582064138962019, 0.592902648441138
0.582064138962019, 0.592902648441138
0.39524842745514766, 0.2775819542513084
0.39524842745514766, 0.2775819542513084
0.39524842745514766, 0.2775819542513084
0.39524842745514766, 0.2775819542513084
0.39524842745514766, 0.2775819542513084
0.39524842745514766, 0.2775819542513084
0.39524842745514766, 0.2775819542513084
0.39524842745514766, 0.2775819542513084
0.39524842745514766, 0.2775819542513084
0.39524842745514766, 0.2775819542513084
0.4549842966432711, 0.6052665112446233
0.4549842966432711, 0.6052665112446233
0.4549842966432711, 0.6052665112446233
0.4549842966432711, 0.6052665112446233
0.4549842966432711, 0.6052665112446233
0.4549842966432711, 0.6052665112446233
0.4549842966432711, 0.6052665112446233
0.4549842966432711, 0.6052665112446233
0.4549842966432711, 0.6052665112446233
0.4549842966432711, 0.6052665112446233
0.19901674848959672, 0.07943640828647414
0.19901674848959672, 0.07943640828647414
0.19901674848959672, 0.07943640828647414
0.19901674848959672, 0.07943640828647414
0.19901674848959672, 0.07943640828647414
0.19901674848959672, 0.07943640828647414
0.19901674848959672, 0.07943640828647414
0.19901674848959672, 0.07943640828647414
0.19901674848959672, 0.07943640828647414
0.19901674848959672, 0.07943640828647414
0.42156940190453096, 0.4108794892694927
0.42156940190453096, 0.4108794892694927
0.42156940190453096, 0.4108794892694927
0.42156940190453096, 0.4108794892694927
0.42156940190453096, 0.4108794892694927
0.42156940190453096, 0.4108794892694927
0.42156940190453096, 0.4108794892694927
0.42156940190453096, 0.4108794892694927
0.42156940190453096, 0.4108794892694927
0.42156940190453096, 0.4108794892694927
0.061229906826070435, 0.6208178067751804
0.061229906826070435, 0.6208178067751804
0.061229906826070435, 0.6208178067751804
0.061229906826070435, 0.6208178067751804
0.061229906826070435, 0.6208178067751804
0.061229906826070435, 0.6208178067751804
0.061229906826070435, 0.6208178067751804
0.061229906826070435, 0.6208178067751804
0.061229906826070435, 0.6208178067751804
0.061229906826070435, 0.6208178067751804
