1e-05
0.29939289729933827, 0.9428289712991167
0.29939289729933827, 0.9428289712991167
0.29939289729933827, 0.9428289712991167
0.29939289729933827, 0.9428289712991167
0.29939289729933827, 0.9428289712991167
0.29939289729933827, 0.9428289712991167
0.29939289729933827, 0.9428289712991167
0.29939289729933827, 0.9428289712991167
0.29939289729933827, 0.9428289712991167
0.29939289729933827, 0.9428289712991167
0.37262052252814404, 0.9531515396135598
0.37262052252814404, 0.9531515396135598
0.37262052252814404, 0.9531515396135598
0.37262052252814404, 0.9531515396135598
0.37262052252814404, 0.9531515396135598
0.37262052252814404, 0.9531515396135598
0.37262052252814404, 0.9531515396135598
0.37262052252814404, 0.9531515396135598
0.37262052252814404, 0.9531515396135598
0.37262052252814404, 0.9531515396135598
0.8073901016862126, 0.7317812199298023
0.8073901016862126, 0.7317812199298023
0.8073901016862126, 0.7317812199298023
0.8073901016862126, 0.7317812199298023
0.8073901016862126, 0.7317812199298023
0.8073901016862126, 0.7317812199298023
0.8073901016862126, 0.7317812199298023
0.8073901016862126, 0.7317812199298023
0.8073901016862126, 0.7317812199298023
0.8073901016862126, 0.7317812199298023
0.5160508834873365, 0.5971933928940556
0.5160508834873365, 0.5971933928940556
0.5160508834873365, 0.5971933928940556
0.5160508834873365, 0.5971933928940556
0.5160508834873365, 0.5971933928940556
0.5160508834873365, 0.5971933928940556
0.5160508834873365, 0.5971933928940556
0.5160508834873365, 0.5971933928940556
0.5160508834873365, 0.5971933928940556
0.5160508834873365, 0.5971933928940556
0.8812399508106928, 0.8905061327718461
0.8812399508106928, 0.8905061327718461
0.8812399508106928, 0.8905061327718461
0.8812399508106928, 0.8905061327718461
0.8812399508106928, 0.8905061327718461
0.8812399508106928, 0.8905061327718461
0.8812399508106928, 0.8905061327718461
0.8812399508106928, 0.8905061327718461
0.8812399508106928, 0.8905061327718461
0.8812399508106928, 0.8905061327718461
0.9147499616928383, 0.08530629249379862
0.9147499616928383, 0.08530629249379862
0.9147499616928383, 0.08530629249379862
0.9147499616928383, 0.08530629249379862
0.9147499616928383, 0.08530629249379862
0.9147499616928383, 0.08530629249379862
0.9147499616928383, 0.08530629249379862
0.9147499616928383, 0.08530629249379862
0.9147499616928383, 0.08530629249379862
0.9147499616928383, 0.08530629249379862
0.09886500720423985, 0.8129069792964774
0.09886500720423985, 0.8129069792964774
0.09886500720423985, 0.8129069792964774
0.09886500720423985, 0.8129069792964774
0.09886500720423985, 0.8129069792964774
0.09886500720423985, 0.8129069792964774
0.09886500720423985, 0.8129069792964774
0.09886500720423985, 0.8129069792964774
0.09886500720423985, 0.8129069792964774
0.09886500720423985, 0.8129069792964774
0.8392328010932295, 0.5504682161663036
0.8392328010932295, 0.5504682161663036
0.8392328010932295, 0.5504682161663036
0.8392328010932295, 0.5504682161663036
0.8392328010932295, 0.5504682161663036
0.8392328010932295, 0.5504682161663036
0.8392328010932295, 0.5504682161663036
0.8392328010932295, 0.5504682161663036
0.8392328010932295, 0.5504682161663036
0.8392328010932295, 0.5504682161663036
0.03925057572150892, 0.839537797324314
0.03925057572150892, 0.839537797324314
0.03925057572150892, 0.839537797324314
0.03925057572150892, 0.839537797324314
0.03925057572150892, 0.839537797324314
0.03925057572150892, 0.839537797324314
0.03925057572150892, 0.839537797324314
0.03925057572150892, 0.839537797324314
0.03925057572150892, 0.839537797324314
0.03925057572150892, 0.839537797324314
0.8391922292015584, 0.7581165294846194
0.8391922292015584, 0.7581165294846194
0.8391922292015584, 0.7581165294846194
0.8391922292015584, 0.7581165294846194
0.8391922292015584, 0.7581165294846194
0.8391922292015584, 0.7581165294846194
0.8391922292015584, 0.7581165294846194
0.8391922292015584, 0.7581165294846194
0.8391922292015584, 0.7581165294846194
0.8391922292015584, 0.7581165294846194
