1e-05
0.5512480519729188, 0.6657277268717662
0.5512480519729188, 0.6657277268717662
0.5512480519729188, 0.6657277268717662
0.5512480519729188, 0.6657277268717662
0.5512480519729188, 0.6657277268717662
0.5512480519729188, 0.6657277268717662
0.5512480519729188, 0.6657277268717662
0.5512480519729188, 0.6657277268717662
0.5512480519729188, 0.6657277268717662
0.5512480519729188, 0.6657277268717662
0.9176625009864484, 0.5448050508809514
0.9176625009864484, 0.5448050508809514
0.9176625009864484, 0.5448050508809514
0.9176625009864484, 0.5448050508809514
0.9176625009864484, 0.5448050508809514
0.9176625009864484, 0.5448050508809514
0.9176625009864484, 0.5448050508809514
0.9176625009864484, 0.5448050508809514
0.9176625009864484, 0.5448050508809514
0.9176625009864484, 0.5448050508809514
0.5946682203353388, 0.9365997743151485
0.5946682203353388, 0.9365997743151485
0.5946682203353388, 0.9365997743151485
0.5946682203353388, 0.9365997743151485
0.5946682203353388, 0.9365997743151485
0.5946682203353388, 0.9365997743151485
0.5946682203353388, 0.9365997743151485
0.5946682203353388, 0.9365997743151485
0.5946682203353388, 0.9365997743151485
0.5946682203353388, 0.9365997743151485
0.02518854517077196, 0.579683651096626
0.02518854517077196, 0.579683651096626
0.02518854517077196, 0.579683651096626
0.02518854517077196, 0.579683651096626
0.02518854517077196, 0.579683651096626
0.02518854517077196, 0.579683651096626
0.02518854517077196, 0.579683651096626
0.02518854517077196, 0.579683651096626
0.02518854517077196, 0.579683651096626
0.02518854517077196, 0.579683651096626
0.8726037731716926, 0.7784138758804336
0.8726037731716926, 0.7784138758804336
0.8726037731716926, 0.7784138758804336
0.8726037731716926, 0.7784138758804336
0.8726037731716926, 0.7784138758804336
0.8726037731716926, 0.7784138758804336
0.8726037731716926, 0.7784138758804336
0.8726037731716926, 0.7784138758804336
0.8726037731716926, 0.7784138758804336
0.8726037731716926, 0.7784138758804336
0.7496200411988279, 0.7537231345001363
0.7496200411988279, 0.7537231345001363
0.7496200411988279, 0.7537231345001363
0.7496200411988279, 0.7537231345001363
0.7496200411988279, 0.7537231345001363
0.7496200411988279, 0.7537231345001363
0.7496200411988279, 0.7537231345001363
0.7496200411988279, 0.7537231345001363
0.7496200411988279, 0.7537231345001363
0.7496200411988279, 0.7537231345001363
0.8289569167487987, 0.42201285380701525
0.8289569167487987, 0.42201285380701525
0.8289569167487987, 0.42201285380701525
0.8289569167487987, 0.42201285380701525
0.8289569167487987, 0.42201285380701525
0.8289569167487987, 0.42201285380701525
0.8289569167487987, 0.42201285380701525
0.8289569167487987, 0.42201285380701525
0.8289569167487987, 0.42201285380701525
0.8289569167487987, 0.42201285380701525
0.8766313808542419, 0.8433811527924772
0.8766313808542419, 0.8433811527924772
0.8766313808542419, 0.8433811527924772
0.8766313808542419, 0.8433811527924772
0.8766313808542419, 0.8433811527924772
0.8766313808542419, 0.8433811527924772
0.8766313808542419, 0.8433811527924772
0.8766313808542419, 0.8433811527924772
0.8766313808542419, 0.8433811527924772
0.8766313808542419, 0.8433811527924772
0.19001897036673165, 0.8912385729206702
0.19001897036673165, 0.8912385729206702
0.19001897036673165, 0.8912385729206702
0.19001897036673165, 0.8912385729206702
0.19001897036673165, 0.8912385729206702
0.19001897036673165, 0.8912385729206702
0.19001897036673165, 0.8912385729206702
0.19001897036673165, 0.8912385729206702
0.19001897036673165, 0.8912385729206702
0.19001897036673165, 0.8912385729206702
0.3876919828017139, 0.23571974285381725
0.3876919828017139, 0.23571974285381725
0.3876919828017139, 0.23571974285381725
0.3876919828017139, 0.23571974285381725
0.3876919828017139, 0.23571974285381725
0.3876919828017139, 0.23571974285381725
0.3876919828017139, 0.23571974285381725
0.3876919828017139, 0.23571974285381725
0.3876919828017139, 0.23571974285381725
0.3876919828017139, 0.23571974285381725
