1e-05
0.5036408096580031, 0.3184142134947362
0.6622809827944549, 0.12248977363317048
0.24919863030452438, 0.37702083696936695
0.8179998698228916, 0.07632535574481902
0.9047746878369372, 0.18812386006013626
0.19130055569176108, 0.36024142152677774
0.4826577624254663, 0.2886562005012311
0.14518030478884114, 0.5534330702258788
0.3498501036514332, 0.7919357740625941
0.770930641655927, 0.6763429860636966
0.755359956408554, 0.9461559695371313
0.09475257236491041, 0.9843939762884044
0.05264943152705126, 0.0577925786362854
0.31185517942749763, 0.5361066749131153
0.07482822538700451, 0.832007637358533
0.7768964046632686, 0.2002932787709878
0.3812361603366273, 0.22391111639017613
0.05411010961639251, 0.02755186921162156
0.14441696964116024, 0.4634342086465425
0.7051386338863825, 0.5199721544302578
0.8837507753752735, 0.5939165953082554
0.9584611420049101, 0.6365116723485434
0.9443181625102506, 0.58164187405932
0.569676801991892, 0.6934928106806296
0.7626080059592228, 0.11178729401729326
0.2793418921202532, 0.8255479230402128
0.3863678151718778, 0.9860723444085033
0.9131460969221523, 0.44960488717186464
0.3804500727034702, 0.0964992457704631
0.6331094259152815, 0.8990352160997452
0.8339032727452315, 0.07541266239057642
0.019261643390176664, 0.8794248444654716
0.49220299729404127, 0.17756092155159708
0.7241971970479759, 0.7107527779056625
0.33883533297953694, 0.24757556491390398
0.5906347075972537, 0.5940193855968299
0.22425612757501923, 0.11829316393690659
0.02533030653862811, 0.2500763969684717
0.893462620586054, 0.1712471014818675
0.5234896118376579, 0.06803329898752475
0.29549153574305886, 0.581133473274817
0.4989494340864905, 0.40452740515254026
0.9695796417344068, 0.16839468913570044
0.9042846935304875, 0.19618616513577136
0.3558849624019501, 0.7313996480346847
0.6359099219827438, 0.3333137568975305
0.9809036351872968, 0.6669083310879292
0.6348830257956335, 0.606990128454227
0.08008790184184156, 0.18068546353564907
0.28310155531362835, 0.3508933353522863
0.7383907290660066, 0.6779709933411319
0.4936462851680731, 0.7467040539881996
0.8243090930234885, 0.8112300302307625
0.8823373114842492, 0.3594242498967133
0.3481320995575943, 0.3410138493871243
0.22854798300377432, 0.7540051902345638
0.07979967493183915, 0.044567146235816146
0.6554643064932597, 0.868138124241104
0.16689134842150388, 0.3217077811763731
0.42500561979815576, 0.43145491937090075
0.5769220725873191, 0.3903222119931429
0.6907625185047713, 0.5223040910728521
0.8308201823690663, 0.5330469534132831
0.10468825456018438, 0.2557048349743166
0.6536339973695623, 0.0049420668040652815
0.435266004921532, 0.2351896345133866
0.3082926295469507, 0.5601495722994365
0.8554706638929791, 0.8852614591875363
0.30579505540627994, 0.902874235297932
0.35962759906479946, 0.7520926623443405
0.56091217137976, 0.2181659454032978
0.6926819128276848, 0.7475000335646641
0.15349916795986196, 0.24064472073000331
0.608553988114336, 0.5332053496186356
0.9382116313349856, 0.5772756600903045
0.3863269553450682, 0.6549930939591
0.391106955266479, 0.9952926874714992
0.833701231314255, 0.12757183126636085
0.9092539464141858, 0.607370073351037
0.9334673348150373, 0.7058341928352959
0.22991253543639456, 0.296824694732266
0.6642557594667285, 0.7101942667398657
0.06130249930215537, 0.9894530210923107
0.683252003619316, 0.060924548262551115
0.6319534989111304, 0.9967133671540698
0.11254812633562128, 0.36905404673628106
0.7287437722453008, 0.08730307917251057
0.42865021150886917, 0.79104548897135
0.9929077705043661, 0.9317526016488955
0.3865687423171479, 0.18913428126774112
0.14209064061774768, 0.25500284843362675
0.915331731210345, 0.14065330089976535
0.5650386454657657, 0.1609668159914205
0.6027729850613015, 0.7566992935836292
0.7245945037113322, 0.06952497112700029
0.047651706812642414, 0.8398167628064874
0.3970025406524472, 0.8120048546971924
0.919610178782503, 0.9134362707372993
0.09194658963487956, 0.9874249583564767
0.6737196879024454, 0.7544798460718538
