1e-05
0.8299302235031287, 0.6035084017057679
0.8299302235031287, 0.6035084017057679
0.8299302235031287, 0.6035084017057679
0.8299302235031287, 0.6035084017057679
0.8299302235031287, 0.6035084017057679
0.8299302235031287, 0.6035084017057679
0.8299302235031287, 0.6035084017057679
0.8299302235031287, 0.6035084017057679
0.8299302235031287, 0.6035084017057679
0.8299302235031287, 0.6035084017057679
0.6526550538728314, 0.9950248520619518
0.6526550538728314, 0.9950248520619518
0.6526550538728314, 0.9950248520619518
0.6526550538728314, 0.9950248520619518
0.6526550538728314, 0.9950248520619518
0.6526550538728314, 0.9950248520619518
0.6526550538728314, 0.9950248520619518
0.6526550538728314, 0.9950248520619518
0.6526550538728314, 0.9950248520619518
0.6526550538728314, 0.9950248520619518
0.8130370122729232, 0.9590137777083986
0.8130370122729232, 0.9590137777083986
0.8130370122729232, 0.9590137777083986
0.8130370122729232, 0.9590137777083986
0.8130370122729232, 0.9590137777083986
0.8130370122729232, 0.9590137777083986
0.8130370122729232, 0.9590137777083986
0.8130370122729232, 0.9590137777083986
0.8130370122729232, 0.9590137777083986
0.8130370122729232, 0.9590137777083986
0.4090664304660988, 0.8768289929413993
0.4090664304660988, 0.8768289929413993
0.4090664304660988, 0.8768289929413993
0.4090664304660988, 0.8768289929413993
0.4090664304660988, 0.8768289929413993
0.4090664304660988, 0.8768289929413993
0.4090664304660988, 0.8768289929413993
0.4090664304660988, 0.8768289929413993
0.4090664304660988, 0.8768289929413993
0.4090664304660988, 0.8768289929413993
0.08522796339573369, 0.4822351872881817
0.08522796339573369, 0.4822351872881817
0.08522796339573369, 0.4822351872881817
0.08522796339573369, 0.4822351872881817
0.08522796339573369, 0.4822351872881817
0.08522796339573369, 0.4822351872881817
0.08522796339573369, 0.4822351872881817
0.08522796339573369, 0.4822351872881817
0.08522796339573369, 0.4822351872881817
0.08522796339573369, 0.4822351872881817
0.729306611012437, 0.7166890665301919
0.729306611012437, 0.7166890665301919
0.729306611012437, 0.7166890665301919
0.729306611012437, 0.7166890665301919
0.729306611012437, 0.7166890665301919
0.729306611012437, 0.7166890665301919
0.729306611012437, 0.7166890665301919
0.729306611012437, 0.7166890665301919
0.729306611012437, 0.7166890665301919
0.729306611012437, 0.7166890665301919
0.8410699440336217, 0.7539339318415754
0.8410699440336217, 0.7539339318415754
0.8410699440336217, 0.7539339318415754
0.8410699440336217, 0.7539339318415754
0.8410699440336217, 0.7539339318415754
0.8410699440336217, 0.7539339318415754
0.8410699440336217, 0.7539339318415754
0.8410699440336217, 0.7539339318415754
0.8410699440336217, 0.7539339318415754
0.8410699440336217, 0.7539339318415754
0.0236611864860784, 0.8546621919556098
0.0236611864860784, 0.8546621919556098
0.0236611864860784, 0.8546621919556098
0.0236611864860784, 0.8546621919556098
0.0236611864860784, 0.8546621919556098
0.0236611864860784, 0.8546621919556098
0.0236611864860784, 0.8546621919556098
0.0236611864860784, 0.8546621919556098
0.0236611864860784, 0.8546621919556098
0.0236611864860784, 0.8546621919556098
0.05698223705788674, 0.4975829310221421
0.05698223705788674, 0.4975829310221421
0.05698223705788674, 0.4975829310221421
0.05698223705788674, 0.4975829310221421
0.05698223705788674, 0.4975829310221421
0.05698223705788674, 0.4975829310221421
0.05698223705788674, 0.4975829310221421
0.05698223705788674, 0.4975829310221421
0.05698223705788674, 0.4975829310221421
0.05698223705788674, 0.4975829310221421
0.5578926532807555, 0.5639570035218996
0.5578926532807555, 0.5639570035218996
0.5578926532807555, 0.5639570035218996
0.5578926532807555, 0.5639570035218996
0.5578926532807555, 0.5639570035218996
0.5578926532807555, 0.5639570035218996
0.5578926532807555, 0.5639570035218996
0.5578926532807555, 0.5639570035218996
0.5578926532807555, 0.5639570035218996
0.5578926532807555, 0.5639570035218996
