1e-05
0.3359726626686491, 0.8672030874585245
0.3359726626686491, 0.8672030874585245
0.3359726626686491, 0.8672030874585245
0.3359726626686491, 0.8672030874585245
0.3359726626686491, 0.8672030874585245
0.3359726626686491, 0.8672030874585245
0.3359726626686491, 0.8672030874585245
0.3359726626686491, 0.8672030874585245
0.3359726626686491, 0.8672030874585245
0.3359726626686491, 0.8672030874585245
0.19706668466830735, 0.0748874105391022
0.19706668466830735, 0.0748874105391022
0.19706668466830735, 0.0748874105391022
0.19706668466830735, 0.0748874105391022
0.19706668466830735, 0.0748874105391022
0.19706668466830735, 0.0748874105391022
0.19706668466830735, 0.0748874105391022
0.19706668466830735, 0.0748874105391022
0.19706668466830735, 0.0748874105391022
0.19706668466830735, 0.0748874105391022
0.672620874515233, 0.1329651165170569
0.672620874515233, 0.1329651165170569
0.672620874515233, 0.1329651165170569
0.672620874515233, 0.1329651165170569
0.672620874515233, 0.1329651165170569
0.672620874515233, 0.1329651165170569
0.672620874515233, 0.1329651165170569
0.672620874515233, 0.1329651165170569
0.672620874515233, 0.1329651165170569
0.672620874515233, 0.1329651165170569
0.8503517524749848, 0.658765945314578
0.8503517524749848, 0.658765945314578
0.8503517524749848, 0.658765945314578
0.8503517524749848, 0.658765945314578
0.8503517524749848, 0.658765945314578
0.8503517524749848, 0.658765945314578
0.8503517524749848, 0.658765945314578
0.8503517524749848, 0.658765945314578
0.8503517524749848, 0.658765945314578
0.8503517524749848, 0.658765945314578
0.7434648892693206, 0.8392155176321254
0.7434648892693206, 0.8392155176321254
0.7434648892693206, 0.8392155176321254
0.7434648892693206, 0.8392155176321254
0.7434648892693206, 0.8392155176321254
0.7434648892693206, 0.8392155176321254
0.7434648892693206, 0.8392155176321254
0.7434648892693206, 0.8392155176321254
0.7434648892693206, 0.8392155176321254
0.7434648892693206, 0.8392155176321254
0.4661052343508594, 0.3761322109143651
0.4661052343508594, 0.3761322109143651
0.4661052343508594, 0.3761322109143651
0.4661052343508594, 0.3761322109143651
0.4661052343508594, 0.3761322109143651
0.4661052343508594, 0.3761322109143651
0.4661052343508594, 0.3761322109143651
0.4661052343508594, 0.3761322109143651
0.4661052343508594, 0.3761322109143651
0.4661052343508594, 0.3761322109143651
0.16986060788237345, 0.21462458423351283
0.16986060788237345, 0.21462458423351283
0.16986060788237345, 0.21462458423351283
0.16986060788237345, 0.21462458423351283
0.16986060788237345, 0.21462458423351283
0.16986060788237345, 0.21462458423351283
0.16986060788237345, 0.21462458423351283
0.16986060788237345, 0.21462458423351283
0.16986060788237345, 0.21462458423351283
0.16986060788237345, 0.21462458423351283
0.3350016509818655, 0.30756444621496903
0.3350016509818655, 0.30756444621496903
0.3350016509818655, 0.30756444621496903
0.3350016509818655, 0.30756444621496903
0.3350016509818655, 0.30756444621496903
0.3350016509818655, 0.30756444621496903
0.3350016509818655, 0.30756444621496903
0.3350016509818655, 0.30756444621496903
0.3350016509818655, 0.30756444621496903
0.3350016509818655, 0.30756444621496903
0.9242481216065208, 0.6961913540787327
0.9242481216065208, 0.6961913540787327
0.9242481216065208, 0.6961913540787327
0.9242481216065208, 0.6961913540787327
0.9242481216065208, 0.6961913540787327
0.9242481216065208, 0.6961913540787327
0.9242481216065208, 0.6961913540787327
0.9242481216065208, 0.6961913540787327
0.9242481216065208, 0.6961913540787327
0.9242481216065208, 0.6961913540787327
0.3139209853210001, 0.8332860300966197
0.3139209853210001, 0.8332860300966197
0.3139209853210001, 0.8332860300966197
0.3139209853210001, 0.8332860300966197
0.3139209853210001, 0.8332860300966197
0.3139209853210001, 0.8332860300966197
0.3139209853210001, 0.8332860300966197
0.3139209853210001, 0.8332860300966197
0.3139209853210001, 0.8332860300966197
0.3139209853210001, 0.8332860300966197
