1e-05
0.2488976027567017, 0.6227803857795132
0.2488976027567017, 0.6227803857795132
0.2488976027567017, 0.6227803857795132
0.2488976027567017, 0.6227803857795132
0.2488976027567017, 0.6227803857795132
0.2488976027567017, 0.6227803857795132
0.2488976027567017, 0.6227803857795132
0.2488976027567017, 0.6227803857795132
0.2488976027567017, 0.6227803857795132
0.2488976027567017, 0.6227803857795132
0.5428393150796228, 0.22823968760058277
0.5428393150796228, 0.22823968760058277
0.5428393150796228, 0.22823968760058277
0.5428393150796228, 0.22823968760058277
0.5428393150796228, 0.22823968760058277
0.5428393150796228, 0.22823968760058277
0.5428393150796228, 0.22823968760058277
0.5428393150796228, 0.22823968760058277
0.5428393150796228, 0.22823968760058277
0.5428393150796228, 0.22823968760058277
0.7229034018184821, 0.9555053241735583
0.7229034018184821, 0.9555053241735583
0.7229034018184821, 0.9555053241735583
0.7229034018184821, 0.9555053241735583
0.7229034018184821, 0.9555053241735583
0.7229034018184821, 0.9555053241735583
0.7229034018184821, 0.9555053241735583
0.7229034018184821, 0.9555053241735583
0.7229034018184821, 0.9555053241735583
0.7229034018184821, 0.9555053241735583
0.008171192257328985, 0.8444916261624045
0.008171192257328985, 0.8444916261624045
0.008171192257328985, 0.8444916261624045
0.008171192257328985, 0.8444916261624045
0.008171192257328985, 0.8444916261624045
0.008171192257328985, 0.8444916261624045
0.008171192257328985, 0.8444916261624045
0.008171192257328985, 0.8444916261624045
0.008171192257328985, 0.8444916261624045
0.008171192257328985, 0.8444916261624045
0.4266707226238776, 0.023375923921809982
0.4266707226238776, 0.023375923921809982
0.4266707226238776, 0.023375923921809982
0.4266707226238776, 0.023375923921809982
0.4266707226238776, 0.023375923921809982
0.4266707226238776, 0.023375923921809982
0.4266707226238776, 0.023375923921809982
0.4266707226238776, 0.023375923921809982
0.4266707226238776, 0.023375923921809982
0.4266707226238776, 0.023375923921809982
0.36670723046014786, 0.6408988971299195
0.36670723046014786, 0.6408988971299195
0.36670723046014786, 0.6408988971299195
0.36670723046014786, 0.6408988971299195
0.36670723046014786, 0.6408988971299195
0.36670723046014786, 0.6408988971299195
0.36670723046014786, 0.6408988971299195
0.36670723046014786, 0.6408988971299195
0.36670723046014786, 0.6408988971299195
0.36670723046014786, 0.6408988971299195
0.6224205857950437, 0.5035695553384887
0.6224205857950437, 0.5035695553384887
0.6224205857950437, 0.5035695553384887
0.6224205857950437, 0.5035695553384887
0.6224205857950437, 0.5035695553384887
0.6224205857950437, 0.5035695553384887
0.6224205857950437, 0.5035695553384887
0.6224205857950437, 0.5035695553384887
0.6224205857950437, 0.5035695553384887
0.6224205857950437, 0.5035695553384887
0.715160046178126, 0.6387734826343077
0.715160046178126, 0.6387734826343077
0.715160046178126, 0.6387734826343077
0.715160046178126, 0.6387734826343077
0.715160046178126, 0.6387734826343077
0.715160046178126, 0.6387734826343077
0.715160046178126, 0.6387734826343077
0.715160046178126, 0.6387734826343077
0.715160046178126, 0.6387734826343077
0.715160046178126, 0.6387734826343077
0.6957546094124658, 0.016531452213958464
0.6957546094124658, 0.016531452213958464
0.6957546094124658, 0.016531452213958464
0.6957546094124658, 0.016531452213958464
0.6957546094124658, 0.016531452213958464
0.6957546094124658, 0.016531452213958464
0.6957546094124658, 0.016531452213958464
0.6957546094124658, 0.016531452213958464
0.6957546094124658, 0.016531452213958464
0.6957546094124658, 0.016531452213958464
0.16850530938986574, 0.7156874826318841
0.16850530938986574, 0.7156874826318841
0.16850530938986574, 0.7156874826318841
0.16850530938986574, 0.7156874826318841
0.16850530938986574, 0.7156874826318841
0.16850530938986574, 0.7156874826318841
0.16850530938986574, 0.7156874826318841
0.16850530938986574, 0.7156874826318841
0.16850530938986574, 0.7156874826318841
0.16850530938986574, 0.7156874826318841
