1e-05
0.26921471079310544, 0.8810485378218683
0.26921471079310544, 0.8810485378218683
0.26921471079310544, 0.8810485378218683
0.26921471079310544, 0.8810485378218683
0.26921471079310544, 0.8810485378218683
0.26921471079310544, 0.8810485378218683
0.26921471079310544, 0.8810485378218683
0.26921471079310544, 0.8810485378218683
0.26921471079310544, 0.8810485378218683
0.26921471079310544, 0.8810485378218683
0.8235562909843154, 0.8642751468883796
0.8235562909843154, 0.8642751468883796
0.8235562909843154, 0.8642751468883796
0.8235562909843154, 0.8642751468883796
0.8235562909843154, 0.8642751468883796
0.8235562909843154, 0.8642751468883796
0.8235562909843154, 0.8642751468883796
0.8235562909843154, 0.8642751468883796
0.8235562909843154, 0.8642751468883796
0.8235562909843154, 0.8642751468883796
0.03202704228904585, 0.8594955750230721
0.03202704228904585, 0.8594955750230721
0.03202704228904585, 0.8594955750230721
0.03202704228904585, 0.8594955750230721
0.03202704228904585, 0.8594955750230721
0.03202704228904585, 0.8594955750230721
0.03202704228904585, 0.8594955750230721
0.03202704228904585, 0.8594955750230721
0.03202704228904585, 0.8594955750230721
0.03202704228904585, 0.8594955750230721
0.14486215823327253, 0.7524742223014307
0.14486215823327253, 0.7524742223014307
0.14486215823327253, 0.7524742223014307
0.14486215823327253, 0.7524742223014307
0.14486215823327253, 0.7524742223014307
0.14486215823327253, 0.7524742223014307
0.14486215823327253, 0.7524742223014307
0.14486215823327253, 0.7524742223014307
0.14486215823327253, 0.7524742223014307
0.14486215823327253, 0.7524742223014307
0.21371039331484554, 0.7390151114984117
0.21371039331484554, 0.7390151114984117
0.21371039331484554, 0.7390151114984117
0.21371039331484554, 0.7390151114984117
0.21371039331484554, 0.7390151114984117
0.21371039331484554, 0.7390151114984117
0.21371039331484554, 0.7390151114984117
0.21371039331484554, 0.7390151114984117
0.21371039331484554, 0.7390151114984117
0.21371039331484554, 0.7390151114984117
0.9784943947336682, 0.015978028951914913
0.9784943947336682, 0.015978028951914913
0.9784943947336682, 0.015978028951914913
0.9784943947336682, 0.015978028951914913
0.9784943947336682, 0.015978028951914913
0.9784943947336682, 0.015978028951914913
0.9784943947336682, 0.015978028951914913
0.9784943947336682, 0.015978028951914913
0.9784943947336682, 0.015978028951914913
0.9784943947336682, 0.015978028951914913
0.08751044754614268, 0.6210763702317149
0.08751044754614268, 0.6210763702317149
0.08751044754614268, 0.6210763702317149
0.08751044754614268, 0.6210763702317149
0.08751044754614268, 0.6210763702317149
0.08751044754614268, 0.6210763702317149
0.08751044754614268, 0.6210763702317149
0.08751044754614268, 0.6210763702317149
0.08751044754614268, 0.6210763702317149
0.08751044754614268, 0.6210763702317149
0.6400468126593866, 0.3805896805290423
0.6400468126593866, 0.3805896805290423
0.6400468126593866, 0.3805896805290423
0.6400468126593866, 0.3805896805290423
0.6400468126593866, 0.3805896805290423
0.6400468126593866, 0.3805896805290423
0.6400468126593866, 0.3805896805290423
0.6400468126593866, 0.3805896805290423
0.6400468126593866, 0.3805896805290423
0.6400468126593866, 0.3805896805290423
0.3428796568796495, 0.01974084332060244
0.3428796568796495, 0.01974084332060244
0.3428796568796495, 0.01974084332060244
0.3428796568796495, 0.01974084332060244
0.3428796568796495, 0.01974084332060244
0.3428796568796495, 0.01974084332060244
0.3428796568796495, 0.01974084332060244
0.3428796568796495, 0.01974084332060244
0.3428796568796495, 0.01974084332060244
0.3428796568796495, 0.01974084332060244
0.4559877099860955, 0.4123542355469534
0.4559877099860955, 0.4123542355469534
0.4559877099860955, 0.4123542355469534
0.4559877099860955, 0.4123542355469534
0.4559877099860955, 0.4123542355469534
0.4559877099860955, 0.4123542355469534
0.4559877099860955, 0.4123542355469534
0.4559877099860955, 0.4123542355469534
0.4559877099860955, 0.4123542355469534
0.4559877099860955, 0.4123542355469534
