1e-05
0.09117595452242888, 0.03725839195920133
0.09117595452242888, 0.03725839195920133
0.09117595452242888, 0.03725839195920133
0.09117595452242888, 0.03725839195920133
0.09117595452242888, 0.03725839195920133
0.09117595452242888, 0.03725839195920133
0.09117595452242888, 0.03725839195920133
0.09117595452242888, 0.03725839195920133
0.09117595452242888, 0.03725839195920133
0.09117595452242888, 0.03725839195920133
0.15464935311980155, 0.7919446954975641
0.15464935311980155, 0.7919446954975641
0.15464935311980155, 0.7919446954975641
0.15464935311980155, 0.7919446954975641
0.15464935311980155, 0.7919446954975641
0.15464935311980155, 0.7919446954975641
0.15464935311980155, 0.7919446954975641
0.15464935311980155, 0.7919446954975641
0.15464935311980155, 0.7919446954975641
0.15464935311980155, 0.7919446954975641
0.2884297901680921, 0.7740452470929942
0.2884297901680921, 0.7740452470929942
0.2884297901680921, 0.7740452470929942
0.2884297901680921, 0.7740452470929942
0.2884297901680921, 0.7740452470929942
0.2884297901680921, 0.7740452470929942
0.2884297901680921, 0.7740452470929942
0.2884297901680921, 0.7740452470929942
0.2884297901680921, 0.7740452470929942
0.2884297901680921, 0.7740452470929942
0.15365188986179046, 0.6278918146028635
0.15365188986179046, 0.6278918146028635
0.15365188986179046, 0.6278918146028635
0.15365188986179046, 0.6278918146028635
0.15365188986179046, 0.6278918146028635
0.15365188986179046, 0.6278918146028635
0.15365188986179046, 0.6278918146028635
0.15365188986179046, 0.6278918146028635
0.15365188986179046, 0.6278918146028635
0.15365188986179046, 0.6278918146028635
0.7754495148241913, 0.5349053713797057
0.7754495148241913, 0.5349053713797057
0.7754495148241913, 0.5349053713797057
0.7754495148241913, 0.5349053713797057
0.7754495148241913, 0.5349053713797057
0.7754495148241913, 0.5349053713797057
0.7754495148241913, 0.5349053713797057
0.7754495148241913, 0.5349053713797057
0.7754495148241913, 0.5349053713797057
0.7754495148241913, 0.5349053713797057
0.742956068633297, 0.884882109919234
0.742956068633297, 0.884882109919234
0.742956068633297, 0.884882109919234
0.742956068633297, 0.884882109919234
0.742956068633297, 0.884882109919234
0.742956068633297, 0.884882109919234
0.742956068633297, 0.884882109919234
0.742956068633297, 0.884882109919234
0.742956068633297, 0.884882109919234
0.742956068633297, 0.884882109919234
0.1258655092164217, 0.3661323939763915
0.1258655092164217, 0.3661323939763915
0.1258655092164217, 0.3661323939763915
0.1258655092164217, 0.3661323939763915
0.1258655092164217, 0.3661323939763915
0.1258655092164217, 0.3661323939763915
0.1258655092164217, 0.3661323939763915
0.1258655092164217, 0.3661323939763915
0.1258655092164217, 0.3661323939763915
0.1258655092164217, 0.3661323939763915
0.34723189886226136, 0.5723159483447137
0.34723189886226136, 0.5723159483447137
0.34723189886226136, 0.5723159483447137
0.34723189886226136, 0.5723159483447137
0.34723189886226136, 0.5723159483447137
0.34723189886226136, 0.5723159483447137
0.34723189886226136, 0.5723159483447137
0.34723189886226136, 0.5723159483447137
0.34723189886226136, 0.5723159483447137
0.34723189886226136, 0.5723159483447137
0.7795043870521617, 0.7801417263899992
0.7795043870521617, 0.7801417263899992
0.7795043870521617, 0.7801417263899992
0.7795043870521617, 0.7801417263899992
0.7795043870521617, 0.7801417263899992
0.7795043870521617, 0.7801417263899992
0.7795043870521617, 0.7801417263899992
0.7795043870521617, 0.7801417263899992
0.7795043870521617, 0.7801417263899992
0.7795043870521617, 0.7801417263899992
0.6719030597903677, 0.10246205815084541
0.6719030597903677, 0.10246205815084541
0.6719030597903677, 0.10246205815084541
0.6719030597903677, 0.10246205815084541
0.6719030597903677, 0.10246205815084541
0.6719030597903677, 0.10246205815084541
0.6719030597903677, 0.10246205815084541
0.6719030597903677, 0.10246205815084541
0.6719030597903677, 0.10246205815084541
0.6719030597903677, 0.10246205815084541
