1e-05
0.009180108212194837, 0.05449058368660731
0.009180108212194837, 0.05449058368660731
0.009180108212194837, 0.05449058368660731
0.009180108212194837, 0.05449058368660731
0.009180108212194837, 0.05449058368660731
0.009180108212194837, 0.05449058368660731
0.009180108212194837, 0.05449058368660731
0.009180108212194837, 0.05449058368660731
0.009180108212194837, 0.05449058368660731
0.009180108212194837, 0.05449058368660731
0.586549169532178, 0.5553678110119716
0.586549169532178, 0.5553678110119716
0.586549169532178, 0.5553678110119716
0.586549169532178, 0.5553678110119716
0.586549169532178, 0.5553678110119716
0.586549169532178, 0.5553678110119716
0.586549169532178, 0.5553678110119716
0.586549169532178, 0.5553678110119716
0.586549169532178, 0.5553678110119716
0.586549169532178, 0.5553678110119716
0.20718677767606364, 0.7109651323235106
0.20718677767606364, 0.7109651323235106
0.20718677767606364, 0.7109651323235106
0.20718677767606364, 0.7109651323235106
0.20718677767606364, 0.7109651323235106
0.20718677767606364, 0.7109651323235106
0.20718677767606364, 0.7109651323235106
0.20718677767606364, 0.7109651323235106
0.20718677767606364, 0.7109651323235106
0.20718677767606364, 0.7109651323235106
0.9512594349264887, 0.20610596414103188
0.9512594349264887, 0.20610596414103188
0.9512594349264887, 0.20610596414103188
0.9512594349264887, 0.20610596414103188
0.9512594349264887, 0.20610596414103188
0.9512594349264887, 0.20610596414103188
0.9512594349264887, 0.20610596414103188
0.9512594349264887, 0.20610596414103188
0.9512594349264887, 0.20610596414103188
0.9512594349264887, 0.20610596414103188
0.08020175154820675, 0.12914576472588546
0.08020175154820675, 0.12914576472588546
0.08020175154820675, 0.12914576472588546
0.08020175154820675, 0.12914576472588546
0.08020175154820675, 0.12914576472588546
0.08020175154820675, 0.12914576472588546
0.08020175154820675, 0.12914576472588546
0.08020175154820675, 0.12914576472588546
0.08020175154820675, 0.12914576472588546
0.08020175154820675, 0.12914576472588546
0.6595251771868214, 0.6571408796396763
0.6595251771868214, 0.6571408796396763
0.6595251771868214, 0.6571408796396763
0.6595251771868214, 0.6571408796396763
0.6595251771868214, 0.6571408796396763
0.6595251771868214, 0.6571408796396763
0.6595251771868214, 0.6571408796396763
0.6595251771868214, 0.6571408796396763
0.6595251771868214, 0.6571408796396763
0.6595251771868214, 0.6571408796396763
0.2780693495913643, 0.8859432213719013
0.2780693495913643, 0.8859432213719013
0.2780693495913643, 0.8859432213719013
0.2780693495913643, 0.8859432213719013
0.2780693495913643, 0.8859432213719013
0.2780693495913643, 0.8859432213719013
0.2780693495913643, 0.8859432213719013
0.2780693495913643, 0.8859432213719013
0.2780693495913643, 0.8859432213719013
0.2780693495913643, 0.8859432213719013
0.5818399386350434, 0.9748698206870187
0.5818399386350434, 0.9748698206870187
0.5818399386350434, 0.9748698206870187
0.5818399386350434, 0.9748698206870187
0.5818399386350434, 0.9748698206870187
0.5818399386350434, 0.9748698206870187
0.5818399386350434, 0.9748698206870187
0.5818399386350434, 0.9748698206870187
0.5818399386350434, 0.9748698206870187
0.5818399386350434, 0.9748698206870187
0.9424858674252868, 0.4570092282483855
0.9424858674252868, 0.4570092282483855
0.9424858674252868, 0.4570092282483855
0.9424858674252868, 0.4570092282483855
0.9424858674252868, 0.4570092282483855
0.9424858674252868, 0.4570092282483855
0.9424858674252868, 0.4570092282483855
0.9424858674252868, 0.4570092282483855
0.9424858674252868, 0.4570092282483855
0.9424858674252868, 0.4570092282483855
0.3591206132963314, 0.14460647694205198
0.3591206132963314, 0.14460647694205198
0.3591206132963314, 0.14460647694205198
0.3591206132963314, 0.14460647694205198
0.3591206132963314, 0.14460647694205198
0.3591206132963314, 0.14460647694205198
0.3591206132963314, 0.14460647694205198
0.3591206132963314, 0.14460647694205198
0.3591206132963314, 0.14460647694205198
0.3591206132963314, 0.14460647694205198
