1e-05
0.7521709814632818, 0.9107710597795534
0.746677423386727, 0.5341836360060263
0.24635039686763305, 0.8158789472074542
0.7899067516638781, 0.2691963724533052
0.3648251628989563, 0.553673108788486
0.8004469015826081, 0.6898584810917479
0.8368537346809662, 0.8566409782359624
0.8460265569650559, 0.6804988024545554
0.043356864823246744, 0.036948959134363246
0.27753968076782964, 0.2152596412915082
0.0064149635804816585, 0.6073798271647141
0.21591863930517774, 0.07449885713315085
0.8214240025239223, 0.7393784384437683
0.7972510724578694, 0.12623871736625591
0.5296609938612423, 0.9768744556168375
0.450723740856655, 0.6733117041117811
0.112094659598442, 0.5606320341524519
0.31981342722813877, 0.8483066597817044
0.012825617529539257, 0.013308976330361433
0.5608287550503852, 0.5917708157138495
0.9689318869383271, 0.9858849242222599
0.042826776166312586, 0.6046606546326323
0.06000655271033939, 0.10747794320885784
0.42269810835120536, 0.1983293413267586
0.4190301355376337, 0.011476804404016994
0.17288120352838132, 0.019908078524976558
0.5782533499202501, 0.5782012744685643
0.5912650316695535, 0.7161340055676026
0.9070529068198515, 0.5011792643433983
0.5898989046035062, 0.6653211161551419
0.7178943158184203, 0.17311710057833785
0.7044480265515253, 0.9442965393165303
0.4348698470905391, 0.4690740876202675
0.5733177775827787, 0.8840339823756147
0.14850585181180476, 0.4516530690327716
0.47933908886029364, 0.625880710379021
0.43527935809481655, 0.27297206374554317
0.3503721617093212, 0.20159335571173664
0.4959137964132232, 0.8009228689024626
0.8833532728249246, 0.05213458114734382
0.008629007985217152, 0.6870634563328913
0.35322223164294464, 0.633553855460676
0.9896536996490505, 0.7093948549659764
0.5383366182197878, 0.8530595965089509
0.7368670638431911, 0.9640006121506692
0.18945642659423512, 0.2926035945922376
0.9900774793480281, 0.5659696466106201
0.45583015938271076, 0.6083146615425448
0.10503872786524593, 0.2822627764986625
0.7434108729381818, 0.705371053719643
0.5667965780754619, 0.7041082396301379
0.6801661586567712, 0.9467935074217686
0.6274063516029438, 0.8587009357263156
0.002251481291896562, 0.6519346683577101
0.29318788941201823, 0.0632118653887167
0.7118692162906579, 0.6513930964261885
0.7118374534919519, 0.33986192593449893
0.6961966108157767, 0.9719304264199142
0.48594149827006883, 0.05041533745906879
0.3087201251502777, 0.888120619698329
0.0973722584323301, 0.8644751404340484
0.783844034392492, 0.3655894460792377
0.3137285873903367, 0.7603965238130543
0.5920420906724292, 0.024270988054730602
0.16048243476247015, 0.32319279002723733
0.14677212476679802, 0.5634587022927309
0.3137320463233476, 0.5973337640921343
0.8829736912842664, 0.6082374759138911
0.06431866782980411, 0.12002861970328405
0.8684201741968399, 0.36937827095788756
0.17568869976977208, 0.5506165634229884
0.13680607410164736, 0.7504557474211138
0.8023509153619278, 0.8894820326700215
0.662429591027129, 0.9136972037146691
0.8683182819556998, 0.050922338679936896
0.030848337521301117, 0.9909319905836534
0.3817084638492789, 0.7572765275422865
0.6075093436809634, 0.16228782877803216
0.9173199207541874, 0.5079246860507941
0.06666103231886322, 0.9699861412265743
0.632110472681111, 0.7219388088780346
0.9087101702116149, 0.4638499161675965
0.49668651500391414, 0.2963723886206773
0.6524180432391914, 0.7226487469133246
0.8692897491871983, 0.6562483317362146
0.9266541710905697, 0.3197489684900633
0.3134645741101876, 0.7053069677131283
0.5339616143761416, 0.04100640888286611
0.5964135241759869, 0.8664013408817705
0.9468907572647629, 0.23401265244375402
0.0813385289185421, 0.11938748225023899
0.789393694386545, 0.6309502137035319
0.6820059714316284, 0.20716847892597345
0.9857221144013831, 0.20918382682166958
0.7134130252062739, 0.96574210368824
0.18334537337948453, 0.20767315462573444
0.202277975582714, 0.921660268036886
0.7471659957984338, 0.9868423319967766
0.7827506256417791, 0.6481457992914545
0.11050190109679314, 0.43559057018026526
