1e-05
0.7148308079316998, 0.25715617226044196
0.7148308079316998, 0.25715617226044196
0.7148308079316998, 0.25715617226044196
0.7148308079316998, 0.25715617226044196
0.7148308079316998, 0.25715617226044196
0.7148308079316998, 0.25715617226044196
0.7148308079316998, 0.25715617226044196
0.7148308079316998, 0.25715617226044196
0.7148308079316998, 0.25715617226044196
0.7148308079316998, 0.25715617226044196
0.2507205679786746, 0.4529720442363393
0.2507205679786746, 0.4529720442363393
0.2507205679786746, 0.4529720442363393
0.2507205679786746, 0.4529720442363393
0.2507205679786746, 0.4529720442363393
0.2507205679786746, 0.4529720442363393
0.2507205679786746, 0.4529720442363393
0.2507205679786746, 0.4529720442363393
0.2507205679786746, 0.4529720442363393
0.2507205679786746, 0.4529720442363393
0.5607177338361344, 0.2229333865969394
0.5607177338361344, 0.2229333865969394
0.5607177338361344, 0.2229333865969394
0.5607177338361344, 0.2229333865969394
0.5607177338361344, 0.2229333865969394
0.5607177338361344, 0.2229333865969394
0.5607177338361344, 0.2229333865969394
0.5607177338361344, 0.2229333865969394
0.5607177338361344, 0.2229333865969394
0.5607177338361344, 0.2229333865969394
0.6541175358124098, 0.3470684726498533
0.6541175358124098, 0.3470684726498533
0.6541175358124098, 0.3470684726498533
0.6541175358124098, 0.3470684726498533
0.6541175358124098, 0.3470684726498533
0.6541175358124098, 0.3470684726498533
0.6541175358124098, 0.3470684726498533
0.6541175358124098, 0.3470684726498533
0.6541175358124098, 0.3470684726498533
0.6541175358124098, 0.3470684726498533
0.8065212242434245, 0.032271206592119794
0.8065212242434245, 0.032271206592119794
0.8065212242434245, 0.032271206592119794
0.8065212242434245, 0.032271206592119794
0.8065212242434245, 0.032271206592119794
0.8065212242434245, 0.032271206592119794
0.8065212242434245, 0.032271206592119794
0.8065212242434245, 0.032271206592119794
0.8065212242434245, 0.032271206592119794
0.8065212242434245, 0.032271206592119794
0.4036317254896591, 0.4736621708447052
0.4036317254896591, 0.4736621708447052
0.4036317254896591, 0.4736621708447052
0.4036317254896591, 0.4736621708447052
0.4036317254896591, 0.4736621708447052
0.4036317254896591, 0.4736621708447052
0.4036317254896591, 0.4736621708447052
0.4036317254896591, 0.4736621708447052
0.4036317254896591, 0.4736621708447052
0.4036317254896591, 0.4736621708447052
0.2503720345639179, 0.6343170606727838
0.2503720345639179, 0.6343170606727838
0.2503720345639179, 0.6343170606727838
0.2503720345639179, 0.6343170606727838
0.2503720345639179, 0.6343170606727838
0.2503720345639179, 0.6343170606727838
0.2503720345639179, 0.6343170606727838
0.2503720345639179, 0.6343170606727838
0.2503720345639179, 0.6343170606727838
0.2503720345639179, 0.6343170606727838
0.9533179846925445, 0.21256839716291676
0.9533179846925445, 0.21256839716291676
0.9533179846925445, 0.21256839716291676
0.9533179846925445, 0.21256839716291676
0.9533179846925445, 0.21256839716291676
0.9533179846925445, 0.21256839716291676
0.9533179846925445, 0.21256839716291676
0.9533179846925445, 0.21256839716291676
0.9533179846925445, 0.21256839716291676
0.9533179846925445, 0.21256839716291676
0.0371094746492604, 0.9035631732102947
0.0371094746492604, 0.9035631732102947
0.0371094746492604, 0.9035631732102947
0.0371094746492604, 0.9035631732102947
0.0371094746492604, 0.9035631732102947
0.0371094746492604, 0.9035631732102947
0.0371094746492604, 0.9035631732102947
0.0371094746492604, 0.9035631732102947
0.0371094746492604, 0.9035631732102947
0.0371094746492604, 0.9035631732102947
0.72361337896018, 0.6723181346521051
0.72361337896018, 0.6723181346521051
0.72361337896018, 0.6723181346521051
0.72361337896018, 0.6723181346521051
0.72361337896018, 0.6723181346521051
0.72361337896018, 0.6723181346521051
0.72361337896018, 0.6723181346521051
0.72361337896018, 0.6723181346521051
0.72361337896018, 0.6723181346521051
0.72361337896018, 0.6723181346521051
