1e-05
0.8936830401405952, 0.8548405321042372
0.13492667547731751, 0.3082636472300393
0.9243005037122433, 0.05411160582553887
0.5102115211107054, 0.725933383434428
0.07033601987795512, 0.7826761221795506
0.024009492071764282, 0.8752060945611059
0.10428431611026479, 0.13599341170133794
0.9374979406451738, 0.8182866282529656
0.05856005540547293, 0.4132450309049942
0.015873771220607624, 0.2800989070565949
0.6253053194877377, 0.7715256359469739
0.07419066655751216, 0.117453486009649
0.198904687184015, 0.030794408190870204
0.12755703514166716, 0.13704280994553986
0.4295573208530561, 0.9224775825537778
0.3599397526384812, 0.650053323373981
0.21455161256351718, 0.6179678536819113
0.6924376793592574, 0.026787957407949148
0.38144485053708144, 0.6408054112987127
0.2397038624966339, 0.08670616639267403
0.7004958404723305, 0.27625043703198293
0.34211884721288877, 0.052600256280868396
0.16816433090196392, 0.8483837518177869
0.2894424264061093, 0.6098683616989211
0.5041881465794515, 0.07637441239439602
0.6919741992933541, 0.010397014892575274
0.6253482036428538, 0.9014915166269702
0.6826299732411997, 0.24844655305596042
0.5585917569856402, 0.48521065935275376
0.5074297974600117, 0.7930698021914988
0.47842565944239646, 0.6209790932994282
0.4291714608782864, 0.9244549456837798
0.749301222861293, 0.2643002929248829
0.4516381085531944, 0.06792167447018671
0.18785183705033281, 0.6008655892295313
0.008974491652794625, 0.6026632027976873
0.7523277866113028, 0.7816120009793133
0.37209604664720797, 0.1735397657535025
0.6553692088384666, 0.7499888221404274
0.5397156725872805, 0.6907075145619916
0.8727692547928326, 0.1361608358161296
0.05138812048256869, 0.9749376831538032
0.45308649810434154, 0.9458487311710143
0.42886858265563765, 0.5159593380248908
0.07528203219390983, 0.7047252194139508
0.502528624109509, 0.3577131548844885
0.9292007321422792, 0.3169160741611551
0.3426896374086389, 0.6862876050011982
0.7299936940905462, 0.38698849666782864
0.17316376061663852, 0.998533000954596
0.6255234877004735, 0.35018680594688556
0.23487626930030892, 0.03907781323959103
0.2250270105283766, 0.43426044616740467
0.5707017902006797, 0.344304235413847
0.4297166959739597, 0.9916775063879956
0.2683520231429084, 0.9819892283314771
0.7167909171479124, 0.7428889577565663
0.6020694428522433, 0.7642193875865338
0.598162904986118, 0.5614193293622437
0.6828170508212378, 0.5979116068415279
0.7367753082501297, 0.0573783264878982
0.5378708168404113, 0.5956909745453433
0.09273176167690644, 0.36976664453547314
0.413303630296308, 0.10161023262402857
0.2642502779302357, 0.36281623834923316
0.8524443155476701, 0.5771405447710765
0.12926377298761382, 0.7068444838504333
0.6307444065361251, 0.4767360077379622
0.654172425908501, 0.20822006955173422
0.615347481712875, 0.024518935346482418
0.055920102048026776, 0.14943982373019526
0.9977266406224583, 0.35451338967809465
0.4320270303760989, 0.552520441805757
0.9693872951289481, 0.28305578508505913
0.7334325904429987, 0.17170129592743488
0.8723232712290736, 0.8930797648261466
0.6777973853306725, 0.9389432252843678
0.6683016346317011, 0.0038273408557905064
0.5215549868491648, 0.5076579546239094
0.18793988623419078, 0.5982642712973191
0.3545539373238259, 0.49029845286843254
0.20512121483132117, 0.4825981792211932
0.07146826942501117, 0.5846537897232501
0.15390537897684942, 0.7084517482538073
0.5791128777251053, 0.8745343584288602
0.9721462002621463, 0.9273493389690649
0.21343340910704556, 0.05521323301115122
0.2549826252745402, 0.8196281287507182
0.6992643494292267, 0.5634539247227945
0.4074732653684493, 0.3470642658707428
0.7982589422215584, 0.018054834070353243
0.9443585883283289, 0.6335715452547701
0.17241630447807277, 0.038911191175545534
0.4893968832191755, 0.2499265549693499
0.8883263299037318, 0.25289420686136965
0.28290287712048967, 0.2247041006163205
0.9253222765120586, 0.2937431587169458
0.2968585122261709, 0.36070779089804006
0.0035520844728647027, 0.3755342919012332
0.35765854641254946, 0.9683331285369409
