1e-05
0.06420404816133185, 0.3790996963656884
0.06420404816133185, 0.3790996963656884
0.06420404816133185, 0.3790996963656884
0.06420404816133185, 0.3790996963656884
0.06420404816133185, 0.3790996963656884
0.06420404816133185, 0.3790996963656884
0.06420404816133185, 0.3790996963656884
0.06420404816133185, 0.3790996963656884
0.06420404816133185, 0.3790996963656884
0.06420404816133185, 0.3790996963656884
0.0531954630074164, 0.8913648366272142
0.0531954630074164, 0.8913648366272142
0.0531954630074164, 0.8913648366272142
0.0531954630074164, 0.8913648366272142
0.0531954630074164, 0.8913648366272142
0.0531954630074164, 0.8913648366272142
0.0531954630074164, 0.8913648366272142
0.0531954630074164, 0.8913648366272142
0.0531954630074164, 0.8913648366272142
0.0531954630074164, 0.8913648366272142
0.23858459634287565, 0.05638042803737919
0.23858459634287565, 0.05638042803737919
0.23858459634287565, 0.05638042803737919
0.23858459634287565, 0.05638042803737919
0.23858459634287565, 0.05638042803737919
0.23858459634287565, 0.05638042803737919
0.23858459634287565, 0.05638042803737919
0.23858459634287565, 0.05638042803737919
0.23858459634287565, 0.05638042803737919
0.23858459634287565, 0.05638042803737919
0.03898551784051796, 0.9683728652209727
0.03898551784051796, 0.9683728652209727
0.03898551784051796, 0.9683728652209727
0.03898551784051796, 0.9683728652209727
0.03898551784051796, 0.9683728652209727
0.03898551784051796, 0.9683728652209727
0.03898551784051796, 0.9683728652209727
0.03898551784051796, 0.9683728652209727
0.03898551784051796, 0.9683728652209727
0.03898551784051796, 0.9683728652209727
0.6948297514376367, 0.6239943443362731
0.6948297514376367, 0.6239943443362731
0.6948297514376367, 0.6239943443362731
0.6948297514376367, 0.6239943443362731
0.6948297514376367, 0.6239943443362731
0.6948297514376367, 0.6239943443362731
0.6948297514376367, 0.6239943443362731
0.6948297514376367, 0.6239943443362731
0.6948297514376367, 0.6239943443362731
0.6948297514376367, 0.6239943443362731
0.4201805408566963, 0.24477611277010414
0.4201805408566963, 0.24477611277010414
0.4201805408566963, 0.24477611277010414
0.4201805408566963, 0.24477611277010414
0.4201805408566963, 0.24477611277010414
0.4201805408566963, 0.24477611277010414
0.4201805408566963, 0.24477611277010414
0.4201805408566963, 0.24477611277010414
0.4201805408566963, 0.24477611277010414
0.4201805408566963, 0.24477611277010414
0.3863641293597597, 0.0033556368635165867
0.3863641293597597, 0.0033556368635165867
0.3863641293597597, 0.0033556368635165867
0.3863641293597597, 0.0033556368635165867
0.3863641293597597, 0.0033556368635165867
0.3863641293597597, 0.0033556368635165867
0.3863641293597597, 0.0033556368635165867
0.3863641293597597, 0.0033556368635165867
0.3863641293597597, 0.0033556368635165867
0.3863641293597597, 0.0033556368635165867
0.7218742420092502, 0.8596850063186915
0.7218742420092502, 0.8596850063186915
0.7218742420092502, 0.8596850063186915
0.7218742420092502, 0.8596850063186915
0.7218742420092502, 0.8596850063186915
0.7218742420092502, 0.8596850063186915
0.7218742420092502, 0.8596850063186915
0.7218742420092502, 0.8596850063186915
0.7218742420092502, 0.8596850063186915
0.7218742420092502, 0.8596850063186915
0.9686719023922593, 0.1497945076846504
0.9686719023922593, 0.1497945076846504
0.9686719023922593, 0.1497945076846504
0.9686719023922593, 0.1497945076846504
0.9686719023922593, 0.1497945076846504
0.9686719023922593, 0.1497945076846504
0.9686719023922593, 0.1497945076846504
0.9686719023922593, 0.1497945076846504
0.9686719023922593, 0.1497945076846504
0.9686719023922593, 0.1497945076846504
0.9665764561290304, 0.16758930803159833
0.9665764561290304, 0.16758930803159833
0.9665764561290304, 0.16758930803159833
0.9665764561290304, 0.16758930803159833
0.9665764561290304, 0.16758930803159833
0.9665764561290304, 0.16758930803159833
0.9665764561290304, 0.16758930803159833
0.9665764561290304, 0.16758930803159833
0.9665764561290304, 0.16758930803159833
0.9665764561290304, 0.16758930803159833
