1e-05
0.6241550006041099, 0.2885519494125054
0.6241550006041099, 0.2885519494125054
0.6241550006041099, 0.2885519494125054
0.6241550006041099, 0.2885519494125054
0.6241550006041099, 0.2885519494125054
0.6241550006041099, 0.2885519494125054
0.6241550006041099, 0.2885519494125054
0.6241550006041099, 0.2885519494125054
0.6241550006041099, 0.2885519494125054
0.6241550006041099, 0.2885519494125054
0.15361676182368222, 0.1822164576594557
0.15361676182368222, 0.1822164576594557
0.15361676182368222, 0.1822164576594557
0.15361676182368222, 0.1822164576594557
0.15361676182368222, 0.1822164576594557
0.15361676182368222, 0.1822164576594557
0.15361676182368222, 0.1822164576594557
0.15361676182368222, 0.1822164576594557
0.15361676182368222, 0.1822164576594557
0.15361676182368222, 0.1822164576594557
0.841963244530325, 0.7229614453336396
0.841963244530325, 0.7229614453336396
0.841963244530325, 0.7229614453336396
0.841963244530325, 0.7229614453336396
0.841963244530325, 0.7229614453336396
0.841963244530325, 0.7229614453336396
0.841963244530325, 0.7229614453336396
0.841963244530325, 0.7229614453336396
0.841963244530325, 0.7229614453336396
0.841963244530325, 0.7229614453336396
0.7878739613958221, 0.23682393986879702
0.7878739613958221, 0.23682393986879702
0.7878739613958221, 0.23682393986879702
0.7878739613958221, 0.23682393986879702
0.7878739613958221, 0.23682393986879702
0.7878739613958221, 0.23682393986879702
0.7878739613958221, 0.23682393986879702
0.7878739613958221, 0.23682393986879702
0.7878739613958221, 0.23682393986879702
0.7878739613958221, 0.23682393986879702
0.7825196291405654, 0.5673848315650915
0.7825196291405654, 0.5673848315650915
0.7825196291405654, 0.5673848315650915
0.7825196291405654, 0.5673848315650915
0.7825196291405654, 0.5673848315650915
0.7825196291405654, 0.5673848315650915
0.7825196291405654, 0.5673848315650915
0.7825196291405654, 0.5673848315650915
0.7825196291405654, 0.5673848315650915
0.7825196291405654, 0.5673848315650915
0.05650968116690991, 0.48605153990437266
0.05650968116690991, 0.48605153990437266
0.05650968116690991, 0.48605153990437266
0.05650968116690991, 0.48605153990437266
0.05650968116690991, 0.48605153990437266
0.05650968116690991, 0.48605153990437266
0.05650968116690991, 0.48605153990437266
0.05650968116690991, 0.48605153990437266
0.05650968116690991, 0.48605153990437266
0.05650968116690991, 0.48605153990437266
0.6593318546084159, 0.11297881981254909
0.6593318546084159, 0.11297881981254909
0.6593318546084159, 0.11297881981254909
0.6593318546084159, 0.11297881981254909
0.6593318546084159, 0.11297881981254909
0.6593318546084159, 0.11297881981254909
0.6593318546084159, 0.11297881981254909
0.6593318546084159, 0.11297881981254909
0.6593318546084159, 0.11297881981254909
0.6593318546084159, 0.11297881981254909
0.14288277786406534, 0.6612298336865127
0.14288277786406534, 0.6612298336865127
0.14288277786406534, 0.6612298336865127
0.14288277786406534, 0.6612298336865127
0.14288277786406534, 0.6612298336865127
0.14288277786406534, 0.6612298336865127
0.14288277786406534, 0.6612298336865127
0.14288277786406534, 0.6612298336865127
0.14288277786406534, 0.6612298336865127
0.14288277786406534, 0.6612298336865127
0.2887096881743655, 0.24315941840883215
0.2887096881743655, 0.24315941840883215
0.2887096881743655, 0.24315941840883215
0.2887096881743655, 0.24315941840883215
0.2887096881743655, 0.24315941840883215
0.2887096881743655, 0.24315941840883215
0.2887096881743655, 0.24315941840883215
0.2887096881743655, 0.24315941840883215
0.2887096881743655, 0.24315941840883215
0.2887096881743655, 0.24315941840883215
0.8568806503884245, 0.9606489684444356
0.8568806503884245, 0.9606489684444356
0.8568806503884245, 0.9606489684444356
0.8568806503884245, 0.9606489684444356
0.8568806503884245, 0.9606489684444356
0.8568806503884245, 0.9606489684444356
0.8568806503884245, 0.9606489684444356
0.8568806503884245, 0.9606489684444356
0.8568806503884245, 0.9606489684444356
0.8568806503884245, 0.9606489684444356
