1e-05
0.9686104908873727, 0.2220075204945544
0.9686104908873727, 0.2220075204945544
0.9686104908873727, 0.2220075204945544
0.9686104908873727, 0.2220075204945544
0.9686104908873727, 0.2220075204945544
0.9686104908873727, 0.2220075204945544
0.9686104908873727, 0.2220075204945544
0.9686104908873727, 0.2220075204945544
0.9686104908873727, 0.2220075204945544
0.9686104908873727, 0.2220075204945544
0.4623527380398058, 0.3538370192769108
0.4623527380398058, 0.3538370192769108
0.4623527380398058, 0.3538370192769108
0.4623527380398058, 0.3538370192769108
0.4623527380398058, 0.3538370192769108
0.4623527380398058, 0.3538370192769108
0.4623527380398058, 0.3538370192769108
0.4623527380398058, 0.3538370192769108
0.4623527380398058, 0.3538370192769108
0.4623527380398058, 0.3538370192769108
0.7849524710331567, 0.6039024428043839
0.7849524710331567, 0.6039024428043839
0.7849524710331567, 0.6039024428043839
0.7849524710331567, 0.6039024428043839
0.7849524710331567, 0.6039024428043839
0.7849524710331567, 0.6039024428043839
0.7849524710331567, 0.6039024428043839
0.7849524710331567, 0.6039024428043839
0.7849524710331567, 0.6039024428043839
0.7849524710331567, 0.6039024428043839
0.8277131555733072, 0.9203438623333998
0.8277131555733072, 0.9203438623333998
0.8277131555733072, 0.9203438623333998
0.8277131555733072, 0.9203438623333998
0.8277131555733072, 0.9203438623333998
0.8277131555733072, 0.9203438623333998
0.8277131555733072, 0.9203438623333998
0.8277131555733072, 0.9203438623333998
0.8277131555733072, 0.9203438623333998
0.8277131555733072, 0.9203438623333998
0.7729371780165049, 0.18595649633150058
0.7729371780165049, 0.18595649633150058
0.7729371780165049, 0.18595649633150058
0.7729371780165049, 0.18595649633150058
0.7729371780165049, 0.18595649633150058
0.7729371780165049, 0.18595649633150058
0.7729371780165049, 0.18595649633150058
0.7729371780165049, 0.18595649633150058
0.7729371780165049, 0.18595649633150058
0.7729371780165049, 0.18595649633150058
0.010518251744877416, 0.5410369122593313
0.010518251744877416, 0.5410369122593313
0.010518251744877416, 0.5410369122593313
0.010518251744877416, 0.5410369122593313
0.010518251744877416, 0.5410369122593313
0.010518251744877416, 0.5410369122593313
0.010518251744877416, 0.5410369122593313
0.010518251744877416, 0.5410369122593313
0.010518251744877416, 0.5410369122593313
0.010518251744877416, 0.5410369122593313
0.9687096502846793, 0.05420650402972493
0.9687096502846793, 0.05420650402972493
0.9687096502846793, 0.05420650402972493
0.9687096502846793, 0.05420650402972493
0.9687096502846793, 0.05420650402972493
0.9687096502846793, 0.05420650402972493
0.9687096502846793, 0.05420650402972493
0.9687096502846793, 0.05420650402972493
0.9687096502846793, 0.05420650402972493
0.9687096502846793, 0.05420650402972493
0.9766158175885179, 0.763783255108316
0.9766158175885179, 0.763783255108316
0.9766158175885179, 0.763783255108316
0.9766158175885179, 0.763783255108316
0.9766158175885179, 0.763783255108316
0.9766158175885179, 0.763783255108316
0.9766158175885179, 0.763783255108316
0.9766158175885179, 0.763783255108316
0.9766158175885179, 0.763783255108316
0.9766158175885179, 0.763783255108316
0.9313674353844391, 0.40905195892641877
0.9313674353844391, 0.40905195892641877
0.9313674353844391, 0.40905195892641877
0.9313674353844391, 0.40905195892641877
0.9313674353844391, 0.40905195892641877
0.9313674353844391, 0.40905195892641877
0.9313674353844391, 0.40905195892641877
0.9313674353844391, 0.40905195892641877
0.9313674353844391, 0.40905195892641877
0.9313674353844391, 0.40905195892641877
0.07366253957314539, 0.2302078062653694
0.07366253957314539, 0.2302078062653694
0.07366253957314539, 0.2302078062653694
0.07366253957314539, 0.2302078062653694
0.07366253957314539, 0.2302078062653694
0.07366253957314539, 0.2302078062653694
0.07366253957314539, 0.2302078062653694
0.07366253957314539, 0.2302078062653694
0.07366253957314539, 0.2302078062653694
0.07366253957314539, 0.2302078062653694
