1e-05
0.2026677838748181, 0.030876919556555804
0.2026677838748181, 0.030876919556555804
0.2026677838748181, 0.030876919556555804
0.2026677838748181, 0.030876919556555804
0.2026677838748181, 0.030876919556555804
0.2026677838748181, 0.030876919556555804
0.2026677838748181, 0.030876919556555804
0.2026677838748181, 0.030876919556555804
0.2026677838748181, 0.030876919556555804
0.2026677838748181, 0.030876919556555804
0.7476660520229812, 0.09468093479333861
0.7476660520229812, 0.09468093479333861
0.7476660520229812, 0.09468093479333861
0.7476660520229812, 0.09468093479333861
0.7476660520229812, 0.09468093479333861
0.7476660520229812, 0.09468093479333861
0.7476660520229812, 0.09468093479333861
0.7476660520229812, 0.09468093479333861
0.7476660520229812, 0.09468093479333861
0.7476660520229812, 0.09468093479333861
0.9446410115404231, 0.9004903584553429
0.9446410115404231, 0.9004903584553429
0.9446410115404231, 0.9004903584553429
0.9446410115404231, 0.9004903584553429
0.9446410115404231, 0.9004903584553429
0.9446410115404231, 0.9004903584553429
0.9446410115404231, 0.9004903584553429
0.9446410115404231, 0.9004903584553429
0.9446410115404231, 0.9004903584553429
0.9446410115404231, 0.9004903584553429
0.05851171016594248, 0.41745951184305297
0.05851171016594248, 0.41745951184305297
0.05851171016594248, 0.41745951184305297
0.05851171016594248, 0.41745951184305297
0.05851171016594248, 0.41745951184305297
0.05851171016594248, 0.41745951184305297
0.05851171016594248, 0.41745951184305297
0.05851171016594248, 0.41745951184305297
0.05851171016594248, 0.41745951184305297
0.05851171016594248, 0.41745951184305297
0.3028244681302322, 0.9771562488928047
0.3028244681302322, 0.9771562488928047
0.3028244681302322, 0.9771562488928047
0.3028244681302322, 0.9771562488928047
0.3028244681302322, 0.9771562488928047
0.3028244681302322, 0.9771562488928047
0.3028244681302322, 0.9771562488928047
0.3028244681302322, 0.9771562488928047
0.3028244681302322, 0.9771562488928047
0.3028244681302322, 0.9771562488928047
0.5879295251443236, 0.7987463949020411
0.5879295251443236, 0.7987463949020411
0.5879295251443236, 0.7987463949020411
0.5879295251443236, 0.7987463949020411
0.5879295251443236, 0.7987463949020411
0.5879295251443236, 0.7987463949020411
0.5879295251443236, 0.7987463949020411
0.5879295251443236, 0.7987463949020411
0.5879295251443236, 0.7987463949020411
0.5879295251443236, 0.7987463949020411
0.22570781922976657, 0.9148568057332748
0.22570781922976657, 0.9148568057332748
0.22570781922976657, 0.9148568057332748
0.22570781922976657, 0.9148568057332748
0.22570781922976657, 0.9148568057332748
0.22570781922976657, 0.9148568057332748
0.22570781922976657, 0.9148568057332748
0.22570781922976657, 0.9148568057332748
0.22570781922976657, 0.9148568057332748
0.22570781922976657, 0.9148568057332748
0.1851418859002647, 0.9518011034528877
0.1851418859002647, 0.9518011034528877
0.1851418859002647, 0.9518011034528877
0.1851418859002647, 0.9518011034528877
0.1851418859002647, 0.9518011034528877
0.1851418859002647, 0.9518011034528877
0.1851418859002647, 0.9518011034528877
0.1851418859002647, 0.9518011034528877
0.1851418859002647, 0.9518011034528877
0.1851418859002647, 0.9518011034528877
0.8459535829763604, 0.4575773114167758
0.8459535829763604, 0.4575773114167758
0.8459535829763604, 0.4575773114167758
0.8459535829763604, 0.4575773114167758
0.8459535829763604, 0.4575773114167758
0.8459535829763604, 0.4575773114167758
0.8459535829763604, 0.4575773114167758
0.8459535829763604, 0.4575773114167758
0.8459535829763604, 0.4575773114167758
0.8459535829763604, 0.4575773114167758
0.9112722170747072, 0.7807486391338262
0.9112722170747072, 0.7807486391338262
0.9112722170747072, 0.7807486391338262
0.9112722170747072, 0.7807486391338262
0.9112722170747072, 0.7807486391338262
0.9112722170747072, 0.7807486391338262
0.9112722170747072, 0.7807486391338262
0.9112722170747072, 0.7807486391338262
0.9112722170747072, 0.7807486391338262
0.9112722170747072, 0.7807486391338262
