0.001
0.8944782658179068, 0.07922522258202203
0.24640745197142988, 0.2515320223549179
0.35784604834558287, 0.49205774060591834
0.792671000086653, 0.590916664551982
0.21599018688712712, 0.5613833017618283
0.0514158856697724, 0.8749768199632397
0.769657559827781, 0.1353250989448217
0.053014761602286575, 0.4343705029772701
0.46860792021402564, 0.4393856695729854
0.28414124033331845, 0.13192464730169762
0.25819589233972606, 0.7571116596927042
0.451355991841061, 0.19476942661641405
0.5854870464025151, 0.2706135376563108
0.4992639074300581, 0.6458949113898256
0.8217750109924097, 0.1976836875828767
0.6747483754630443, 0.9503499806787388
0.7128849762941281, 0.43743082493362295
