1e-05
0.0005176880344783807, 0.46203264157151047
0.7744495002257378, 0.08448617233435207
0.23940831573845434, 0.8373078639646053
0.06465825872912478, 0.6886195778741333
0.5065893579419853, 0.6514312121566036
0.032836653168307306, 0.04393223374331534
0.7078080717611651, 0.5523768126632006
0.5679354385571083, 0.06959583970698058
0.8940541900663974, 0.16354638268468435
0.23491630358481985, 0.4331206758417959
0.2556947769312078, 0.8608990250928346
0.395982616089117, 0.48616058865249046
0.3154274315487088, 0.06361609410193658
0.48787457006931856, 0.6939487744952189
0.13355692694910337, 0.11537179539977205
0.1842313098309838, 0.7549596012645662
0.7167415007946872, 0.4016740477004418
0.5655694704694354, 0.6440657472317792
0.19319810957396932, 0.861230655571387
0.17392112440751728, 0.49028041568663383
0.2879384187273175, 0.7971960600111261
0.17531723587417491, 0.3559154215373177
0.20992448599185676, 0.6623205149150354
0.30048760224736903, 0.674376647221866
0.7613454149679384, 0.06581088949961034
0.4764175223670867, 0.7084317298886914
0.5165811302681662, 0.6992225318346611
0.5590465984947344, 0.8589930792078548
0.6060022622384029, 0.7443837295182275
0.17970432138772363, 0.9589520481224297
0.30069624824370356, 0.20142539330295461
0.9830868116797983, 0.024095017220827075
0.5948431509862703, 0.686952960209954
0.7799053330785318, 0.9961236549840732
0.16295533963909448, 0.7635635763855797
0.26350555357044436, 0.6293625510411088
0.8901432677203565, 0.4067371815173062
0.7630950101832692, 0.013613664587219354
0.16787102108872254, 0.7207035845081226
0.889480288312856, 0.9902932763313711
0.8783560569654725, 0.18360770729356157
0.7084461431495505, 0.992190427267753
0.3879054316798176, 0.4158100996688664
0.19216646172366114, 0.8570236130588309
0.7741988297652538, 0.04364224625057178
0.16798810079335724, 0.2473071906561609
0.9089224723640026, 0.6994595755868086
0.17821398662474663, 0.5055053002390782
0.30785424296407493, 0.8762316134346286
0.9305529013143161, 0.7382865910027482
0.7216049000941057, 0.33972717539953146
0.8180938774696218, 0.2762401667506924
0.045764305816626605, 0.8604458070409993
0.5715684460889267, 0.41744555158851915
0.6812413273488228, 0.8784185400270491
0.19164923265117195, 0.9135315955388381
0.4669159910261027, 0.4304661683969071
0.9197258662532514, 0.37859051090777796
0.19323288045626275, 0.004506410813010175
0.1531087921484281, 0.008427716368401561
0.6907180160042578, 0.7001387000898646
0.964653911689165, 0.8972054901495533
0.5208990650627149, 0.44328919230315456
0.8273099834793513, 0.8419667429472004
0.816513152674681, 0.6933747564035765
0.23237299115675603, 0.15269021083310075
0.04924168059490053, 0.48126725145637683
0.8267093909842165, 0.2565743532975967
0.05923275044930332, 0.27395942158045694
0.405895180453969, 0.6282493198772342
0.22739757491195522, 0.5782880923976348
0.412497375402883, 0.3111951399485273
0.4687327452970431, 0.04781897779594435
0.45969910757241395, 0.7710374238616492
0.3506528283774031, 0.941492731208675
0.7657479267463128, 0.08678033258584861
0.17508762489054397, 0.24282032998902559
0.3527108132129053, 0.3176215634833487
0.582042297198996, 0.0721028995817421
0.6889809743172637, 0.012042248368676955
0.937313417027841, 0.7318710694251692
0.24579421230141285, 0.5828338962796284
0.9393291048412575, 0.2929847367828886
0.8556254671199618, 0.2868926908706868
0.705773385194355, 0.8727856130606083
0.11269886366547177, 0.9802329849198288
0.04029893424635489, 0.9157533638087939
0.9476607762446643, 0.20551258677192985
0.22548042080712216, 0.6990328589851986
0.3247294902009875, 0.7230272932531531
0.7747627904235576, 0.4194120561420648
0.19859374015886622, 0.49549007600957284
0.904531101911885, 0.6002116944605997
0.983132540358022, 0.3606966183087421
0.7419215789738226, 0.17809614876245905
0.6368934721809414, 0.723869090921203
0.7424660731144651, 0.4241155945052981
0.16491978590225953, 0.6976564314777599
0.9256603014152683, 0.700677801543745
0.47915083626197486, 0.32217244440446713
