0.1
0.5263117351688589, 0.21609707330954053
0.9302685903188477, 0.28655180607227426
0.5800954554773683, 0.25685119942929957
0.17455960068431975, 0.5849753012389625
0.4234753844998599, 0.9259251794094441
0.8722406749750068, 0.4528166543958715
0.9086608628778005, 0.8363518930075087
0.5518435199098243, 0.5812733783895561
0.3784665439425351, 0.1012562758345339
0.23987856034656674, 0.0390233998031555
0.2603927846708598, 0.8500117823564286
0.9064897467959666, 0.5532806863490113
0.9774026203323971, 0.8174770839102753
0.5389289431048677, 0.6878522808425476
0.1397539060399826, 0.15242448891529592
0.589401785246765, 0.7684779039018473
0.45734797071146494, 0.016053891371974882
0.48372229624938123, 0.8117140840223134
0.77633754540993, 0.05430130038565839
0.40675261096194704, 0.23840940884336437
0.8598214357158355, 0.8652217678760091
0.5603193760428112, 0.18434577217898596
0.42208101756261374, 0.9493539229131073
0.8547657588345502, 0.7188896447833656
0.00968961957766823, 0.557137457170347
0.6036426413804078, 0.9782632339810312
0.8420557407706034, 0.5733033735058819
0.6022253749131026, 0.7057426872451096
0.04306180321838948, 0.5185225506769677
0.7082302753162121, 0.2728527654441656
0.8943464890234041, 0.9513989304832231
0.20561685630806636, 0.7166410378355084
0.42166539479454646, 0.6353586093740424
0.4905561579351142, 0.3014868613128132
0.7546617369968095, 0.2856271842524458
0.4137565962911499, 0.9739743305122547
0.2581698272851669, 0.8556841563438684
0.5162898500296665, 0.9440610020027307
0.6517960382343386, 0.4717421023099666
0.6652164201805598, 0.16592936820623816
0.24790644344306634, 0.975115641222549
0.8565911497503357, 0.16784479198088775
0.02749403562077002, 0.34018440787000603
0.6347656090576183, 0.8598633936262374
0.9763697232095294, 0.5112739764125724
0.8895297651932051, 0.6264952489945789
0.9070524142878685, 0.6724840036603331
0.7489818709532841, 0.21663467580654905
0.15109042577073806, 0.75111770968611
0.2706452168112531, 0.16008276162757107
0.5187924329562997, 0.9086077713214222
0.6524580788461692, 0.4895961872790616
0.647194960754262, 0.337663785894159
0.4372281504400969, 0.5335525028185658
0.42344914364181796, 0.1486927726345183
0.17473557678521634, 0.24498163085322722
0.833226810801674, 0.6064672570863338
0.7103887845711978, 0.8599096629018878
0.08204299860963105, 0.46538018344814036
0.7764187250240606, 0.8766401517990904
0.1273857353147455, 0.0514853120006914
0.521020831056347, 0.3278395486506378
0.3838855132785678, 0.43329636590048803
0.08905232719879275, 0.9758904282821678
0.40424301883239966, 0.24864249138260863
0.7191101718212235, 0.554681117017455
0.17490054978685565, 0.8881539416452142
0.4569214498486195, 0.2448800938641008
0.40222587336787086, 0.6079129070407512
0.8656317329013274, 0.424904735755511
0.5261061004229424, 0.40185431490925627
0.7384674498224595, 0.10029934091148285
0.794945150976459, 0.2035754725810418
0.5031446451986833, 0.9126394734120348
0.954122104165582, 0.6883984804289784
0.03202600317789195, 0.5745270609615977
0.8600407703424751, 0.6033039380728273
0.8960320057919807, 0.19041724691566264
0.7019129304244893, 0.09274919372922086
0.01902827295911469, 0.7777120090979243
0.5814983384844437, 0.6685094343794498
0.5423361808207009, 0.7239245503722831
