1e-05
0.36679490950734606, 0.08829652393739618
0.36679490950734606, 0.08829652393739618
0.36679490950734606, 0.08829652393739618
0.36679490950734606, 0.08829652393739618
0.36679490950734606, 0.08829652393739618
0.36679490950734606, 0.08829652393739618
0.36679490950734606, 0.08829652393739618
0.36679490950734606, 0.08829652393739618
0.36679490950734606, 0.08829652393739618
0.36679490950734606, 0.08829652393739618
0.7883028595318681, 0.4671979437250807
0.7883028595318681, 0.4671979437250807
0.7883028595318681, 0.4671979437250807
0.7883028595318681, 0.4671979437250807
0.7883028595318681, 0.4671979437250807
0.7883028595318681, 0.4671979437250807
0.7883028595318681, 0.4671979437250807
0.7883028595318681, 0.4671979437250807
0.7883028595318681, 0.4671979437250807
0.7883028595318681, 0.4671979437250807
0.24290708025399188, 0.5024757598659817
0.24290708025399188, 0.5024757598659817
0.24290708025399188, 0.5024757598659817
0.24290708025399188, 0.5024757598659817
0.24290708025399188, 0.5024757598659817
0.24290708025399188, 0.5024757598659817
0.24290708025399188, 0.5024757598659817
0.24290708025399188, 0.5024757598659817
0.24290708025399188, 0.5024757598659817
0.24290708025399188, 0.5024757598659817
0.16197828511046564, 0.2144632630899429
0.16197828511046564, 0.2144632630899429
0.16197828511046564, 0.2144632630899429
0.16197828511046564, 0.2144632630899429
0.16197828511046564, 0.2144632630899429
0.16197828511046564, 0.2144632630899429
0.16197828511046564, 0.2144632630899429
0.16197828511046564, 0.2144632630899429
0.16197828511046564, 0.2144632630899429
0.16197828511046564, 0.2144632630899429
0.5043397414309451, 0.08928365665267435
0.5043397414309451, 0.08928365665267435
0.5043397414309451, 0.08928365665267435
0.5043397414309451, 0.08928365665267435
0.5043397414309451, 0.08928365665267435
0.5043397414309451, 0.08928365665267435
0.5043397414309451, 0.08928365665267435
0.5043397414309451, 0.08928365665267435
0.5043397414309451, 0.08928365665267435
0.5043397414309451, 0.08928365665267435
0.6056528226008783, 0.24927018079041696
0.6056528226008783, 0.24927018079041696
0.6056528226008783, 0.24927018079041696
0.6056528226008783, 0.24927018079041696
0.6056528226008783, 0.24927018079041696
0.6056528226008783, 0.24927018079041696
0.6056528226008783, 0.24927018079041696
0.6056528226008783, 0.24927018079041696
0.6056528226008783, 0.24927018079041696
0.6056528226008783, 0.24927018079041696
0.5001363568835263, 0.6100067687539477
0.5001363568835263, 0.6100067687539477
0.5001363568835263, 0.6100067687539477
0.5001363568835263, 0.6100067687539477
0.5001363568835263, 0.6100067687539477
0.5001363568835263, 0.6100067687539477
0.5001363568835263, 0.6100067687539477
0.5001363568835263, 0.6100067687539477
0.5001363568835263, 0.6100067687539477
0.5001363568835263, 0.6100067687539477
0.14145262287303018, 0.8876259401052111
0.14145262287303018, 0.8876259401052111
0.14145262287303018, 0.8876259401052111
0.14145262287303018, 0.8876259401052111
0.14145262287303018, 0.8876259401052111
0.14145262287303018, 0.8876259401052111
0.14145262287303018, 0.8876259401052111
0.14145262287303018, 0.8876259401052111
0.14145262287303018, 0.8876259401052111
0.14145262287303018, 0.8876259401052111
0.1948299533860437, 0.39060790904482734
0.1948299533860437, 0.39060790904482734
0.1948299533860437, 0.39060790904482734
0.1948299533860437, 0.39060790904482734
0.1948299533860437, 0.39060790904482734
0.1948299533860437, 0.39060790904482734
0.1948299533860437, 0.39060790904482734
0.1948299533860437, 0.39060790904482734
0.1948299533860437, 0.39060790904482734
0.1948299533860437, 0.39060790904482734
0.3149464080206097, 0.0982400080132595
0.3149464080206097, 0.0982400080132595
0.3149464080206097, 0.0982400080132595
0.3149464080206097, 0.0982400080132595
0.3149464080206097, 0.0982400080132595
0.3149464080206097, 0.0982400080132595
0.3149464080206097, 0.0982400080132595
0.3149464080206097, 0.0982400080132595
0.3149464080206097, 0.0982400080132595
0.3149464080206097, 0.0982400080132595
