1e-05
0.690210194633272, 0.27298698991574377
0.690210194633272, 0.27298698991574377
0.690210194633272, 0.27298698991574377
0.690210194633272, 0.27298698991574377
0.690210194633272, 0.27298698991574377
0.690210194633272, 0.27298698991574377
0.690210194633272, 0.27298698991574377
0.690210194633272, 0.27298698991574377
0.690210194633272, 0.27298698991574377
0.690210194633272, 0.27298698991574377
0.6582514408058533, 0.08572897767969123
0.6582514408058533, 0.08572897767969123
0.6582514408058533, 0.08572897767969123
0.6582514408058533, 0.08572897767969123
0.6582514408058533, 0.08572897767969123
0.6582514408058533, 0.08572897767969123
0.6582514408058533, 0.08572897767969123
0.6582514408058533, 0.08572897767969123
0.6582514408058533, 0.08572897767969123
0.6582514408058533, 0.08572897767969123
0.038994056804853794, 0.1739823243181765
0.038994056804853794, 0.1739823243181765
0.038994056804853794, 0.1739823243181765
0.038994056804853794, 0.1739823243181765
0.038994056804853794, 0.1739823243181765
0.038994056804853794, 0.1739823243181765
0.038994056804853794, 0.1739823243181765
0.038994056804853794, 0.1739823243181765
0.038994056804853794, 0.1739823243181765
0.038994056804853794, 0.1739823243181765
0.983242388960642, 0.09303547790200073
0.983242388960642, 0.09303547790200073
0.983242388960642, 0.09303547790200073
0.983242388960642, 0.09303547790200073
0.983242388960642, 0.09303547790200073
0.983242388960642, 0.09303547790200073
0.983242388960642, 0.09303547790200073
0.983242388960642, 0.09303547790200073
0.983242388960642, 0.09303547790200073
0.983242388960642, 0.09303547790200073
0.026079320015907737, 0.5055841616568942
0.026079320015907737, 0.5055841616568942
0.026079320015907737, 0.5055841616568942
0.026079320015907737, 0.5055841616568942
0.026079320015907737, 0.5055841616568942
0.026079320015907737, 0.5055841616568942
0.026079320015907737, 0.5055841616568942
0.026079320015907737, 0.5055841616568942
0.026079320015907737, 0.5055841616568942
0.026079320015907737, 0.5055841616568942
0.6360185826195522, 0.4581749304601148
0.6360185826195522, 0.4581749304601148
0.6360185826195522, 0.4581749304601148
0.6360185826195522, 0.4581749304601148
0.6360185826195522, 0.4581749304601148
0.6360185826195522, 0.4581749304601148
0.6360185826195522, 0.4581749304601148
0.6360185826195522, 0.4581749304601148
0.6360185826195522, 0.4581749304601148
0.6360185826195522, 0.4581749304601148
0.39949506190156014, 0.889457702399688
0.39949506190156014, 0.889457702399688
0.39949506190156014, 0.889457702399688
0.39949506190156014, 0.889457702399688
0.39949506190156014, 0.889457702399688
0.39949506190156014, 0.889457702399688
0.39949506190156014, 0.889457702399688
0.39949506190156014, 0.889457702399688
0.39949506190156014, 0.889457702399688
0.39949506190156014, 0.889457702399688
0.5362252510530587, 0.8770990736469831
0.5362252510530587, 0.8770990736469831
0.5362252510530587, 0.8770990736469831
0.5362252510530587, 0.8770990736469831
0.5362252510530587, 0.8770990736469831
0.5362252510530587, 0.8770990736469831
0.5362252510530587, 0.8770990736469831
0.5362252510530587, 0.8770990736469831
0.5362252510530587, 0.8770990736469831
0.5362252510530587, 0.8770990736469831
0.9438205802232262, 0.37849022599066184
0.9438205802232262, 0.37849022599066184
0.9438205802232262, 0.37849022599066184
0.9438205802232262, 0.37849022599066184
0.9438205802232262, 0.37849022599066184
0.9438205802232262, 0.37849022599066184
0.9438205802232262, 0.37849022599066184
0.9438205802232262, 0.37849022599066184
0.9438205802232262, 0.37849022599066184
0.9438205802232262, 0.37849022599066184
0.751944129138962, 0.09583516239367684
0.751944129138962, 0.09583516239367684
0.751944129138962, 0.09583516239367684
0.751944129138962, 0.09583516239367684
0.751944129138962, 0.09583516239367684
0.751944129138962, 0.09583516239367684
0.751944129138962, 0.09583516239367684
0.751944129138962, 0.09583516239367684
0.751944129138962, 0.09583516239367684
0.751944129138962, 0.09583516239367684
