1e-05
0.4275990611573335, 0.9807129319142279
0.4275990611573335, 0.9807129319142279
0.4275990611573335, 0.9807129319142279
0.4275990611573335, 0.9807129319142279
0.4275990611573335, 0.9807129319142279
0.4275990611573335, 0.9807129319142279
0.4275990611573335, 0.9807129319142279
0.4275990611573335, 0.9807129319142279
0.4275990611573335, 0.9807129319142279
0.4275990611573335, 0.9807129319142279
0.10125787359533767, 0.28491443356046353
0.10125787359533767, 0.28491443356046353
0.10125787359533767, 0.28491443356046353
0.10125787359533767, 0.28491443356046353
0.10125787359533767, 0.28491443356046353
0.10125787359533767, 0.28491443356046353
0.10125787359533767, 0.28491443356046353
0.10125787359533767, 0.28491443356046353
0.10125787359533767, 0.28491443356046353
0.10125787359533767, 0.28491443356046353
0.9872959906424656, 0.18523288375901503
0.9872959906424656, 0.18523288375901503
0.9872959906424656, 0.18523288375901503
0.9872959906424656, 0.18523288375901503
0.9872959906424656, 0.18523288375901503
0.9872959906424656, 0.18523288375901503
0.9872959906424656, 0.18523288375901503
0.9872959906424656, 0.18523288375901503
0.9872959906424656, 0.18523288375901503
0.9872959906424656, 0.18523288375901503
0.6057189167549708, 0.5181061071607337
0.6057189167549708, 0.5181061071607337
0.6057189167549708, 0.5181061071607337
0.6057189167549708, 0.5181061071607337
0.6057189167549708, 0.5181061071607337
0.6057189167549708, 0.5181061071607337
0.6057189167549708, 0.5181061071607337
0.6057189167549708, 0.5181061071607337
0.6057189167549708, 0.5181061071607337
0.6057189167549708, 0.5181061071607337
0.6824567048374999, 0.7294325556943697
0.6824567048374999, 0.7294325556943697
0.6824567048374999, 0.7294325556943697
0.6824567048374999, 0.7294325556943697
0.6824567048374999, 0.7294325556943697
0.6824567048374999, 0.7294325556943697
0.6824567048374999, 0.7294325556943697
0.6824567048374999, 0.7294325556943697
0.6824567048374999, 0.7294325556943697
0.6824567048374999, 0.7294325556943697
0.14251591856098256, 0.8648766223528909
0.14251591856098256, 0.8648766223528909
0.14251591856098256, 0.8648766223528909
0.14251591856098256, 0.8648766223528909
0.14251591856098256, 0.8648766223528909
0.14251591856098256, 0.8648766223528909
0.14251591856098256, 0.8648766223528909
0.14251591856098256, 0.8648766223528909
0.14251591856098256, 0.8648766223528909
0.14251591856098256, 0.8648766223528909
0.09119308458929076, 0.3422834642025623
0.09119308458929076, 0.3422834642025623
0.09119308458929076, 0.3422834642025623
0.09119308458929076, 0.3422834642025623
0.09119308458929076, 0.3422834642025623
0.09119308458929076, 0.3422834642025623
0.09119308458929076, 0.3422834642025623
0.09119308458929076, 0.3422834642025623
0.09119308458929076, 0.3422834642025623
0.09119308458929076, 0.3422834642025623
0.6402108019939107, 0.5528051970631723
0.6402108019939107, 0.5528051970631723
0.6402108019939107, 0.5528051970631723
0.6402108019939107, 0.5528051970631723
0.6402108019939107, 0.5528051970631723
0.6402108019939107, 0.5528051970631723
0.6402108019939107, 0.5528051970631723
0.6402108019939107, 0.5528051970631723
0.6402108019939107, 0.5528051970631723
0.6402108019939107, 0.5528051970631723
0.18507612174222132, 0.9580410721473416
0.18507612174222132, 0.9580410721473416
0.18507612174222132, 0.9580410721473416
0.18507612174222132, 0.9580410721473416
0.18507612174222132, 0.9580410721473416
0.18507612174222132, 0.9580410721473416
0.18507612174222132, 0.9580410721473416
0.18507612174222132, 0.9580410721473416
0.18507612174222132, 0.9580410721473416
0.18507612174222132, 0.9580410721473416
0.9247511933207535, 0.5137655713061299
0.9247511933207535, 0.5137655713061299
0.9247511933207535, 0.5137655713061299
0.9247511933207535, 0.5137655713061299
0.9247511933207535, 0.5137655713061299
0.9247511933207535, 0.5137655713061299
0.9247511933207535, 0.5137655713061299
0.9247511933207535, 0.5137655713061299
0.9247511933207535, 0.5137655713061299
0.9247511933207535, 0.5137655713061299
