1e-05
0.9717591675172302, 0.390830746108182
0.9717591675172302, 0.390830746108182
0.9717591675172302, 0.390830746108182
0.9717591675172302, 0.390830746108182
0.9717591675172302, 0.390830746108182
0.9717591675172302, 0.390830746108182
0.9717591675172302, 0.390830746108182
0.9717591675172302, 0.390830746108182
0.9717591675172302, 0.390830746108182
0.9717591675172302, 0.390830746108182
0.3262706735489599, 0.19057074301673993
0.3262706735489599, 0.19057074301673993
0.3262706735489599, 0.19057074301673993
0.3262706735489599, 0.19057074301673993
0.3262706735489599, 0.19057074301673993
0.3262706735489599, 0.19057074301673993
0.3262706735489599, 0.19057074301673993
0.3262706735489599, 0.19057074301673993
0.3262706735489599, 0.19057074301673993
0.3262706735489599, 0.19057074301673993
0.8919023943851947, 0.5392769808706569
0.8919023943851947, 0.5392769808706569
0.8919023943851947, 0.5392769808706569
0.8919023943851947, 0.5392769808706569
0.8919023943851947, 0.5392769808706569
0.8919023943851947, 0.5392769808706569
0.8919023943851947, 0.5392769808706569
0.8919023943851947, 0.5392769808706569
0.8919023943851947, 0.5392769808706569
0.8919023943851947, 0.5392769808706569
0.3178264680844941, 0.22380943846098766
0.3178264680844941, 0.22380943846098766
0.3178264680844941, 0.22380943846098766
0.3178264680844941, 0.22380943846098766
0.3178264680844941, 0.22380943846098766
0.3178264680844941, 0.22380943846098766
0.3178264680844941, 0.22380943846098766
0.3178264680844941, 0.22380943846098766
0.3178264680844941, 0.22380943846098766
0.3178264680844941, 0.22380943846098766
0.103279026789726, 0.7955039754482413
0.103279026789726, 0.7955039754482413
0.103279026789726, 0.7955039754482413
0.103279026789726, 0.7955039754482413
0.103279026789726, 0.7955039754482413
0.103279026789726, 0.7955039754482413
0.103279026789726, 0.7955039754482413
0.103279026789726, 0.7955039754482413
0.103279026789726, 0.7955039754482413
0.103279026789726, 0.7955039754482413
0.8203228339519235, 0.6582791485260395
0.8203228339519235, 0.6582791485260395
0.8203228339519235, 0.6582791485260395
0.8203228339519235, 0.6582791485260395
0.8203228339519235, 0.6582791485260395
0.8203228339519235, 0.6582791485260395
0.8203228339519235, 0.6582791485260395
0.8203228339519235, 0.6582791485260395
0.8203228339519235, 0.6582791485260395
0.8203228339519235, 0.6582791485260395
0.08760725215619503, 0.2520179948104184
0.08760725215619503, 0.2520179948104184
0.08760725215619503, 0.2520179948104184
0.08760725215619503, 0.2520179948104184
0.08760725215619503, 0.2520179948104184
0.08760725215619503, 0.2520179948104184
0.08760725215619503, 0.2520179948104184
0.08760725215619503, 0.2520179948104184
0.08760725215619503, 0.2520179948104184
0.08760725215619503, 0.2520179948104184
0.17609632663209385, 0.6475244706311655
0.17609632663209385, 0.6475244706311655
0.17609632663209385, 0.6475244706311655
0.17609632663209385, 0.6475244706311655
0.17609632663209385, 0.6475244706311655
0.17609632663209385, 0.6475244706311655
0.17609632663209385, 0.6475244706311655
0.17609632663209385, 0.6475244706311655
0.17609632663209385, 0.6475244706311655
0.17609632663209385, 0.6475244706311655
0.7373543888421997, 0.8387904538850813
0.7373543888421997, 0.8387904538850813
0.7373543888421997, 0.8387904538850813
0.7373543888421997, 0.8387904538850813
0.7373543888421997, 0.8387904538850813
0.7373543888421997, 0.8387904538850813
0.7373543888421997, 0.8387904538850813
0.7373543888421997, 0.8387904538850813
0.7373543888421997, 0.8387904538850813
0.7373543888421997, 0.8387904538850813
0.7306152436399883, 0.5526408320891543
0.7306152436399883, 0.5526408320891543
0.7306152436399883, 0.5526408320891543
0.7306152436399883, 0.5526408320891543
0.7306152436399883, 0.5526408320891543
0.7306152436399883, 0.5526408320891543
0.7306152436399883, 0.5526408320891543
0.7306152436399883, 0.5526408320891543
0.7306152436399883, 0.5526408320891543
0.7306152436399883, 0.5526408320891543
