1e-05
0.6087486492113411, 0.20264993183946411
0.6087486492113411, 0.20264993183946411
0.6087486492113411, 0.20264993183946411
0.6087486492113411, 0.20264993183946411
0.6087486492113411, 0.20264993183946411
0.6087486492113411, 0.20264993183946411
0.6087486492113411, 0.20264993183946411
0.6087486492113411, 0.20264993183946411
0.6087486492113411, 0.20264993183946411
0.6087486492113411, 0.20264993183946411
0.010076644628258968, 0.5107286278477866
0.010076644628258968, 0.5107286278477866
0.010076644628258968, 0.5107286278477866
0.010076644628258968, 0.5107286278477866
0.010076644628258968, 0.5107286278477866
0.010076644628258968, 0.5107286278477866
0.010076644628258968, 0.5107286278477866
0.010076644628258968, 0.5107286278477866
0.010076644628258968, 0.5107286278477866
0.010076644628258968, 0.5107286278477866
0.3366630728329827, 0.1167874763490826
0.3366630728329827, 0.1167874763490826
0.3366630728329827, 0.1167874763490826
0.3366630728329827, 0.1167874763490826
0.3366630728329827, 0.1167874763490826
0.3366630728329827, 0.1167874763490826
0.3366630728329827, 0.1167874763490826
0.3366630728329827, 0.1167874763490826
0.3366630728329827, 0.1167874763490826
0.3366630728329827, 0.1167874763490826
0.9949081675599111, 0.36386145154590366
0.9949081675599111, 0.36386145154590366
0.9949081675599111, 0.36386145154590366
0.9949081675599111, 0.36386145154590366
0.9949081675599111, 0.36386145154590366
0.9949081675599111, 0.36386145154590366
0.9949081675599111, 0.36386145154590366
0.9949081675599111, 0.36386145154590366
0.9949081675599111, 0.36386145154590366
0.9949081675599111, 0.36386145154590366
0.8940475894274538, 0.3083515493376886
0.8940475894274538, 0.3083515493376886
0.8940475894274538, 0.3083515493376886
0.8940475894274538, 0.3083515493376886
0.8940475894274538, 0.3083515493376886
0.8940475894274538, 0.3083515493376886
0.8940475894274538, 0.3083515493376886
0.8940475894274538, 0.3083515493376886
0.8940475894274538, 0.3083515493376886
0.8940475894274538, 0.3083515493376886
0.6426851940264733, 0.8230505210293741
0.6426851940264733, 0.8230505210293741
0.6426851940264733, 0.8230505210293741
0.6426851940264733, 0.8230505210293741
0.6426851940264733, 0.8230505210293741
0.6426851940264733, 0.8230505210293741
0.6426851940264733, 0.8230505210293741
0.6426851940264733, 0.8230505210293741
0.6426851940264733, 0.8230505210293741
0.6426851940264733, 0.8230505210293741
0.6275057371839118, 0.41740649169171595
0.6275057371839118, 0.41740649169171595
0.6275057371839118, 0.41740649169171595
0.6275057371839118, 0.41740649169171595
0.6275057371839118, 0.41740649169171595
0.6275057371839118, 0.41740649169171595
0.6275057371839118, 0.41740649169171595
0.6275057371839118, 0.41740649169171595
0.6275057371839118, 0.41740649169171595
0.6275057371839118, 0.41740649169171595
0.3070018094117476, 0.9543139472985926
0.3070018094117476, 0.9543139472985926
0.3070018094117476, 0.9543139472985926
0.3070018094117476, 0.9543139472985926
0.3070018094117476, 0.9543139472985926
0.3070018094117476, 0.9543139472985926
0.3070018094117476, 0.9543139472985926
0.3070018094117476, 0.9543139472985926
0.3070018094117476, 0.9543139472985926
0.3070018094117476, 0.9543139472985926
0.8478463062683718, 0.46965985460540927
0.8478463062683718, 0.46965985460540927
0.8478463062683718, 0.46965985460540927
0.8478463062683718, 0.46965985460540927
0.8478463062683718, 0.46965985460540927
0.8478463062683718, 0.46965985460540927
0.8478463062683718, 0.46965985460540927
0.8478463062683718, 0.46965985460540927
0.8478463062683718, 0.46965985460540927
0.8478463062683718, 0.46965985460540927
0.22788413321655332, 0.7681373857752416
0.22788413321655332, 0.7681373857752416
0.22788413321655332, 0.7681373857752416
0.22788413321655332, 0.7681373857752416
0.22788413321655332, 0.7681373857752416
0.22788413321655332, 0.7681373857752416
0.22788413321655332, 0.7681373857752416
0.22788413321655332, 0.7681373857752416
0.22788413321655332, 0.7681373857752416
0.22788413321655332, 0.7681373857752416
