1e-05
0.8380095809885928, 0.589055558881381
0.26471738150166246, 0.47917264941971915
0.9319581239673737, 0.5855015051699584
0.21094980157633814, 0.6476187717764035
0.3841504409431926, 0.3492592606643615
0.8415501472893766, 0.6718523266020382
0.021693071937352593, 0.07628643219963593
0.5901217915662147, 0.5742505924006228
0.3926542498272212, 0.32723387916776137
0.8255673478533904, 0.8684660553435641
0.4296103721183443, 0.42159414160883213
0.7241140916567671, 0.1403986335428401
0.7972097444320309, 0.3543482828611153
0.23109391860384476, 0.42466396142616747
0.7827774458562887, 0.931875936367876
0.6500305530765089, 0.2655756167502471
0.804653513511293, 0.3346411972223823
0.13235250734730342, 0.9432082179512143
0.20223025641823522, 0.8460676571514683
0.1975453478313859, 0.42208592596720007
0.48074194273912596, 0.6362601832573298
0.9733687662400701, 0.03179250834934755
0.7637295680789219, 0.7448272255848883
0.7902642827275386, 0.7619764201734673
0.30003818846699104, 0.27733423631582244
0.31064307573273664, 0.11417768774028525
0.8966101972103333, 0.34218739566866974
0.6440743115991083, 0.13497736348432532
0.38992732499418314, 0.8254423779135706
0.16957587669216256, 0.15102753060415275
0.055519254130708795, 0.9385641445435648
0.7339521542680644, 0.691940676451347
0.792409063878751, 0.40512390366674544
0.43010366333429706, 0.6808887801757798
0.08625291024026627, 0.6627168827559755
0.39979922990022454, 0.25886129473516784
0.5656598589419343, 0.5314342714698366
0.2860327351129598, 0.16456690193429646
0.06012834741795836, 0.9532260561136912
0.8816420607798879, 0.4359948281080869
0.4324124357193494, 0.7187978833088908
0.854146249889831, 0.9651005063413249
0.3115637756750288, 0.5638489427938639
0.3673888773936187, 0.4616088691440856
0.32356438104653407, 0.9550727138589017
0.2703157820615951, 0.7289811536008405
0.7658615940382134, 0.9871402451694962
0.950559300567108, 0.00678738204609608
0.20761225285143292, 0.5475742773388738
0.25369289525799166, 0.4886784698823602
0.06403326563810341, 0.6159570530592909
0.9295577096235966, 0.34558580190643096
0.30817172930819614, 0.5151309504102443
0.3778021827060236, 0.2665373083148177
0.6683412650321806, 0.5363812169286363
0.04463970719189703, 0.3908874041800977
0.623260059503987, 0.9919318318106987
0.6747167322885584, 0.12501586030163914
0.9421297962032312, 0.3911737090760309
0.6497847961926259, 0.7502108572050987
0.37113821244463596, 0.6832932705296614
0.6414100298779718, 0.3341945061574434
0.721090927846154, 0.9189573508117576
0.05769937608160636, 0.33472311749746053
0.8304880941103321, 0.7163759200883001
0.71767083523179, 0.4300308423933449
0.7584965805363517, 0.29855376940551903
0.4593370932468689, 0.3657154035341179
0.5458585289742344, 0.672743508367242
0.3224653753710385, 0.6802454749584799
0.9605158713844766, 0.02585938759418338
0.5838616017449494, 0.19638726433224252
0.4542875938511147, 0.050745187575909734
0.9856477030475029, 0.11782461634086883
0.10993034417710679, 0.9761808701556305
0.04401502222134557, 0.834134825860698
0.6937568215597607, 0.17685134104970746
0.568500382467357, 0.8937644834247254
0.16680661026074295, 0.09198414419932077
0.24747577612739746, 0.6180576644635764
0.9395343882883652, 0.3495946327907976
0.9627990275166135, 0.13867432876754415
0.6042929006161902, 0.42809034514438615
0.8435323921103578, 0.5886219834920096
0.7640329664831338, 0.12967369383895744
0.17583468804286206, 0.5014817143587957
0.37187834129727526, 0.8818856582210082
0.49490444789356935, 0.5067852042984381
0.3565376273386036, 0.8349697686205959
0.5020716395919462, 0.04750639055814132
0.6729021889034048, 0.0844673445468167
0.06833069781438394, 0.18028300313493295
0.31489756662223267, 0.5501461550590532
0.41724172567076345, 0.2739880036776555
0.38086485545450566, 0.00254746429039443
0.6452541292541313, 0.19891979016309758
0.5461853581374454, 0.18189410971395237
0.7815068747662606, 0.6154544613390192
0.07871867155459744, 0.2480303476542438
0.877927537784895, 0.24538620133072653
