1e-05
0.8277172524945107, 0.4270068595674674
0.8277172524945107, 0.4270068595674674
0.8277172524945107, 0.4270068595674674
0.8277172524945107, 0.4270068595674674
0.8277172524945107, 0.4270068595674674
0.8277172524945107, 0.4270068595674674
0.8277172524945107, 0.4270068595674674
0.8277172524945107, 0.4270068595674674
0.8277172524945107, 0.4270068595674674
0.8277172524945107, 0.4270068595674674
0.3003972557810264, 0.603151063936073
0.3003972557810264, 0.603151063936073
0.3003972557810264, 0.603151063936073
0.3003972557810264, 0.603151063936073
0.3003972557810264, 0.603151063936073
0.3003972557810264, 0.603151063936073
0.3003972557810264, 0.603151063936073
0.3003972557810264, 0.603151063936073
0.3003972557810264, 0.603151063936073
0.3003972557810264, 0.603151063936073
0.159044149911708, 0.4544503905541858
0.159044149911708, 0.4544503905541858
0.159044149911708, 0.4544503905541858
0.159044149911708, 0.4544503905541858
0.159044149911708, 0.4544503905541858
0.159044149911708, 0.4544503905541858
0.159044149911708, 0.4544503905541858
0.159044149911708, 0.4544503905541858
0.159044149911708, 0.4544503905541858
0.159044149911708, 0.4544503905541858
0.7178355854821863, 0.8439678017527465
0.7178355854821863, 0.8439678017527465
0.7178355854821863, 0.8439678017527465
0.7178355854821863, 0.8439678017527465
0.7178355854821863, 0.8439678017527465
0.7178355854821863, 0.8439678017527465
0.7178355854821863, 0.8439678017527465
0.7178355854821863, 0.8439678017527465
0.7178355854821863, 0.8439678017527465
0.7178355854821863, 0.8439678017527465
0.916064616060133, 0.5769116500467131
0.916064616060133, 0.5769116500467131
0.916064616060133, 0.5769116500467131
0.916064616060133, 0.5769116500467131
0.916064616060133, 0.5769116500467131
0.916064616060133, 0.5769116500467131
0.916064616060133, 0.5769116500467131
0.916064616060133, 0.5769116500467131
0.916064616060133, 0.5769116500467131
0.916064616060133, 0.5769116500467131
0.7304017363890298, 0.5784334930972594
0.7304017363890298, 0.5784334930972594
0.7304017363890298, 0.5784334930972594
0.7304017363890298, 0.5784334930972594
0.7304017363890298, 0.5784334930972594
0.7304017363890298, 0.5784334930972594
0.7304017363890298, 0.5784334930972594
0.7304017363890298, 0.5784334930972594
0.7304017363890298, 0.5784334930972594
0.7304017363890298, 0.5784334930972594
0.20849433472633938, 0.8686816728209279
0.20849433472633938, 0.8686816728209279
0.20849433472633938, 0.8686816728209279
0.20849433472633938, 0.8686816728209279
0.20849433472633938, 0.8686816728209279
0.20849433472633938, 0.8686816728209279
0.20849433472633938, 0.8686816728209279
0.20849433472633938, 0.8686816728209279
0.20849433472633938, 0.8686816728209279
0.20849433472633938, 0.8686816728209279
0.5822048259967706, 0.813361649674077
0.5822048259967706, 0.813361649674077
0.5822048259967706, 0.813361649674077
0.5822048259967706, 0.813361649674077
0.5822048259967706, 0.813361649674077
0.5822048259967706, 0.813361649674077
0.5822048259967706, 0.813361649674077
0.5822048259967706, 0.813361649674077
0.5822048259967706, 0.813361649674077
0.5822048259967706, 0.813361649674077
0.15794342716033505, 0.723131179609701
0.15794342716033505, 0.723131179609701
0.15794342716033505, 0.723131179609701
0.15794342716033505, 0.723131179609701
0.15794342716033505, 0.723131179609701
0.15794342716033505, 0.723131179609701
0.15794342716033505, 0.723131179609701
0.15794342716033505, 0.723131179609701
0.15794342716033505, 0.723131179609701
0.15794342716033505, 0.723131179609701
0.03348682833803451, 0.2701793892313419
0.03348682833803451, 0.2701793892313419
0.03348682833803451, 0.2701793892313419
0.03348682833803451, 0.2701793892313419
0.03348682833803451, 0.2701793892313419
0.03348682833803451, 0.2701793892313419
0.03348682833803451, 0.2701793892313419
0.03348682833803451, 0.2701793892313419
0.03348682833803451, 0.2701793892313419
0.03348682833803451, 0.2701793892313419
