0.1
0.9156684518101235, 0.17890924785778273
0.013729556084308925, 0.2567768617430932
0.4899088889187295, 0.37714903459101456
0.6898360993900244, 0.5896175296921711
0.9080267688512035, 0.841491523097646
0.8703553732447099, 0.9651833341608232
0.5365225571741448, 0.2586255064345636
0.9269133511233829, 0.5969714500707596
0.9682552807433643, 0.0346521346322235
0.40748392568245484, 0.13631010181568814
0.8002443781099227, 0.47603274077685764
0.21181754184193335, 0.8661681107040007
0.653596348632448, 0.7455909704735019
0.8123356493048712, 0.36347657326502725
0.4138360449548788, 0.9614497866276617
0.22607895216109508, 0.5723930679056674
0.03296356131409761, 0.30854480062482303
0.2345337674335244, 0.9760626201389544
0.5056257392377094, 0.32433032455396815
0.05656915941346141, 0.10996204383849084
0.988797608251984, 0.43600071186160205
0.16764165115338792, 0.7045468481129169
0.6852488836048407, 0.8111995960301606
0.9660011434884356, 0.2799216015706133
0.3476245388085665, 0.9364355451253555
0.7944276821646289, 0.8106098441129075
0.24697608111864855, 0.8065349549026759
0.8949173163989261, 0.6323590567152455
0.45377305368189946, 0.2002190481995776
0.9021633740723282, 0.895315822206153
0.9930582826349742, 0.08051988830104029
0.8256693924295305, 0.989001356257805
0.0543542083836136, 0.44838629400135255
0.7899098832050186, 0.8959859620509713
0.9941952021168772, 0.6098839717862288
0.3489417210950727, 0.8070708416013838
0.22081946912524375, 0.24519159493553178
0.37555977366127635, 0.8260318924567103
0.30901729494335695, 0.34346826287989685
0.5177747445490385, 0.7838013175089368
0.10483704588842335, 0.9286702901955374
0.5770124971801537, 0.39381295817235495
0.6784688229048017, 0.8697228583981041
0.9452083700675175, 0.5269680735126265
0.24286843680774006, 0.45923234327882057
0.394218407341285, 0.12668745188228847
0.249089312715007, 0.23328276847102092
0.17874046082717843, 0.5949254633940306
0.44802994307863564, 0.49374914743962783
0.331532016633876, 0.7806337758144489
0.7396111206675954, 0.5467944576264567
0.5269443528019173, 0.922576195988483
0.1909640399814896, 0.381759707185955
0.7191097109385767, 0.9624004368645109
0.31881545386997623, 0.4807526793467055
0.6555669971758685, 0.013418819568613127
0.8462033648272591, 0.28733337523029046
0.6513999030270208, 0.04064671976649903
0.17363944783166163, 0.5882438679588028
0.18400700732263753, 0.7849164060749336
0.05085573840387725, 0.695788555894197
0.2292573472770857, 0.7532762945337226
0.5580092295434195, 0.6294475133451521
0.9925791233763408, 0.89819531914113
0.9712639890674309, 0.0355729363381907
0.38268839786923636, 0.5085177802915579
0.22452247956374816, 0.5749049696361358
0.41492123131594094, 0.508510214750328
0.16648876994302753, 0.013296104738508951
0.48395839252947137, 0.8315181436566986
0.8498431903270262, 0.8515137756248875
0.10553823961244913, 0.8398660437289708
0.9121122214522135, 0.7955512968899449
0.8309399763974114, 0.7352365547539282
0.16189339629914545, 0.33245179266849656
0.6423724314821693, 0.7126417207458516
0.2034679840695487, 0.07936173679177272
0.6880575698176866, 0.9824536334268376
0.23597039438716072, 0.9974835537789339
0.07411211425730502, 0.2839338627837231
0.9257033856195, 0.5285643061283166
0.8306130049700551, 0.7922733068377565
