1e-05
0.7156601149231661, 0.000722588792337775
0.7156601149231661, 0.000722588792337775
0.7156601149231661, 0.000722588792337775
0.7156601149231661, 0.000722588792337775
0.7156601149231661, 0.000722588792337775
0.7156601149231661, 0.000722588792337775
0.7156601149231661, 0.000722588792337775
0.7156601149231661, 0.000722588792337775
0.7156601149231661, 0.000722588792337775
0.7156601149231661, 0.000722588792337775
0.7287930154764658, 0.22709412377601634
0.7287930154764658, 0.22709412377601634
0.7287930154764658, 0.22709412377601634
0.7287930154764658, 0.22709412377601634
0.7287930154764658, 0.22709412377601634
0.7287930154764658, 0.22709412377601634
0.7287930154764658, 0.22709412377601634
0.7287930154764658, 0.22709412377601634
0.7287930154764658, 0.22709412377601634
0.7287930154764658, 0.22709412377601634
0.4259067430860406, 0.8174496755254387
0.4259067430860406, 0.8174496755254387
0.4259067430860406, 0.8174496755254387
0.4259067430860406, 0.8174496755254387
0.4259067430860406, 0.8174496755254387
0.4259067430860406, 0.8174496755254387
0.4259067430860406, 0.8174496755254387
0.4259067430860406, 0.8174496755254387
0.4259067430860406, 0.8174496755254387
0.4259067430860406, 0.8174496755254387
0.06181071793159021, 0.29503654106740096
0.06181071793159021, 0.29503654106740096
0.06181071793159021, 0.29503654106740096
0.06181071793159021, 0.29503654106740096
0.06181071793159021, 0.29503654106740096
0.06181071793159021, 0.29503654106740096
0.06181071793159021, 0.29503654106740096
0.06181071793159021, 0.29503654106740096
0.06181071793159021, 0.29503654106740096
0.06181071793159021, 0.29503654106740096
0.5483061108016446, 0.8233525574796556
0.5483061108016446, 0.8233525574796556
0.5483061108016446, 0.8233525574796556
0.5483061108016446, 0.8233525574796556
0.5483061108016446, 0.8233525574796556
0.5483061108016446, 0.8233525574796556
0.5483061108016446, 0.8233525574796556
0.5483061108016446, 0.8233525574796556
0.5483061108016446, 0.8233525574796556
0.5483061108016446, 0.8233525574796556
0.6959753421779671, 0.9475779023063207
0.6959753421779671, 0.9475779023063207
0.6959753421779671, 0.9475779023063207
0.6959753421779671, 0.9475779023063207
0.6959753421779671, 0.9475779023063207
0.6959753421779671, 0.9475779023063207
0.6959753421779671, 0.9475779023063207
0.6959753421779671, 0.9475779023063207
0.6959753421779671, 0.9475779023063207
0.6959753421779671, 0.9475779023063207
0.8851068746272134, 0.41633881031604414
0.8851068746272134, 0.41633881031604414
0.8851068746272134, 0.41633881031604414
0.8851068746272134, 0.41633881031604414
0.8851068746272134, 0.41633881031604414
0.8851068746272134, 0.41633881031604414
0.8851068746272134, 0.41633881031604414
0.8851068746272134, 0.41633881031604414
0.8851068746272134, 0.41633881031604414
0.8851068746272134, 0.41633881031604414
0.6783303813168199, 0.2908650356531113
0.6783303813168199, 0.2908650356531113
0.6783303813168199, 0.2908650356531113
0.6783303813168199, 0.2908650356531113
0.6783303813168199, 0.2908650356531113
0.6783303813168199, 0.2908650356531113
0.6783303813168199, 0.2908650356531113
0.6783303813168199, 0.2908650356531113
0.6783303813168199, 0.2908650356531113
0.6783303813168199, 0.2908650356531113
0.3812095455101904, 0.6688321276408495
0.3812095455101904, 0.6688321276408495
0.3812095455101904, 0.6688321276408495
0.3812095455101904, 0.6688321276408495
0.3812095455101904, 0.6688321276408495
0.3812095455101904, 0.6688321276408495
0.3812095455101904, 0.6688321276408495
0.3812095455101904, 0.6688321276408495
0.3812095455101904, 0.6688321276408495
0.3812095455101904, 0.6688321276408495
0.8390176750928442, 0.9146903713252034
0.8390176750928442, 0.9146903713252034
0.8390176750928442, 0.9146903713252034
0.8390176750928442, 0.9146903713252034
0.8390176750928442, 0.9146903713252034
0.8390176750928442, 0.9146903713252034
0.8390176750928442, 0.9146903713252034
0.8390176750928442, 0.9146903713252034
0.8390176750928442, 0.9146903713252034
0.8390176750928442, 0.9146903713252034
