1e-05
0.8439375487576984, 0.3575830110960655
0.8439375487576984, 0.3575830110960655
0.8439375487576984, 0.3575830110960655
0.8439375487576984, 0.3575830110960655
0.8439375487576984, 0.3575830110960655
0.8439375487576984, 0.3575830110960655
0.8439375487576984, 0.3575830110960655
0.8439375487576984, 0.3575830110960655
0.8439375487576984, 0.3575830110960655
0.8439375487576984, 0.3575830110960655
0.3933708626254333, 0.2241887701308648
0.3933708626254333, 0.2241887701308648
0.3933708626254333, 0.2241887701308648
0.3933708626254333, 0.2241887701308648
0.3933708626254333, 0.2241887701308648
0.3933708626254333, 0.2241887701308648
0.3933708626254333, 0.2241887701308648
0.3933708626254333, 0.2241887701308648
0.3933708626254333, 0.2241887701308648
0.3933708626254333, 0.2241887701308648
0.8921135435613777, 0.6575476147254526
0.8921135435613777, 0.6575476147254526
0.8921135435613777, 0.6575476147254526
0.8921135435613777, 0.6575476147254526
0.8921135435613777, 0.6575476147254526
0.8921135435613777, 0.6575476147254526
0.8921135435613777, 0.6575476147254526
0.8921135435613777, 0.6575476147254526
0.8921135435613777, 0.6575476147254526
0.8921135435613777, 0.6575476147254526
0.6761654474849336, 0.4832505192578621
0.6761654474849336, 0.4832505192578621
0.6761654474849336, 0.4832505192578621
0.6761654474849336, 0.4832505192578621
0.6761654474849336, 0.4832505192578621
0.6761654474849336, 0.4832505192578621
0.6761654474849336, 0.4832505192578621
0.6761654474849336, 0.4832505192578621
0.6761654474849336, 0.4832505192578621
0.6761654474849336, 0.4832505192578621
0.9722576705788779, 0.7114932692885526
0.9722576705788779, 0.7114932692885526
0.9722576705788779, 0.7114932692885526
0.9722576705788779, 0.7114932692885526
0.9722576705788779, 0.7114932692885526
0.9722576705788779, 0.7114932692885526
0.9722576705788779, 0.7114932692885526
0.9722576705788779, 0.7114932692885526
0.9722576705788779, 0.7114932692885526
0.9722576705788779, 0.7114932692885526
0.2978617157418533, 0.9615576648846194
0.2978617157418533, 0.9615576648846194
0.2978617157418533, 0.9615576648846194
0.2978617157418533, 0.9615576648846194
0.2978617157418533, 0.9615576648846194
0.2978617157418533, 0.9615576648846194
0.2978617157418533, 0.9615576648846194
0.2978617157418533, 0.9615576648846194
0.2978617157418533, 0.9615576648846194
0.2978617157418533, 0.9615576648846194
0.7375729013535125, 0.8955550621525771
0.7375729013535125, 0.8955550621525771
0.7375729013535125, 0.8955550621525771
0.7375729013535125, 0.8955550621525771
0.7375729013535125, 0.8955550621525771
0.7375729013535125, 0.8955550621525771
0.7375729013535125, 0.8955550621525771
0.7375729013535125, 0.8955550621525771
0.7375729013535125, 0.8955550621525771
0.7375729013535125, 0.8955550621525771
0.08882706617031377, 0.6557140030113431
0.08882706617031377, 0.6557140030113431
0.08882706617031377, 0.6557140030113431
0.08882706617031377, 0.6557140030113431
0.08882706617031377, 0.6557140030113431
0.08882706617031377, 0.6557140030113431
0.08882706617031377, 0.6557140030113431
0.08882706617031377, 0.6557140030113431
0.08882706617031377, 0.6557140030113431
0.08882706617031377, 0.6557140030113431
0.3452794339758657, 0.9109334792396928
0.3452794339758657, 0.9109334792396928
0.3452794339758657, 0.9109334792396928
0.3452794339758657, 0.9109334792396928
0.3452794339758657, 0.9109334792396928
0.3452794339758657, 0.9109334792396928
0.3452794339758657, 0.9109334792396928
0.3452794339758657, 0.9109334792396928
0.3452794339758657, 0.9109334792396928
0.3452794339758657, 0.9109334792396928
0.9327848225808644, 0.8993084021338386
0.9327848225808644, 0.8993084021338386
0.9327848225808644, 0.8993084021338386
0.9327848225808644, 0.8993084021338386
0.9327848225808644, 0.8993084021338386
0.9327848225808644, 0.8993084021338386
0.9327848225808644, 0.8993084021338386
0.9327848225808644, 0.8993084021338386
0.9327848225808644, 0.8993084021338386
0.9327848225808644, 0.8993084021338386
