1e-05
0.9629144733271395, 0.7733143961156927
0.9629144733271395, 0.7733143961156927
0.9629144733271395, 0.7733143961156927
0.9629144733271395, 0.7733143961156927
0.9629144733271395, 0.7733143961156927
0.9629144733271395, 0.7733143961156927
0.9629144733271395, 0.7733143961156927
0.9629144733271395, 0.7733143961156927
0.9629144733271395, 0.7733143961156927
0.9629144733271395, 0.7733143961156927
0.2987112219614292, 0.32451432266422486
0.2987112219614292, 0.32451432266422486
0.2987112219614292, 0.32451432266422486
0.2987112219614292, 0.32451432266422486
0.2987112219614292, 0.32451432266422486
0.2987112219614292, 0.32451432266422486
0.2987112219614292, 0.32451432266422486
0.2987112219614292, 0.32451432266422486
0.2987112219614292, 0.32451432266422486
0.2987112219614292, 0.32451432266422486
0.8245642473719752, 0.8686147829683125
0.8245642473719752, 0.8686147829683125
0.8245642473719752, 0.8686147829683125
0.8245642473719752, 0.8686147829683125
0.8245642473719752, 0.8686147829683125
0.8245642473719752, 0.8686147829683125
0.8245642473719752, 0.8686147829683125
0.8245642473719752, 0.8686147829683125
0.8245642473719752, 0.8686147829683125
0.8245642473719752, 0.8686147829683125
0.4085897611439362, 0.10185158256689641
0.4085897611439362, 0.10185158256689641
0.4085897611439362, 0.10185158256689641
0.4085897611439362, 0.10185158256689641
0.4085897611439362, 0.10185158256689641
0.4085897611439362, 0.10185158256689641
0.4085897611439362, 0.10185158256689641
0.4085897611439362, 0.10185158256689641
0.4085897611439362, 0.10185158256689641
0.4085897611439362, 0.10185158256689641
0.13940718422262932, 0.5671612551893324
0.13940718422262932, 0.5671612551893324
0.13940718422262932, 0.5671612551893324
0.13940718422262932, 0.5671612551893324
0.13940718422262932, 0.5671612551893324
0.13940718422262932, 0.5671612551893324
0.13940718422262932, 0.5671612551893324
0.13940718422262932, 0.5671612551893324
0.13940718422262932, 0.5671612551893324
0.13940718422262932, 0.5671612551893324
0.08464406455087436, 0.7839080999202125
0.08464406455087436, 0.7839080999202125
0.08464406455087436, 0.7839080999202125
0.08464406455087436, 0.7839080999202125
0.08464406455087436, 0.7839080999202125
0.08464406455087436, 0.7839080999202125
0.08464406455087436, 0.7839080999202125
0.08464406455087436, 0.7839080999202125
0.08464406455087436, 0.7839080999202125
0.08464406455087436, 0.7839080999202125
0.3980406734955626, 0.617442987522756
0.3980406734955626, 0.617442987522756
0.3980406734955626, 0.617442987522756
0.3980406734955626, 0.617442987522756
0.3980406734955626, 0.617442987522756
0.3980406734955626, 0.617442987522756
0.3980406734955626, 0.617442987522756
0.3980406734955626, 0.617442987522756
0.3980406734955626, 0.617442987522756
0.3980406734955626, 0.617442987522756
0.9308257467027334, 0.14818834388980673
0.9308257467027334, 0.14818834388980673
0.9308257467027334, 0.14818834388980673
0.9308257467027334, 0.14818834388980673
0.9308257467027334, 0.14818834388980673
0.9308257467027334, 0.14818834388980673
0.9308257467027334, 0.14818834388980673
0.9308257467027334, 0.14818834388980673
0.9308257467027334, 0.14818834388980673
0.9308257467027334, 0.14818834388980673
0.8297086272963341, 0.16233365224587792
0.8297086272963341, 0.16233365224587792
0.8297086272963341, 0.16233365224587792
0.8297086272963341, 0.16233365224587792
0.8297086272963341, 0.16233365224587792
0.8297086272963341, 0.16233365224587792
0.8297086272963341, 0.16233365224587792
0.8297086272963341, 0.16233365224587792
0.8297086272963341, 0.16233365224587792
0.8297086272963341, 0.16233365224587792
0.10937438710712788, 0.5275176273890879
0.10937438710712788, 0.5275176273890879
0.10937438710712788, 0.5275176273890879
0.10937438710712788, 0.5275176273890879
0.10937438710712788, 0.5275176273890879
0.10937438710712788, 0.5275176273890879
0.10937438710712788, 0.5275176273890879
0.10937438710712788, 0.5275176273890879
0.10937438710712788, 0.5275176273890879
0.10937438710712788, 0.5275176273890879
