1e-05
0.826318852769928, 0.22155560713889189
0.826318852769928, 0.22155560713889189
0.826318852769928, 0.22155560713889189
0.826318852769928, 0.22155560713889189
0.826318852769928, 0.22155560713889189
0.826318852769928, 0.22155560713889189
0.826318852769928, 0.22155560713889189
0.826318852769928, 0.22155560713889189
0.826318852769928, 0.22155560713889189
0.826318852769928, 0.22155560713889189
0.6027304677555569, 0.3911954311678061
0.6027304677555569, 0.3911954311678061
0.6027304677555569, 0.3911954311678061
0.6027304677555569, 0.3911954311678061
0.6027304677555569, 0.3911954311678061
0.6027304677555569, 0.3911954311678061
0.6027304677555569, 0.3911954311678061
0.6027304677555569, 0.3911954311678061
0.6027304677555569, 0.3911954311678061
0.6027304677555569, 0.3911954311678061
0.6441847925849058, 0.2486411253156684
0.6441847925849058, 0.2486411253156684
0.6441847925849058, 0.2486411253156684
0.6441847925849058, 0.2486411253156684
0.6441847925849058, 0.2486411253156684
0.6441847925849058, 0.2486411253156684
0.6441847925849058, 0.2486411253156684
0.6441847925849058, 0.2486411253156684
0.6441847925849058, 0.2486411253156684
0.6441847925849058, 0.2486411253156684
0.38004132843205807, 0.05655147247888992
0.38004132843205807, 0.05655147247888992
0.38004132843205807, 0.05655147247888992
0.38004132843205807, 0.05655147247888992
0.38004132843205807, 0.05655147247888992
0.38004132843205807, 0.05655147247888992
0.38004132843205807, 0.05655147247888992
0.38004132843205807, 0.05655147247888992
0.38004132843205807, 0.05655147247888992
0.38004132843205807, 0.05655147247888992
0.7871506978268907, 0.3425322696582034
0.7871506978268907, 0.3425322696582034
0.7871506978268907, 0.3425322696582034
0.7871506978268907, 0.3425322696582034
0.7871506978268907, 0.3425322696582034
0.7871506978268907, 0.3425322696582034
0.7871506978268907, 0.3425322696582034
0.7871506978268907, 0.3425322696582034
0.7871506978268907, 0.3425322696582034
0.7871506978268907, 0.3425322696582034
0.40982875040755473, 0.10194819481273898
0.40982875040755473, 0.10194819481273898
0.40982875040755473, 0.10194819481273898
0.40982875040755473, 0.10194819481273898
0.40982875040755473, 0.10194819481273898
0.40982875040755473, 0.10194819481273898
0.40982875040755473, 0.10194819481273898
0.40982875040755473, 0.10194819481273898
0.40982875040755473, 0.10194819481273898
0.40982875040755473, 0.10194819481273898
0.4667870756262179, 0.7615820839603107
0.4667870756262179, 0.7615820839603107
0.4667870756262179, 0.7615820839603107
0.4667870756262179, 0.7615820839603107
0.4667870756262179, 0.7615820839603107
0.4667870756262179, 0.7615820839603107
0.4667870756262179, 0.7615820839603107
0.4667870756262179, 0.7615820839603107
0.4667870756262179, 0.7615820839603107
0.4667870756262179, 0.7615820839603107
0.4898742750855446, 0.7079870613680269
0.4898742750855446, 0.7079870613680269
0.4898742750855446, 0.7079870613680269
0.4898742750855446, 0.7079870613680269
0.4898742750855446, 0.7079870613680269
0.4898742750855446, 0.7079870613680269
0.4898742750855446, 0.7079870613680269
0.4898742750855446, 0.7079870613680269
0.4898742750855446, 0.7079870613680269
0.4898742750855446, 0.7079870613680269
0.7738600955002654, 0.6808123732855395
0.7738600955002654, 0.6808123732855395
0.7738600955002654, 0.6808123732855395
0.7738600955002654, 0.6808123732855395
0.7738600955002654, 0.6808123732855395
0.7738600955002654, 0.6808123732855395
0.7738600955002654, 0.6808123732855395
0.7738600955002654, 0.6808123732855395
0.7738600955002654, 0.6808123732855395
0.7738600955002654, 0.6808123732855395
0.7203126570371974, 0.27668295269000387
0.7203126570371974, 0.27668295269000387
0.7203126570371974, 0.27668295269000387
0.7203126570371974, 0.27668295269000387
0.7203126570371974, 0.27668295269000387
0.7203126570371974, 0.27668295269000387
0.7203126570371974, 0.27668295269000387
0.7203126570371974, 0.27668295269000387
0.7203126570371974, 0.27668295269000387
0.7203126570371974, 0.27668295269000387
