1e-05
0.9023984457578771, 0.6260312280537136
0.9023984457578771, 0.6260312280537136
0.9023984457578771, 0.6260312280537136
0.9023984457578771, 0.6260312280537136
0.9023984457578771, 0.6260312280537136
0.9023984457578771, 0.6260312280537136
0.9023984457578771, 0.6260312280537136
0.9023984457578771, 0.6260312280537136
0.9023984457578771, 0.6260312280537136
0.9023984457578771, 0.6260312280537136
0.33269958293541146, 0.9446727160856677
0.33269958293541146, 0.9446727160856677
0.33269958293541146, 0.9446727160856677
0.33269958293541146, 0.9446727160856677
0.33269958293541146, 0.9446727160856677
0.33269958293541146, 0.9446727160856677
0.33269958293541146, 0.9446727160856677
0.33269958293541146, 0.9446727160856677
0.33269958293541146, 0.9446727160856677
0.33269958293541146, 0.9446727160856677
0.6157691688261406, 0.4571681820683099
0.6157691688261406, 0.4571681820683099
0.6157691688261406, 0.4571681820683099
0.6157691688261406, 0.4571681820683099
0.6157691688261406, 0.4571681820683099
0.6157691688261406, 0.4571681820683099
0.6157691688261406, 0.4571681820683099
0.6157691688261406, 0.4571681820683099
0.6157691688261406, 0.4571681820683099
0.6157691688261406, 0.4571681820683099
0.6979896015610034, 0.39179481684478656
0.6979896015610034, 0.39179481684478656
0.6979896015610034, 0.39179481684478656
0.6979896015610034, 0.39179481684478656
0.6979896015610034, 0.39179481684478656
0.6979896015610034, 0.39179481684478656
0.6979896015610034, 0.39179481684478656
0.6979896015610034, 0.39179481684478656
0.6979896015610034, 0.39179481684478656
0.6979896015610034, 0.39179481684478656
0.9854323948317821, 0.8453397916382969
0.9854323948317821, 0.8453397916382969
0.9854323948317821, 0.8453397916382969
0.9854323948317821, 0.8453397916382969
0.9854323948317821, 0.8453397916382969
0.9854323948317821, 0.8453397916382969
0.9854323948317821, 0.8453397916382969
0.9854323948317821, 0.8453397916382969
0.9854323948317821, 0.8453397916382969
0.9854323948317821, 0.8453397916382969
0.9964423216866216, 0.3735868264585085
0.9964423216866216, 0.3735868264585085
0.9964423216866216, 0.3735868264585085
0.9964423216866216, 0.3735868264585085
0.9964423216866216, 0.3735868264585085
0.9964423216866216, 0.3735868264585085
0.9964423216866216, 0.3735868264585085
0.9964423216866216, 0.3735868264585085
0.9964423216866216, 0.3735868264585085
0.9964423216866216, 0.3735868264585085
0.4952394244154703, 0.89011402542478
0.4952394244154703, 0.89011402542478
0.4952394244154703, 0.89011402542478
0.4952394244154703, 0.89011402542478
0.4952394244154703, 0.89011402542478
0.4952394244154703, 0.89011402542478
0.4952394244154703, 0.89011402542478
0.4952394244154703, 0.89011402542478
0.4952394244154703, 0.89011402542478
0.4952394244154703, 0.89011402542478
0.0200323614623672, 0.09342100128179731
0.0200323614623672, 0.09342100128179731
0.0200323614623672, 0.09342100128179731
0.0200323614623672, 0.09342100128179731
0.0200323614623672, 0.09342100128179731
0.0200323614623672, 0.09342100128179731
0.0200323614623672, 0.09342100128179731
0.0200323614623672, 0.09342100128179731
0.0200323614623672, 0.09342100128179731
0.0200323614623672, 0.09342100128179731
0.5660317722511501, 0.7334675244933034
0.5660317722511501, 0.7334675244933034
0.5660317722511501, 0.7334675244933034
0.5660317722511501, 0.7334675244933034
0.5660317722511501, 0.7334675244933034
0.5660317722511501, 0.7334675244933034
0.5660317722511501, 0.7334675244933034
0.5660317722511501, 0.7334675244933034
0.5660317722511501, 0.7334675244933034
0.5660317722511501, 0.7334675244933034
0.003404028127368064, 0.9890809213079512
0.003404028127368064, 0.9890809213079512
0.003404028127368064, 0.9890809213079512
0.003404028127368064, 0.9890809213079512
0.003404028127368064, 0.9890809213079512
0.003404028127368064, 0.9890809213079512
0.003404028127368064, 0.9890809213079512
0.003404028127368064, 0.9890809213079512
0.003404028127368064, 0.9890809213079512
0.003404028127368064, 0.9890809213079512
