1e-05
0.7241616381810869, 0.9530817538276231
0.7241616381810869, 0.9530817538276231
0.7241616381810869, 0.9530817538276231
0.7241616381810869, 0.9530817538276231
0.7241616381810869, 0.9530817538276231
0.7241616381810869, 0.9530817538276231
0.7241616381810869, 0.9530817538276231
0.7241616381810869, 0.9530817538276231
0.7241616381810869, 0.9530817538276231
0.7241616381810869, 0.9530817538276231
0.02110916974486976, 0.14175623550201066
0.02110916974486976, 0.14175623550201066
0.02110916974486976, 0.14175623550201066
0.02110916974486976, 0.14175623550201066
0.02110916974486976, 0.14175623550201066
0.02110916974486976, 0.14175623550201066
0.02110916974486976, 0.14175623550201066
0.02110916974486976, 0.14175623550201066
0.02110916974486976, 0.14175623550201066
0.02110916974486976, 0.14175623550201066
0.16132511767292068, 0.6069853915041316
0.16132511767292068, 0.6069853915041316
0.16132511767292068, 0.6069853915041316
0.16132511767292068, 0.6069853915041316
0.16132511767292068, 0.6069853915041316
0.16132511767292068, 0.6069853915041316
0.16132511767292068, 0.6069853915041316
0.16132511767292068, 0.6069853915041316
0.16132511767292068, 0.6069853915041316
0.16132511767292068, 0.6069853915041316
0.22073343045778782, 0.28228683477904315
0.22073343045778782, 0.28228683477904315
0.22073343045778782, 0.28228683477904315
0.22073343045778782, 0.28228683477904315
0.22073343045778782, 0.28228683477904315
0.22073343045778782, 0.28228683477904315
0.22073343045778782, 0.28228683477904315
0.22073343045778782, 0.28228683477904315
0.22073343045778782, 0.28228683477904315
0.22073343045778782, 0.28228683477904315
0.23916409539904981, 0.3845346625459667
0.23916409539904981, 0.3845346625459667
0.23916409539904981, 0.3845346625459667
0.23916409539904981, 0.3845346625459667
0.23916409539904981, 0.3845346625459667
0.23916409539904981, 0.3845346625459667
0.23916409539904981, 0.3845346625459667
0.23916409539904981, 0.3845346625459667
0.23916409539904981, 0.3845346625459667
0.23916409539904981, 0.3845346625459667
0.3864057005912408, 0.021306623800687485
0.3864057005912408, 0.021306623800687485
0.3864057005912408, 0.021306623800687485
0.3864057005912408, 0.021306623800687485
0.3864057005912408, 0.021306623800687485
0.3864057005912408, 0.021306623800687485
0.3864057005912408, 0.021306623800687485
0.3864057005912408, 0.021306623800687485
0.3864057005912408, 0.021306623800687485
0.3864057005912408, 0.021306623800687485
0.3777620986805429, 0.9644061632396266
0.3777620986805429, 0.9644061632396266
0.3777620986805429, 0.9644061632396266
0.3777620986805429, 0.9644061632396266
0.3777620986805429, 0.9644061632396266
0.3777620986805429, 0.9644061632396266
0.3777620986805429, 0.9644061632396266
0.3777620986805429, 0.9644061632396266
0.3777620986805429, 0.9644061632396266
0.3777620986805429, 0.9644061632396266
0.7391036995511502, 0.16585889656263797
0.7391036995511502, 0.16585889656263797
0.7391036995511502, 0.16585889656263797
0.7391036995511502, 0.16585889656263797
0.7391036995511502, 0.16585889656263797
0.7391036995511502, 0.16585889656263797
0.7391036995511502, 0.16585889656263797
0.7391036995511502, 0.16585889656263797
0.7391036995511502, 0.16585889656263797
0.7391036995511502, 0.16585889656263797
0.4396012326702792, 0.8124286138856064
0.4396012326702792, 0.8124286138856064
0.4396012326702792, 0.8124286138856064
0.4396012326702792, 0.8124286138856064
0.4396012326702792, 0.8124286138856064
0.4396012326702792, 0.8124286138856064
0.4396012326702792, 0.8124286138856064
0.4396012326702792, 0.8124286138856064
0.4396012326702792, 0.8124286138856064
0.4396012326702792, 0.8124286138856064
0.6467341388719345, 0.03131884332971524
0.6467341388719345, 0.03131884332971524
0.6467341388719345, 0.03131884332971524
0.6467341388719345, 0.03131884332971524
0.6467341388719345, 0.03131884332971524
0.6467341388719345, 0.03131884332971524
0.6467341388719345, 0.03131884332971524
0.6467341388719345, 0.03131884332971524
0.6467341388719345, 0.03131884332971524
0.6467341388719345, 0.03131884332971524
