1e-05
0.3425420907003158, 0.41275527038299864
0.3425420907003158, 0.41275527038299864
0.3425420907003158, 0.41275527038299864
0.3425420907003158, 0.41275527038299864
0.3425420907003158, 0.41275527038299864
0.3425420907003158, 0.41275527038299864
0.3425420907003158, 0.41275527038299864
0.3425420907003158, 0.41275527038299864
0.3425420907003158, 0.41275527038299864
0.3425420907003158, 0.41275527038299864
0.7694865034365813, 0.15995293172068858
0.7694865034365813, 0.15995293172068858
0.7694865034365813, 0.15995293172068858
0.7694865034365813, 0.15995293172068858
0.7694865034365813, 0.15995293172068858
0.7694865034365813, 0.15995293172068858
0.7694865034365813, 0.15995293172068858
0.7694865034365813, 0.15995293172068858
0.7694865034365813, 0.15995293172068858
0.7694865034365813, 0.15995293172068858
0.9084004084083858, 0.4976751717292446
0.9084004084083858, 0.4976751717292446
0.9084004084083858, 0.4976751717292446
0.9084004084083858, 0.4976751717292446
0.9084004084083858, 0.4976751717292446
0.9084004084083858, 0.4976751717292446
0.9084004084083858, 0.4976751717292446
0.9084004084083858, 0.4976751717292446
0.9084004084083858, 0.4976751717292446
0.9084004084083858, 0.4976751717292446
0.8629379473667309, 0.6359320796892708
0.8629379473667309, 0.6359320796892708
0.8629379473667309, 0.6359320796892708
0.8629379473667309, 0.6359320796892708
0.8629379473667309, 0.6359320796892708
0.8629379473667309, 0.6359320796892708
0.8629379473667309, 0.6359320796892708
0.8629379473667309, 0.6359320796892708
0.8629379473667309, 0.6359320796892708
0.8629379473667309, 0.6359320796892708
0.8913695975770382, 0.12822236459748737
0.8913695975770382, 0.12822236459748737
0.8913695975770382, 0.12822236459748737
0.8913695975770382, 0.12822236459748737
0.8913695975770382, 0.12822236459748737
0.8913695975770382, 0.12822236459748737
0.8913695975770382, 0.12822236459748737
0.8913695975770382, 0.12822236459748737
0.8913695975770382, 0.12822236459748737
0.8913695975770382, 0.12822236459748737
0.9321456980451995, 0.7101320061700149
0.9321456980451995, 0.7101320061700149
0.9321456980451995, 0.7101320061700149
0.9321456980451995, 0.7101320061700149
0.9321456980451995, 0.7101320061700149
0.9321456980451995, 0.7101320061700149
0.9321456980451995, 0.7101320061700149
0.9321456980451995, 0.7101320061700149
0.9321456980451995, 0.7101320061700149
0.9321456980451995, 0.7101320061700149
0.07658152537538776, 0.23825052972753036
0.07658152537538776, 0.23825052972753036
0.07658152537538776, 0.23825052972753036
0.07658152537538776, 0.23825052972753036
0.07658152537538776, 0.23825052972753036
0.07658152537538776, 0.23825052972753036
0.07658152537538776, 0.23825052972753036
0.07658152537538776, 0.23825052972753036
0.07658152537538776, 0.23825052972753036
0.07658152537538776, 0.23825052972753036
0.2717326748666905, 0.015836369434924835
0.2717326748666905, 0.015836369434924835
0.2717326748666905, 0.015836369434924835
0.2717326748666905, 0.015836369434924835
0.2717326748666905, 0.015836369434924835
0.2717326748666905, 0.015836369434924835
0.2717326748666905, 0.015836369434924835
0.2717326748666905, 0.015836369434924835
0.2717326748666905, 0.015836369434924835
0.2717326748666905, 0.015836369434924835
0.18900544990503731, 0.6726095364635502
0.18900544990503731, 0.6726095364635502
0.18900544990503731, 0.6726095364635502
0.18900544990503731, 0.6726095364635502
0.18900544990503731, 0.6726095364635502
0.18900544990503731, 0.6726095364635502
0.18900544990503731, 0.6726095364635502
0.18900544990503731, 0.6726095364635502
0.18900544990503731, 0.6726095364635502
0.18900544990503731, 0.6726095364635502
0.26647043212218546, 0.5389342052246838
0.26647043212218546, 0.5389342052246838
0.26647043212218546, 0.5389342052246838
0.26647043212218546, 0.5389342052246838
0.26647043212218546, 0.5389342052246838
0.26647043212218546, 0.5389342052246838
0.26647043212218546, 0.5389342052246838
0.26647043212218546, 0.5389342052246838
0.26647043212218546, 0.5389342052246838
0.26647043212218546, 0.5389342052246838
