1e-05
0.28449305423919635, 0.9025960754192235
0.28449305423919635, 0.9025960754192235
0.28449305423919635, 0.9025960754192235
0.28449305423919635, 0.9025960754192235
0.28449305423919635, 0.9025960754192235
0.28449305423919635, 0.9025960754192235
0.28449305423919635, 0.9025960754192235
0.28449305423919635, 0.9025960754192235
0.28449305423919635, 0.9025960754192235
0.28449305423919635, 0.9025960754192235
0.03523927036920804, 0.4751846290556685
0.03523927036920804, 0.4751846290556685
0.03523927036920804, 0.4751846290556685
0.03523927036920804, 0.4751846290556685
0.03523927036920804, 0.4751846290556685
0.03523927036920804, 0.4751846290556685
0.03523927036920804, 0.4751846290556685
0.03523927036920804, 0.4751846290556685
0.03523927036920804, 0.4751846290556685
0.03523927036920804, 0.4751846290556685
0.34306094192289904, 0.9756350397166936
0.34306094192289904, 0.9756350397166936
0.34306094192289904, 0.9756350397166936
0.34306094192289904, 0.9756350397166936
0.34306094192289904, 0.9756350397166936
0.34306094192289904, 0.9756350397166936
0.34306094192289904, 0.9756350397166936
0.34306094192289904, 0.9756350397166936
0.34306094192289904, 0.9756350397166936
0.34306094192289904, 0.9756350397166936
0.11857896746282459, 0.1071061593412328
0.11857896746282459, 0.1071061593412328
0.11857896746282459, 0.1071061593412328
0.11857896746282459, 0.1071061593412328
0.11857896746282459, 0.1071061593412328
0.11857896746282459, 0.1071061593412328
0.11857896746282459, 0.1071061593412328
0.11857896746282459, 0.1071061593412328
0.11857896746282459, 0.1071061593412328
0.11857896746282459, 0.1071061593412328
0.7716695655800253, 0.9442772935298693
0.7716695655800253, 0.9442772935298693
0.7716695655800253, 0.9442772935298693
0.7716695655800253, 0.9442772935298693
0.7716695655800253, 0.9442772935298693
0.7716695655800253, 0.9442772935298693
0.7716695655800253, 0.9442772935298693
0.7716695655800253, 0.9442772935298693
0.7716695655800253, 0.9442772935298693
0.7716695655800253, 0.9442772935298693
0.10070808130979336, 0.6219501959196112
0.10070808130979336, 0.6219501959196112
0.10070808130979336, 0.6219501959196112
0.10070808130979336, 0.6219501959196112
0.10070808130979336, 0.6219501959196112
0.10070808130979336, 0.6219501959196112
0.10070808130979336, 0.6219501959196112
0.10070808130979336, 0.6219501959196112
0.10070808130979336, 0.6219501959196112
0.10070808130979336, 0.6219501959196112
0.6348573611260577, 0.08022224757876573
0.6348573611260577, 0.08022224757876573
0.6348573611260577, 0.08022224757876573
0.6348573611260577, 0.08022224757876573
0.6348573611260577, 0.08022224757876573
0.6348573611260577, 0.08022224757876573
0.6348573611260577, 0.08022224757876573
0.6348573611260577, 0.08022224757876573
0.6348573611260577, 0.08022224757876573
0.6348573611260577, 0.08022224757876573
0.6108171682448742, 0.3628406629226525
0.6108171682448742, 0.3628406629226525
0.6108171682448742, 0.3628406629226525
0.6108171682448742, 0.3628406629226525
0.6108171682448742, 0.3628406629226525
0.6108171682448742, 0.3628406629226525
0.6108171682448742, 0.3628406629226525
0.6108171682448742, 0.3628406629226525
0.6108171682448742, 0.3628406629226525
0.6108171682448742, 0.3628406629226525
0.18761600521726174, 0.5166427233235318
0.18761600521726174, 0.5166427233235318
0.18761600521726174, 0.5166427233235318
0.18761600521726174, 0.5166427233235318
0.18761600521726174, 0.5166427233235318
0.18761600521726174, 0.5166427233235318
0.18761600521726174, 0.5166427233235318
0.18761600521726174, 0.5166427233235318
0.18761600521726174, 0.5166427233235318
0.18761600521726174, 0.5166427233235318
0.3274803409785765, 0.8609704685020144
0.3274803409785765, 0.8609704685020144
0.3274803409785765, 0.8609704685020144
0.3274803409785765, 0.8609704685020144
0.3274803409785765, 0.8609704685020144
0.3274803409785765, 0.8609704685020144
0.3274803409785765, 0.8609704685020144
0.3274803409785765, 0.8609704685020144
0.3274803409785765, 0.8609704685020144
0.3274803409785765, 0.8609704685020144
