1e-05
0.026460866280475948, 0.022170546993614093
0.026460866280475948, 0.022170546993614093
0.026460866280475948, 0.022170546993614093
0.026460866280475948, 0.022170546993614093
0.026460866280475948, 0.022170546993614093
0.026460866280475948, 0.022170546993614093
0.026460866280475948, 0.022170546993614093
0.026460866280475948, 0.022170546993614093
0.026460866280475948, 0.022170546993614093
0.026460866280475948, 0.022170546993614093
0.5451422086825338, 0.48077613195571534
0.5451422086825338, 0.48077613195571534
0.5451422086825338, 0.48077613195571534
0.5451422086825338, 0.48077613195571534
0.5451422086825338, 0.48077613195571534
0.5451422086825338, 0.48077613195571534
0.5451422086825338, 0.48077613195571534
0.5451422086825338, 0.48077613195571534
0.5451422086825338, 0.48077613195571534
0.5451422086825338, 0.48077613195571534
0.649561072894944, 0.5897452168429628
0.649561072894944, 0.5897452168429628
0.649561072894944, 0.5897452168429628
0.649561072894944, 0.5897452168429628
0.649561072894944, 0.5897452168429628
0.649561072894944, 0.5897452168429628
0.649561072894944, 0.5897452168429628
0.649561072894944, 0.5897452168429628
0.649561072894944, 0.5897452168429628
0.649561072894944, 0.5897452168429628
0.2850298435969085, 0.14837581928700894
0.2850298435969085, 0.14837581928700894
0.2850298435969085, 0.14837581928700894
0.2850298435969085, 0.14837581928700894
0.2850298435969085, 0.14837581928700894
0.2850298435969085, 0.14837581928700894
0.2850298435969085, 0.14837581928700894
0.2850298435969085, 0.14837581928700894
0.2850298435969085, 0.14837581928700894
0.2850298435969085, 0.14837581928700894
0.5235004788118949, 0.63204119562701
0.5235004788118949, 0.63204119562701
0.5235004788118949, 0.63204119562701
0.5235004788118949, 0.63204119562701
0.5235004788118949, 0.63204119562701
0.5235004788118949, 0.63204119562701
0.5235004788118949, 0.63204119562701
0.5235004788118949, 0.63204119562701
0.5235004788118949, 0.63204119562701
0.5235004788118949, 0.63204119562701
0.23562000366077085, 0.1648321940358558
0.23562000366077085, 0.1648321940358558
0.23562000366077085, 0.1648321940358558
0.23562000366077085, 0.1648321940358558
0.23562000366077085, 0.1648321940358558
0.23562000366077085, 0.1648321940358558
0.23562000366077085, 0.1648321940358558
0.23562000366077085, 0.1648321940358558
0.23562000366077085, 0.1648321940358558
0.23562000366077085, 0.1648321940358558
0.5159921748316489, 0.6782935032602324
0.5159921748316489, 0.6782935032602324
0.5159921748316489, 0.6782935032602324
0.5159921748316489, 0.6782935032602324
0.5159921748316489, 0.6782935032602324
0.5159921748316489, 0.6782935032602324
0.5159921748316489, 0.6782935032602324
0.5159921748316489, 0.6782935032602324
0.5159921748316489, 0.6782935032602324
0.5159921748316489, 0.6782935032602324
0.1491991633731996, 0.6777693542210603
0.1491991633731996, 0.6777693542210603
0.1491991633731996, 0.6777693542210603
0.1491991633731996, 0.6777693542210603
0.1491991633731996, 0.6777693542210603
0.1491991633731996, 0.6777693542210603
0.1491991633731996, 0.6777693542210603
0.1491991633731996, 0.6777693542210603
0.1491991633731996, 0.6777693542210603
0.1491991633731996, 0.6777693542210603
0.4865996281412929, 0.30405118489463057
0.4865996281412929, 0.30405118489463057
0.4865996281412929, 0.30405118489463057
0.4865996281412929, 0.30405118489463057
0.4865996281412929, 0.30405118489463057
0.4865996281412929, 0.30405118489463057
0.4865996281412929, 0.30405118489463057
0.4865996281412929, 0.30405118489463057
0.4865996281412929, 0.30405118489463057
0.4865996281412929, 0.30405118489463057
0.7317075948757821, 0.35359021666846924
0.7317075948757821, 0.35359021666846924
0.7317075948757821, 0.35359021666846924
0.7317075948757821, 0.35359021666846924
0.7317075948757821, 0.35359021666846924
0.7317075948757821, 0.35359021666846924
0.7317075948757821, 0.35359021666846924
0.7317075948757821, 0.35359021666846924
0.7317075948757821, 0.35359021666846924
0.7317075948757821, 0.35359021666846924
