0.001
0.320526774611815, 0.8414293389862858
0.45977165984350943, 0.4453699840075904
0.05487913146908585, 0.08535765999547251
0.7232311462011876, 0.8664700631868005
0.9315612027458964, 0.16354156687984533
0.972598416323148, 0.46513655310947744
0.8545205202091172, 0.6346020330962147
0.6479920273267522, 0.8285576295013953
0.3729430065717769, 0.40780660557000936
0.44904359759275636, 0.47186557418188657
0.6861842456774594, 0.89767100997281
0.6737252966242132, 0.7581927211061412
0.38428647578935093, 0.19654378427325292
0.8692442890285261, 0.7999278714612513
0.8936785090774483, 0.901639714279863
0.8981611953841002, 0.5619753150935569
0.546187921381234, 0.36824512200069226
