1e-05
0.23758106357324937, 0.009096576359232333
0.23758106357324937, 0.009096576359232333
0.23758106357324937, 0.009096576359232333
0.23758106357324937, 0.009096576359232333
0.23758106357324937, 0.009096576359232333
0.23758106357324937, 0.009096576359232333
0.23758106357324937, 0.009096576359232333
0.23758106357324937, 0.009096576359232333
0.23758106357324937, 0.009096576359232333
0.23758106357324937, 0.009096576359232333
0.5183166429670084, 0.308324591268772
0.5183166429670084, 0.308324591268772
0.5183166429670084, 0.308324591268772
0.5183166429670084, 0.308324591268772
0.5183166429670084, 0.308324591268772
0.5183166429670084, 0.308324591268772
0.5183166429670084, 0.308324591268772
0.5183166429670084, 0.308324591268772
0.5183166429670084, 0.308324591268772
0.5183166429670084, 0.308324591268772
0.9300396934486979, 0.24789244384561793
0.9300396934486979, 0.24789244384561793
0.9300396934486979, 0.24789244384561793
0.9300396934486979, 0.24789244384561793
0.9300396934486979, 0.24789244384561793
0.9300396934486979, 0.24789244384561793
0.9300396934486979, 0.24789244384561793
0.9300396934486979, 0.24789244384561793
0.9300396934486979, 0.24789244384561793
0.9300396934486979, 0.24789244384561793
0.2891186098719509, 0.9993987149829756
0.2891186098719509, 0.9993987149829756
0.2891186098719509, 0.9993987149829756
0.2891186098719509, 0.9993987149829756
0.2891186098719509, 0.9993987149829756
0.2891186098719509, 0.9993987149829756
0.2891186098719509, 0.9993987149829756
0.2891186098719509, 0.9993987149829756
0.2891186098719509, 0.9993987149829756
0.2891186098719509, 0.9993987149829756
0.24006623772900526, 0.6179559913286915
0.24006623772900526, 0.6179559913286915
0.24006623772900526, 0.6179559913286915
0.24006623772900526, 0.6179559913286915
0.24006623772900526, 0.6179559913286915
0.24006623772900526, 0.6179559913286915
0.24006623772900526, 0.6179559913286915
0.24006623772900526, 0.6179559913286915
0.24006623772900526, 0.6179559913286915
0.24006623772900526, 0.6179559913286915
0.7597339963627467, 0.550745820554037
0.7597339963627467, 0.550745820554037
0.7597339963627467, 0.550745820554037
0.7597339963627467, 0.550745820554037
0.7597339963627467, 0.550745820554037
0.7597339963627467, 0.550745820554037
0.7597339963627467, 0.550745820554037
0.7597339963627467, 0.550745820554037
0.7597339963627467, 0.550745820554037
0.7597339963627467, 0.550745820554037
0.35109948349139475, 0.3486258926063962
0.35109948349139475, 0.3486258926063962
0.35109948349139475, 0.3486258926063962
0.35109948349139475, 0.3486258926063962
0.35109948349139475, 0.3486258926063962
0.35109948349139475, 0.3486258926063962
0.35109948349139475, 0.3486258926063962
0.35109948349139475, 0.3486258926063962
0.35109948349139475, 0.3486258926063962
0.35109948349139475, 0.3486258926063962
0.16823879344023684, 0.6716784347982875
0.16823879344023684, 0.6716784347982875
0.16823879344023684, 0.6716784347982875
0.16823879344023684, 0.6716784347982875
0.16823879344023684, 0.6716784347982875
0.16823879344023684, 0.6716784347982875
0.16823879344023684, 0.6716784347982875
0.16823879344023684, 0.6716784347982875
0.16823879344023684, 0.6716784347982875
0.16823879344023684, 0.6716784347982875
0.9150509652656857, 0.625810011293333
0.9150509652656857, 0.625810011293333
0.9150509652656857, 0.625810011293333
0.9150509652656857, 0.625810011293333
0.9150509652656857, 0.625810011293333
0.9150509652656857, 0.625810011293333
0.9150509652656857, 0.625810011293333
0.9150509652656857, 0.625810011293333
0.9150509652656857, 0.625810011293333
0.9150509652656857, 0.625810011293333
0.05393949803236364, 0.0349019791884021
0.05393949803236364, 0.0349019791884021
0.05393949803236364, 0.0349019791884021
0.05393949803236364, 0.0349019791884021
0.05393949803236364, 0.0349019791884021
0.05393949803236364, 0.0349019791884021
0.05393949803236364, 0.0349019791884021
0.05393949803236364, 0.0349019791884021
0.05393949803236364, 0.0349019791884021
0.05393949803236364, 0.0349019791884021
