1e-05
0.9264583337907599, 0.26799783990878234
0.9264583337907599, 0.26799783990878234
0.9264583337907599, 0.26799783990878234
0.9264583337907599, 0.26799783990878234
0.9264583337907599, 0.26799783990878234
0.9264583337907599, 0.26799783990878234
0.9264583337907599, 0.26799783990878234
0.9264583337907599, 0.26799783990878234
0.9264583337907599, 0.26799783990878234
0.9264583337907599, 0.26799783990878234
0.6849369554809117, 0.7354136147002596
0.6849369554809117, 0.7354136147002596
0.6849369554809117, 0.7354136147002596
0.6849369554809117, 0.7354136147002596
0.6849369554809117, 0.7354136147002596
0.6849369554809117, 0.7354136147002596
0.6849369554809117, 0.7354136147002596
0.6849369554809117, 0.7354136147002596
0.6849369554809117, 0.7354136147002596
0.6849369554809117, 0.7354136147002596
0.8229015845420758, 0.42107502191431345
0.8229015845420758, 0.42107502191431345
0.8229015845420758, 0.42107502191431345
0.8229015845420758, 0.42107502191431345
0.8229015845420758, 0.42107502191431345
0.8229015845420758, 0.42107502191431345
0.8229015845420758, 0.42107502191431345
0.8229015845420758, 0.42107502191431345
0.8229015845420758, 0.42107502191431345
0.8229015845420758, 0.42107502191431345
0.023517559364877316, 0.32543135353705577
0.023517559364877316, 0.32543135353705577
0.023517559364877316, 0.32543135353705577
0.023517559364877316, 0.32543135353705577
0.023517559364877316, 0.32543135353705577
0.023517559364877316, 0.32543135353705577
0.023517559364877316, 0.32543135353705577
0.023517559364877316, 0.32543135353705577
0.023517559364877316, 0.32543135353705577
0.023517559364877316, 0.32543135353705577
0.5662809366978337, 0.35013080716281997
0.5662809366978337, 0.35013080716281997
0.5662809366978337, 0.35013080716281997
0.5662809366978337, 0.35013080716281997
0.5662809366978337, 0.35013080716281997
0.5662809366978337, 0.35013080716281997
0.5662809366978337, 0.35013080716281997
0.5662809366978337, 0.35013080716281997
0.5662809366978337, 0.35013080716281997
0.5662809366978337, 0.35013080716281997
0.37275982141767594, 0.4022061368422597
0.37275982141767594, 0.4022061368422597
0.37275982141767594, 0.4022061368422597
0.37275982141767594, 0.4022061368422597
0.37275982141767594, 0.4022061368422597
0.37275982141767594, 0.4022061368422597
0.37275982141767594, 0.4022061368422597
0.37275982141767594, 0.4022061368422597
0.37275982141767594, 0.4022061368422597
0.37275982141767594, 0.4022061368422597
0.8954912398313559, 0.7602662879230493
0.8954912398313559, 0.7602662879230493
0.8954912398313559, 0.7602662879230493
0.8954912398313559, 0.7602662879230493
0.8954912398313559, 0.7602662879230493
0.8954912398313559, 0.7602662879230493
0.8954912398313559, 0.7602662879230493
0.8954912398313559, 0.7602662879230493
0.8954912398313559, 0.7602662879230493
0.8954912398313559, 0.7602662879230493
0.6223455515414105, 0.10411399528351817
0.6223455515414105, 0.10411399528351817
0.6223455515414105, 0.10411399528351817
0.6223455515414105, 0.10411399528351817
0.6223455515414105, 0.10411399528351817
0.6223455515414105, 0.10411399528351817
0.6223455515414105, 0.10411399528351817
0.6223455515414105, 0.10411399528351817
0.6223455515414105, 0.10411399528351817
0.6223455515414105, 0.10411399528351817
0.0468760083089681, 0.5214645196648005
0.0468760083089681, 0.5214645196648005
0.0468760083089681, 0.5214645196648005
0.0468760083089681, 0.5214645196648005
0.0468760083089681, 0.5214645196648005
0.0468760083089681, 0.5214645196648005
0.0468760083089681, 0.5214645196648005
0.0468760083089681, 0.5214645196648005
0.0468760083089681, 0.5214645196648005
0.0468760083089681, 0.5214645196648005
0.5201302526280615, 0.18776797576464188
0.5201302526280615, 0.18776797576464188
0.5201302526280615, 0.18776797576464188
0.5201302526280615, 0.18776797576464188
0.5201302526280615, 0.18776797576464188
0.5201302526280615, 0.18776797576464188
0.5201302526280615, 0.18776797576464188
0.5201302526280615, 0.18776797576464188
0.5201302526280615, 0.18776797576464188
0.5201302526280615, 0.18776797576464188
