1e-05
0.6701747270737529, 0.5623974118849637
0.6701747270737529, 0.5623974118849637
0.6701747270737529, 0.5623974118849637
0.6701747270737529, 0.5623974118849637
0.6701747270737529, 0.5623974118849637
0.6701747270737529, 0.5623974118849637
0.6701747270737529, 0.5623974118849637
0.6701747270737529, 0.5623974118849637
0.6701747270737529, 0.5623974118849637
0.6701747270737529, 0.5623974118849637
0.07507763004184809, 0.6059606959796044
0.07507763004184809, 0.6059606959796044
0.07507763004184809, 0.6059606959796044
0.07507763004184809, 0.6059606959796044
0.07507763004184809, 0.6059606959796044
0.07507763004184809, 0.6059606959796044
0.07507763004184809, 0.6059606959796044
0.07507763004184809, 0.6059606959796044
0.07507763004184809, 0.6059606959796044
0.07507763004184809, 0.6059606959796044
0.594237188300116, 0.9425605860934269
0.594237188300116, 0.9425605860934269
0.594237188300116, 0.9425605860934269
0.594237188300116, 0.9425605860934269
0.594237188300116, 0.9425605860934269
0.594237188300116, 0.9425605860934269
0.594237188300116, 0.9425605860934269
0.594237188300116, 0.9425605860934269
0.594237188300116, 0.9425605860934269
0.594237188300116, 0.9425605860934269
0.33052601943539495, 0.3238917720014556
0.33052601943539495, 0.3238917720014556
0.33052601943539495, 0.3238917720014556
0.33052601943539495, 0.3238917720014556
0.33052601943539495, 0.3238917720014556
0.33052601943539495, 0.3238917720014556
0.33052601943539495, 0.3238917720014556
0.33052601943539495, 0.3238917720014556
0.33052601943539495, 0.3238917720014556
0.33052601943539495, 0.3238917720014556
0.41847663359921283, 0.5445794576873773
0.41847663359921283, 0.5445794576873773
0.41847663359921283, 0.5445794576873773
0.41847663359921283, 0.5445794576873773
0.41847663359921283, 0.5445794576873773
0.41847663359921283, 0.5445794576873773
0.41847663359921283, 0.5445794576873773
0.41847663359921283, 0.5445794576873773
0.41847663359921283, 0.5445794576873773
0.41847663359921283, 0.5445794576873773
0.8753063498103532, 0.9354292257638527
0.8753063498103532, 0.9354292257638527
0.8753063498103532, 0.9354292257638527
0.8753063498103532, 0.9354292257638527
0.8753063498103532, 0.9354292257638527
0.8753063498103532, 0.9354292257638527
0.8753063498103532, 0.9354292257638527
0.8753063498103532, 0.9354292257638527
0.8753063498103532, 0.9354292257638527
0.8753063498103532, 0.9354292257638527
0.012729724117286456, 0.47101855561014416
0.012729724117286456, 0.47101855561014416
0.012729724117286456, 0.47101855561014416
0.012729724117286456, 0.47101855561014416
0.012729724117286456, 0.47101855561014416
0.012729724117286456, 0.47101855561014416
0.012729724117286456, 0.47101855561014416
0.012729724117286456, 0.47101855561014416
0.012729724117286456, 0.47101855561014416
0.012729724117286456, 0.47101855561014416
0.14655850849639607, 0.7660635690087366
0.14655850849639607, 0.7660635690087366
0.14655850849639607, 0.7660635690087366
0.14655850849639607, 0.7660635690087366
0.14655850849639607, 0.7660635690087366
0.14655850849639607, 0.7660635690087366
0.14655850849639607, 0.7660635690087366
0.14655850849639607, 0.7660635690087366
0.14655850849639607, 0.7660635690087366
0.14655850849639607, 0.7660635690087366
0.327535815931724, 0.6677111813139183
0.327535815931724, 0.6677111813139183
0.327535815931724, 0.6677111813139183
0.327535815931724, 0.6677111813139183
0.327535815931724, 0.6677111813139183
0.327535815931724, 0.6677111813139183
0.327535815931724, 0.6677111813139183
0.327535815931724, 0.6677111813139183
0.327535815931724, 0.6677111813139183
0.327535815931724, 0.6677111813139183
0.3753463520475615, 0.5325941882007469
0.3753463520475615, 0.5325941882007469
0.3753463520475615, 0.5325941882007469
0.3753463520475615, 0.5325941882007469
0.3753463520475615, 0.5325941882007469
0.3753463520475615, 0.5325941882007469
0.3753463520475615, 0.5325941882007469
0.3753463520475615, 0.5325941882007469
0.3753463520475615, 0.5325941882007469
0.3753463520475615, 0.5325941882007469
