0.1
0.7448197497961003, 0.33837929954742896
0.41436240409808445, 0.3520765361194108
0.15931162799410115, 0.34843734766934475
0.05306047816873416, 0.6583568151492
0.010087347402214508, 0.2681892165134606
0.13105250678447888, 0.1919019953419281
0.577388234670899, 0.5251028806714966
0.7444453392325958, 0.15633961257546092
0.34526382062660077, 0.5238434432276814
0.16332650820607997, 0.9539993718091051
0.9147334820411616, 0.6887413658851627
0.876618048280392, 0.7879843652969776
0.06438681667596158, 0.7250666780097105
0.5539095751253801, 0.9238754426423416
0.25641677431875054, 0.4436360377204016
0.7773021545737949, 0.706233081844795
0.9475887973433499, 0.0734324270845036
0.012697317302948874, 0.35045380479890287
0.29623449117818434, 0.7820772336980902
0.3797882871684628, 0.5918675699776456
0.7198415048620576, 0.06340319359228397
0.8910194771420127, 0.5510082793401038
0.5605506567941367, 0.6866913129188814
0.6624455038819492, 0.7434661485778257
0.5766990510443314, 0.35943299026141384
0.2773256103532734, 0.551074159741033
0.9850719242297991, 0.9144990617502045
0.3981594535103393, 0.3974071914326406
0.6417534313967732, 0.9706256872012935
0.3419497718342458, 0.6610037467571654
0.7107336514983345, 0.17785068051340014
0.8596622080243572, 0.1253679908647003
0.7032681868743622, 0.6945857204401777
0.48719574647970376, 0.5774247941381339
0.40030517258391407, 0.8128561820923549
0.9877730623483757, 0.263867007981611
0.853701337308812, 0.6840812832791318
0.36799082990658927, 0.552481855569639
0.8434969359892562, 0.9877539600724866
0.1977825820733009, 0.322680696970425
0.0018530457121546107, 0.8588195635967968
0.15488259426174444, 0.9127019552071327
0.7307752080117114, 0.4171027477232445
0.34065927600674273, 0.8575766537518477
0.2959757599697229, 0.8919659884206599
0.43061748988886717, 0.5458074037772477
0.7907627501017723, 0.017830985744914596
0.9392275917564081, 0.7284900103198548
0.324877938265536, 0.6874889900549965
0.9253278345300991, 0.30315385806850237
0.14007607074360262, 0.726009703479722
0.863469632454512, 0.39325281716937666
0.21313010570305135, 0.3829597053904191
0.10746431078644769, 0.32292982399555437
0.24973266653149828, 0.42275638017175243
0.08770130100764706, 0.274866064715535
0.9450741829690817, 0.4629780089595441
0.10727283390206321, 0.13793293207666257
0.738796056407934, 0.43038245131622255
0.2938550847459691, 0.1441846229776177
0.45617049450593383, 0.2674779725168821
0.9096943101920382, 0.6725003994669428
0.4545348406987094, 0.505711114095495
0.35036390558927455, 0.9622117241700049
0.07316727333037232, 0.7908335055235602
0.2584335685025073, 0.39695195982032583
0.533116108812361, 0.3126455319390452
0.30531435275772334, 0.6654291601860614
0.4488289562262753, 0.7487724608596081
0.5408461588593205, 0.8737628706179256
0.3816947429685389, 0.012513148364849624
0.900938750649638, 0.5299921559692761
0.5464193720629447, 0.27461429364302736
0.022487413035715664, 0.8034077732369189
0.05664363781355808, 0.36978433780683606
0.852896882095458, 0.2951005513887274
0.20532762835994112, 0.0630769165468621
0.6718215746428451, 0.845594944997542
0.1710811511454693, 0.90717567508568
0.029010847072111212, 0.11145902348976999
0.4352855159550888, 0.963334614461944
0.4522243504185903, 0.3131703885833468
