1e-05
0.23345209420052726, 0.764602360989308
0.23345209420052726, 0.764602360989308
0.23345209420052726, 0.764602360989308
0.23345209420052726, 0.764602360989308
0.23345209420052726, 0.764602360989308
0.23345209420052726, 0.764602360989308
0.23345209420052726, 0.764602360989308
0.23345209420052726, 0.764602360989308
0.23345209420052726, 0.764602360989308
0.23345209420052726, 0.764602360989308
0.5000102804896144, 0.8710152461142279
0.5000102804896144, 0.8710152461142279
0.5000102804896144, 0.8710152461142279
0.5000102804896144, 0.8710152461142279
0.5000102804896144, 0.8710152461142279
0.5000102804896144, 0.8710152461142279
0.5000102804896144, 0.8710152461142279
0.5000102804896144, 0.8710152461142279
0.5000102804896144, 0.8710152461142279
0.5000102804896144, 0.8710152461142279
0.5688109009871335, 0.7066619990016993
0.5688109009871335, 0.7066619990016993
0.5688109009871335, 0.7066619990016993
0.5688109009871335, 0.7066619990016993
0.5688109009871335, 0.7066619990016993
0.5688109009871335, 0.7066619990016993
0.5688109009871335, 0.7066619990016993
0.5688109009871335, 0.7066619990016993
0.5688109009871335, 0.7066619990016993
0.5688109009871335, 0.7066619990016993
0.4547879528807125, 0.5540419828875369
0.4547879528807125, 0.5540419828875369
0.4547879528807125, 0.5540419828875369
0.4547879528807125, 0.5540419828875369
0.4547879528807125, 0.5540419828875369
0.4547879528807125, 0.5540419828875369
0.4547879528807125, 0.5540419828875369
0.4547879528807125, 0.5540419828875369
0.4547879528807125, 0.5540419828875369
0.4547879528807125, 0.5540419828875369
0.8947975264680905, 0.4075718820909111
0.8947975264680905, 0.4075718820909111
0.8947975264680905, 0.4075718820909111
0.8947975264680905, 0.4075718820909111
0.8947975264680905, 0.4075718820909111
0.8947975264680905, 0.4075718820909111
0.8947975264680905, 0.4075718820909111
0.8947975264680905, 0.4075718820909111
0.8947975264680905, 0.4075718820909111
0.8947975264680905, 0.4075718820909111
0.08690804988592116, 0.1500345142425512
0.08690804988592116, 0.1500345142425512
0.08690804988592116, 0.1500345142425512
0.08690804988592116, 0.1500345142425512
0.08690804988592116, 0.1500345142425512
0.08690804988592116, 0.1500345142425512
0.08690804988592116, 0.1500345142425512
0.08690804988592116, 0.1500345142425512
0.08690804988592116, 0.1500345142425512
0.08690804988592116, 0.1500345142425512
0.31315604408357456, 0.1319732401441942
0.31315604408357456, 0.1319732401441942
0.31315604408357456, 0.1319732401441942
0.31315604408357456, 0.1319732401441942
0.31315604408357456, 0.1319732401441942
0.31315604408357456, 0.1319732401441942
0.31315604408357456, 0.1319732401441942
0.31315604408357456, 0.1319732401441942
0.31315604408357456, 0.1319732401441942
0.31315604408357456, 0.1319732401441942
0.3207376064567924, 0.35433075939107694
0.3207376064567924, 0.35433075939107694
0.3207376064567924, 0.35433075939107694
0.3207376064567924, 0.35433075939107694
0.3207376064567924, 0.35433075939107694
0.3207376064567924, 0.35433075939107694
0.3207376064567924, 0.35433075939107694
0.3207376064567924, 0.35433075939107694
0.3207376064567924, 0.35433075939107694
0.3207376064567924, 0.35433075939107694
0.3838073310958793, 0.0924634236171954
0.3838073310958793, 0.0924634236171954
0.3838073310958793, 0.0924634236171954
0.3838073310958793, 0.0924634236171954
0.3838073310958793, 0.0924634236171954
0.3838073310958793, 0.0924634236171954
0.3838073310958793, 0.0924634236171954
0.3838073310958793, 0.0924634236171954
0.3838073310958793, 0.0924634236171954
0.3838073310958793, 0.0924634236171954
0.964889983222436, 0.628875709243261
0.964889983222436, 0.628875709243261
0.964889983222436, 0.628875709243261
0.964889983222436, 0.628875709243261
0.964889983222436, 0.628875709243261
0.964889983222436, 0.628875709243261
0.964889983222436, 0.628875709243261
0.964889983222436, 0.628875709243261
0.964889983222436, 0.628875709243261
0.964889983222436, 0.628875709243261
