1e-05
0.6168771990479078, 0.21324544686775926
0.6168771990479078, 0.21324544686775926
0.6168771990479078, 0.21324544686775926
0.6168771990479078, 0.21324544686775926
0.6168771990479078, 0.21324544686775926
0.6168771990479078, 0.21324544686775926
0.6168771990479078, 0.21324544686775926
0.6168771990479078, 0.21324544686775926
0.6168771990479078, 0.21324544686775926
0.6168771990479078, 0.21324544686775926
0.7332923884535277, 0.9170302698675513
0.7332923884535277, 0.9170302698675513
0.7332923884535277, 0.9170302698675513
0.7332923884535277, 0.9170302698675513
0.7332923884535277, 0.9170302698675513
0.7332923884535277, 0.9170302698675513
0.7332923884535277, 0.9170302698675513
0.7332923884535277, 0.9170302698675513
0.7332923884535277, 0.9170302698675513
0.7332923884535277, 0.9170302698675513
0.4663901546616024, 0.8586080107549793
0.4663901546616024, 0.8586080107549793
0.4663901546616024, 0.8586080107549793
0.4663901546616024, 0.8586080107549793
0.4663901546616024, 0.8586080107549793
0.4663901546616024, 0.8586080107549793
0.4663901546616024, 0.8586080107549793
0.4663901546616024, 0.8586080107549793
0.4663901546616024, 0.8586080107549793
0.4663901546616024, 0.8586080107549793
0.3926919833079283, 0.8596971339798077
0.3926919833079283, 0.8596971339798077
0.3926919833079283, 0.8596971339798077
0.3926919833079283, 0.8596971339798077
0.3926919833079283, 0.8596971339798077
0.3926919833079283, 0.8596971339798077
0.3926919833079283, 0.8596971339798077
0.3926919833079283, 0.8596971339798077
0.3926919833079283, 0.8596971339798077
0.3926919833079283, 0.8596971339798077
0.24793409734618466, 0.9122803823457651
0.24793409734618466, 0.9122803823457651
0.24793409734618466, 0.9122803823457651
0.24793409734618466, 0.9122803823457651
0.24793409734618466, 0.9122803823457651
0.24793409734618466, 0.9122803823457651
0.24793409734618466, 0.9122803823457651
0.24793409734618466, 0.9122803823457651
0.24793409734618466, 0.9122803823457651
0.24793409734618466, 0.9122803823457651
0.7108457982163695, 0.026784835824189446
0.7108457982163695, 0.026784835824189446
0.7108457982163695, 0.026784835824189446
0.7108457982163695, 0.026784835824189446
0.7108457982163695, 0.026784835824189446
0.7108457982163695, 0.026784835824189446
0.7108457982163695, 0.026784835824189446
0.7108457982163695, 0.026784835824189446
0.7108457982163695, 0.026784835824189446
0.7108457982163695, 0.026784835824189446
0.6550141621043039, 0.2867007145233703
0.6550141621043039, 0.2867007145233703
0.6550141621043039, 0.2867007145233703
0.6550141621043039, 0.2867007145233703
0.6550141621043039, 0.2867007145233703
0.6550141621043039, 0.2867007145233703
0.6550141621043039, 0.2867007145233703
0.6550141621043039, 0.2867007145233703
0.6550141621043039, 0.2867007145233703
0.6550141621043039, 0.2867007145233703
0.39816071557901045, 0.09627728780165934
0.39816071557901045, 0.09627728780165934
0.39816071557901045, 0.09627728780165934
0.39816071557901045, 0.09627728780165934
0.39816071557901045, 0.09627728780165934
0.39816071557901045, 0.09627728780165934
0.39816071557901045, 0.09627728780165934
0.39816071557901045, 0.09627728780165934
0.39816071557901045, 0.09627728780165934
0.39816071557901045, 0.09627728780165934
0.4673841389008625, 0.07180377995515919
0.4673841389008625, 0.07180377995515919
0.4673841389008625, 0.07180377995515919
0.4673841389008625, 0.07180377995515919
0.4673841389008625, 0.07180377995515919
0.4673841389008625, 0.07180377995515919
0.4673841389008625, 0.07180377995515919
0.4673841389008625, 0.07180377995515919
0.4673841389008625, 0.07180377995515919
0.4673841389008625, 0.07180377995515919
0.9643235008392232, 0.337359378087992
0.9643235008392232, 0.337359378087992
0.9643235008392232, 0.337359378087992
0.9643235008392232, 0.337359378087992
0.9643235008392232, 0.337359378087992
0.9643235008392232, 0.337359378087992
0.9643235008392232, 0.337359378087992
0.9643235008392232, 0.337359378087992
0.9643235008392232, 0.337359378087992
0.9643235008392232, 0.337359378087992
