1e-05
0.543361964324179, 0.34768189009315975
0.543361964324179, 0.34768189009315975
0.543361964324179, 0.34768189009315975
0.543361964324179, 0.34768189009315975
0.543361964324179, 0.34768189009315975
0.543361964324179, 0.34768189009315975
0.543361964324179, 0.34768189009315975
0.543361964324179, 0.34768189009315975
0.543361964324179, 0.34768189009315975
0.543361964324179, 0.34768189009315975
0.660202532422486, 0.6201831681401501
0.660202532422486, 0.6201831681401501
0.660202532422486, 0.6201831681401501
0.660202532422486, 0.6201831681401501
0.660202532422486, 0.6201831681401501
0.660202532422486, 0.6201831681401501
0.660202532422486, 0.6201831681401501
0.660202532422486, 0.6201831681401501
0.660202532422486, 0.6201831681401501
0.660202532422486, 0.6201831681401501
0.6199539673847417, 0.7089692517484091
0.6199539673847417, 0.7089692517484091
0.6199539673847417, 0.7089692517484091
0.6199539673847417, 0.7089692517484091
0.6199539673847417, 0.7089692517484091
0.6199539673847417, 0.7089692517484091
0.6199539673847417, 0.7089692517484091
0.6199539673847417, 0.7089692517484091
0.6199539673847417, 0.7089692517484091
0.6199539673847417, 0.7089692517484091
0.5097889937354111, 0.3532937271839667
0.5097889937354111, 0.3532937271839667
0.5097889937354111, 0.3532937271839667
0.5097889937354111, 0.3532937271839667
0.5097889937354111, 0.3532937271839667
0.5097889937354111, 0.3532937271839667
0.5097889937354111, 0.3532937271839667
0.5097889937354111, 0.3532937271839667
0.5097889937354111, 0.3532937271839667
0.5097889937354111, 0.3532937271839667
0.9110265443893697, 0.31999245381793706
0.9110265443893697, 0.31999245381793706
0.9110265443893697, 0.31999245381793706
0.9110265443893697, 0.31999245381793706
0.9110265443893697, 0.31999245381793706
0.9110265443893697, 0.31999245381793706
0.9110265443893697, 0.31999245381793706
0.9110265443893697, 0.31999245381793706
0.9110265443893697, 0.31999245381793706
0.9110265443893697, 0.31999245381793706
0.6182773268705463, 0.7341849588904775
0.6182773268705463, 0.7341849588904775
0.6182773268705463, 0.7341849588904775
0.6182773268705463, 0.7341849588904775
0.6182773268705463, 0.7341849588904775
0.6182773268705463, 0.7341849588904775
0.6182773268705463, 0.7341849588904775
0.6182773268705463, 0.7341849588904775
0.6182773268705463, 0.7341849588904775
0.6182773268705463, 0.7341849588904775
0.9548023688649688, 0.4533832269210928
0.9548023688649688, 0.4533832269210928
0.9548023688649688, 0.4533832269210928
0.9548023688649688, 0.4533832269210928
0.9548023688649688, 0.4533832269210928
0.9548023688649688, 0.4533832269210928
0.9548023688649688, 0.4533832269210928
0.9548023688649688, 0.4533832269210928
0.9548023688649688, 0.4533832269210928
0.9548023688649688, 0.4533832269210928
0.5833177786039325, 0.3990284153017152
0.5833177786039325, 0.3990284153017152
0.5833177786039325, 0.3990284153017152
0.5833177786039325, 0.3990284153017152
0.5833177786039325, 0.3990284153017152
0.5833177786039325, 0.3990284153017152
0.5833177786039325, 0.3990284153017152
0.5833177786039325, 0.3990284153017152
0.5833177786039325, 0.3990284153017152
0.5833177786039325, 0.3990284153017152
0.009614888857418236, 0.9795878044314112
0.009614888857418236, 0.9795878044314112
0.009614888857418236, 0.9795878044314112
0.009614888857418236, 0.9795878044314112
0.009614888857418236, 0.9795878044314112
0.009614888857418236, 0.9795878044314112
0.009614888857418236, 0.9795878044314112
0.009614888857418236, 0.9795878044314112
0.009614888857418236, 0.9795878044314112
0.009614888857418236, 0.9795878044314112
0.14795161187916683, 0.7154609086761664
0.14795161187916683, 0.7154609086761664
0.14795161187916683, 0.7154609086761664
0.14795161187916683, 0.7154609086761664
0.14795161187916683, 0.7154609086761664
0.14795161187916683, 0.7154609086761664
0.14795161187916683, 0.7154609086761664
0.14795161187916683, 0.7154609086761664
0.14795161187916683, 0.7154609086761664
0.14795161187916683, 0.7154609086761664
