0.001
0.5952973892099813, 0.7405340701029014
0.6482279071510518, 0.8762107070299024
0.5926280686451488, 0.0840367199770995
0.45636902670351565, 0.16875929715052873
0.5510673165146334, 0.6227998783773624
0.35393919481231606, 0.566275913730611
0.32790708229953025, 0.40561665869640173
0.7409534932617258, 0.35253677084375046
0.7464714905532575, 0.5877131592816026
0.759172319319164, 0.9739125242667104
0.8919008056415074, 0.5136365574268987
0.7349950617248592, 0.42822036408952635
0.7027705508204601, 0.9858756144104899
0.9632928715007701, 0.5800754539385844
0.3455237618153624, 0.8356177833703328
0.8185084136113885, 0.13002432160857091
0.39549728956488905, 0.704399864705127
