1e-05
0.717418554238155, 0.6356064196461741
0.717418554238155, 0.6356064196461741
0.717418554238155, 0.6356064196461741
0.717418554238155, 0.6356064196461741
0.717418554238155, 0.6356064196461741
0.717418554238155, 0.6356064196461741
0.717418554238155, 0.6356064196461741
0.717418554238155, 0.6356064196461741
0.717418554238155, 0.6356064196461741
0.717418554238155, 0.6356064196461741
0.3374682689795465, 0.5332224724011547
0.3374682689795465, 0.5332224724011547
0.3374682689795465, 0.5332224724011547
0.3374682689795465, 0.5332224724011547
0.3374682689795465, 0.5332224724011547
0.3374682689795465, 0.5332224724011547
0.3374682689795465, 0.5332224724011547
0.3374682689795465, 0.5332224724011547
0.3374682689795465, 0.5332224724011547
0.3374682689795465, 0.5332224724011547
0.41471070997530224, 0.5814780585594997
0.41471070997530224, 0.5814780585594997
0.41471070997530224, 0.5814780585594997
0.41471070997530224, 0.5814780585594997
0.41471070997530224, 0.5814780585594997
0.41471070997530224, 0.5814780585594997
0.41471070997530224, 0.5814780585594997
0.41471070997530224, 0.5814780585594997
0.41471070997530224, 0.5814780585594997
0.41471070997530224, 0.5814780585594997
0.7053567854921485, 0.5028429312992932
0.7053567854921485, 0.5028429312992932
0.7053567854921485, 0.5028429312992932
0.7053567854921485, 0.5028429312992932
0.7053567854921485, 0.5028429312992932
0.7053567854921485, 0.5028429312992932
0.7053567854921485, 0.5028429312992932
0.7053567854921485, 0.5028429312992932
0.7053567854921485, 0.5028429312992932
0.7053567854921485, 0.5028429312992932
0.3165882347157749, 0.9167451724917136
0.3165882347157749, 0.9167451724917136
0.3165882347157749, 0.9167451724917136
0.3165882347157749, 0.9167451724917136
0.3165882347157749, 0.9167451724917136
0.3165882347157749, 0.9167451724917136
0.3165882347157749, 0.9167451724917136
0.3165882347157749, 0.9167451724917136
0.3165882347157749, 0.9167451724917136
0.3165882347157749, 0.9167451724917136
0.23852118011453416, 0.30127802641883805
0.23852118011453416, 0.30127802641883805
0.23852118011453416, 0.30127802641883805
0.23852118011453416, 0.30127802641883805
0.23852118011453416, 0.30127802641883805
0.23852118011453416, 0.30127802641883805
0.23852118011453416, 0.30127802641883805
0.23852118011453416, 0.30127802641883805
0.23852118011453416, 0.30127802641883805
0.23852118011453416, 0.30127802641883805
0.7496982040799167, 0.058792635120261894
0.7496982040799167, 0.058792635120261894
0.7496982040799167, 0.058792635120261894
0.7496982040799167, 0.058792635120261894
0.7496982040799167, 0.058792635120261894
0.7496982040799167, 0.058792635120261894
0.7496982040799167, 0.058792635120261894
0.7496982040799167, 0.058792635120261894
0.7496982040799167, 0.058792635120261894
0.7496982040799167, 0.058792635120261894
0.16237076806234396, 0.1349618454603254
0.16237076806234396, 0.1349618454603254
0.16237076806234396, 0.1349618454603254
0.16237076806234396, 0.1349618454603254
0.16237076806234396, 0.1349618454603254
0.16237076806234396, 0.1349618454603254
0.16237076806234396, 0.1349618454603254
0.16237076806234396, 0.1349618454603254
0.16237076806234396, 0.1349618454603254
0.16237076806234396, 0.1349618454603254
0.7478872118329966, 0.8440752103706184
0.7478872118329966, 0.8440752103706184
0.7478872118329966, 0.8440752103706184
0.7478872118329966, 0.8440752103706184
0.7478872118329966, 0.8440752103706184
0.7478872118329966, 0.8440752103706184
0.7478872118329966, 0.8440752103706184
0.7478872118329966, 0.8440752103706184
0.7478872118329966, 0.8440752103706184
0.7478872118329966, 0.8440752103706184
0.9092890654435452, 0.1424277259447242
0.9092890654435452, 0.1424277259447242
0.9092890654435452, 0.1424277259447242
0.9092890654435452, 0.1424277259447242
0.9092890654435452, 0.1424277259447242
0.9092890654435452, 0.1424277259447242
0.9092890654435452, 0.1424277259447242
0.9092890654435452, 0.1424277259447242
0.9092890654435452, 0.1424277259447242
0.9092890654435452, 0.1424277259447242
