1e-05
0.7725816619360805, 0.1378876321670638
0.7725816619360805, 0.1378876321670638
0.7725816619360805, 0.1378876321670638
0.7725816619360805, 0.1378876321670638
0.7725816619360805, 0.1378876321670638
0.7725816619360805, 0.1378876321670638
0.7725816619360805, 0.1378876321670638
0.7725816619360805, 0.1378876321670638
0.7725816619360805, 0.1378876321670638
0.7725816619360805, 0.1378876321670638
0.6296699317854565, 0.8602428257756226
0.6296699317854565, 0.8602428257756226
0.6296699317854565, 0.8602428257756226
0.6296699317854565, 0.8602428257756226
0.6296699317854565, 0.8602428257756226
0.6296699317854565, 0.8602428257756226
0.6296699317854565, 0.8602428257756226
0.6296699317854565, 0.8602428257756226
0.6296699317854565, 0.8602428257756226
0.6296699317854565, 0.8602428257756226
0.14916024895427826, 0.908469171482631
0.14916024895427826, 0.908469171482631
0.14916024895427826, 0.908469171482631
0.14916024895427826, 0.908469171482631
0.14916024895427826, 0.908469171482631
0.14916024895427826, 0.908469171482631
0.14916024895427826, 0.908469171482631
0.14916024895427826, 0.908469171482631
0.14916024895427826, 0.908469171482631
0.14916024895427826, 0.908469171482631
0.3655086262051158, 0.6340594406412949
0.3655086262051158, 0.6340594406412949
0.3655086262051158, 0.6340594406412949
0.3655086262051158, 0.6340594406412949
0.3655086262051158, 0.6340594406412949
0.3655086262051158, 0.6340594406412949
0.3655086262051158, 0.6340594406412949
0.3655086262051158, 0.6340594406412949
0.3655086262051158, 0.6340594406412949
0.3655086262051158, 0.6340594406412949
0.5526561945925417, 0.9090441855279487
0.5526561945925417, 0.9090441855279487
0.5526561945925417, 0.9090441855279487
0.5526561945925417, 0.9090441855279487
0.5526561945925417, 0.9090441855279487
0.5526561945925417, 0.9090441855279487
0.5526561945925417, 0.9090441855279487
0.5526561945925417, 0.9090441855279487
0.5526561945925417, 0.9090441855279487
0.5526561945925417, 0.9090441855279487
0.8858252129053625, 0.27650353059018284
0.8858252129053625, 0.27650353059018284
0.8858252129053625, 0.27650353059018284
0.8858252129053625, 0.27650353059018284
0.8858252129053625, 0.27650353059018284
0.8858252129053625, 0.27650353059018284
0.8858252129053625, 0.27650353059018284
0.8858252129053625, 0.27650353059018284
0.8858252129053625, 0.27650353059018284
0.8858252129053625, 0.27650353059018284
0.611127580385332, 0.5719541338053075
0.611127580385332, 0.5719541338053075
0.611127580385332, 0.5719541338053075
0.611127580385332, 0.5719541338053075
0.611127580385332, 0.5719541338053075
0.611127580385332, 0.5719541338053075
0.611127580385332, 0.5719541338053075
0.611127580385332, 0.5719541338053075
0.611127580385332, 0.5719541338053075
0.611127580385332, 0.5719541338053075
0.9805068033693032, 0.0038051857174142834
0.9805068033693032, 0.0038051857174142834
0.9805068033693032, 0.0038051857174142834
0.9805068033693032, 0.0038051857174142834
0.9805068033693032, 0.0038051857174142834
0.9805068033693032, 0.0038051857174142834
0.9805068033693032, 0.0038051857174142834
0.9805068033693032, 0.0038051857174142834
0.9805068033693032, 0.0038051857174142834
0.9805068033693032, 0.0038051857174142834
0.023613954404040793, 0.9758031938037959
0.023613954404040793, 0.9758031938037959
0.023613954404040793, 0.9758031938037959
0.023613954404040793, 0.9758031938037959
0.023613954404040793, 0.9758031938037959
0.023613954404040793, 0.9758031938037959
0.023613954404040793, 0.9758031938037959
0.023613954404040793, 0.9758031938037959
0.023613954404040793, 0.9758031938037959
0.023613954404040793, 0.9758031938037959
0.4389834925554572, 0.727237850284399
0.4389834925554572, 0.727237850284399
0.4389834925554572, 0.727237850284399
0.4389834925554572, 0.727237850284399
0.4389834925554572, 0.727237850284399
0.4389834925554572, 0.727237850284399
0.4389834925554572, 0.727237850284399
0.4389834925554572, 0.727237850284399
0.4389834925554572, 0.727237850284399
0.4389834925554572, 0.727237850284399
