1e-05
0.10352905907280874, 0.9699111880818285
0.10352905907280874, 0.9699111880818285
0.10352905907280874, 0.9699111880818285
0.10352905907280874, 0.9699111880818285
0.10352905907280874, 0.9699111880818285
0.10352905907280874, 0.9699111880818285
0.10352905907280874, 0.9699111880818285
0.10352905907280874, 0.9699111880818285
0.10352905907280874, 0.9699111880818285
0.10352905907280874, 0.9699111880818285
0.607154020181946, 0.3373035106782538
0.607154020181946, 0.3373035106782538
0.607154020181946, 0.3373035106782538
0.607154020181946, 0.3373035106782538
0.607154020181946, 0.3373035106782538
0.607154020181946, 0.3373035106782538
0.607154020181946, 0.3373035106782538
0.607154020181946, 0.3373035106782538
0.607154020181946, 0.3373035106782538
0.607154020181946, 0.3373035106782538
0.8730248245201557, 0.9618295442378804
0.8730248245201557, 0.9618295442378804
0.8730248245201557, 0.9618295442378804
0.8730248245201557, 0.9618295442378804
0.8730248245201557, 0.9618295442378804
0.8730248245201557, 0.9618295442378804
0.8730248245201557, 0.9618295442378804
0.8730248245201557, 0.9618295442378804
0.8730248245201557, 0.9618295442378804
0.8730248245201557, 0.9618295442378804
0.14299408644476086, 0.13111182996087878
0.14299408644476086, 0.13111182996087878
0.14299408644476086, 0.13111182996087878
0.14299408644476086, 0.13111182996087878
0.14299408644476086, 0.13111182996087878
0.14299408644476086, 0.13111182996087878
0.14299408644476086, 0.13111182996087878
0.14299408644476086, 0.13111182996087878
0.14299408644476086, 0.13111182996087878
0.14299408644476086, 0.13111182996087878
0.09793557638933836, 0.8398250991300371
0.09793557638933836, 0.8398250991300371
0.09793557638933836, 0.8398250991300371
0.09793557638933836, 0.8398250991300371
0.09793557638933836, 0.8398250991300371
0.09793557638933836, 0.8398250991300371
0.09793557638933836, 0.8398250991300371
0.09793557638933836, 0.8398250991300371
0.09793557638933836, 0.8398250991300371
0.09793557638933836, 0.8398250991300371
0.5904046903989357, 0.2884856341573192
0.5904046903989357, 0.2884856341573192
0.5904046903989357, 0.2884856341573192
0.5904046903989357, 0.2884856341573192
0.5904046903989357, 0.2884856341573192
0.5904046903989357, 0.2884856341573192
0.5904046903989357, 0.2884856341573192
0.5904046903989357, 0.2884856341573192
0.5904046903989357, 0.2884856341573192
0.5904046903989357, 0.2884856341573192
0.6315029542166359, 0.43310733548400215
0.6315029542166359, 0.43310733548400215
0.6315029542166359, 0.43310733548400215
0.6315029542166359, 0.43310733548400215
0.6315029542166359, 0.43310733548400215
0.6315029542166359, 0.43310733548400215
0.6315029542166359, 0.43310733548400215
0.6315029542166359, 0.43310733548400215
0.6315029542166359, 0.43310733548400215
0.6315029542166359, 0.43310733548400215
0.2604180129356659, 0.8019865996536639
0.2604180129356659, 0.8019865996536639
0.2604180129356659, 0.8019865996536639
0.2604180129356659, 0.8019865996536639
0.2604180129356659, 0.8019865996536639
0.2604180129356659, 0.8019865996536639
0.2604180129356659, 0.8019865996536639
0.2604180129356659, 0.8019865996536639
0.2604180129356659, 0.8019865996536639
0.2604180129356659, 0.8019865996536639
0.37223650941235886, 0.3802703052155443
0.37223650941235886, 0.3802703052155443
0.37223650941235886, 0.3802703052155443
0.37223650941235886, 0.3802703052155443
0.37223650941235886, 0.3802703052155443
0.37223650941235886, 0.3802703052155443
0.37223650941235886, 0.3802703052155443
0.37223650941235886, 0.3802703052155443
0.37223650941235886, 0.3802703052155443
0.37223650941235886, 0.3802703052155443
0.22147534234588817, 0.9315674019854542
0.22147534234588817, 0.9315674019854542
0.22147534234588817, 0.9315674019854542
0.22147534234588817, 0.9315674019854542
0.22147534234588817, 0.9315674019854542
0.22147534234588817, 0.9315674019854542
0.22147534234588817, 0.9315674019854542
0.22147534234588817, 0.9315674019854542
0.22147534234588817, 0.9315674019854542
0.22147534234588817, 0.9315674019854542
