1e-05
0.061829347129795376, 0.5341923438737818
0.061829347129795376, 0.5341923438737818
0.061829347129795376, 0.5341923438737818
0.061829347129795376, 0.5341923438737818
0.061829347129795376, 0.5341923438737818
0.061829347129795376, 0.5341923438737818
0.061829347129795376, 0.5341923438737818
0.061829347129795376, 0.5341923438737818
0.061829347129795376, 0.5341923438737818
0.061829347129795376, 0.5341923438737818
0.13372786338276388, 0.012067588066161372
0.13372786338276388, 0.012067588066161372
0.13372786338276388, 0.012067588066161372
0.13372786338276388, 0.012067588066161372
0.13372786338276388, 0.012067588066161372
0.13372786338276388, 0.012067588066161372
0.13372786338276388, 0.012067588066161372
0.13372786338276388, 0.012067588066161372
0.13372786338276388, 0.012067588066161372
0.13372786338276388, 0.012067588066161372
0.9879731721466913, 0.8999227844315827
0.9879731721466913, 0.8999227844315827
0.9879731721466913, 0.8999227844315827
0.9879731721466913, 0.8999227844315827
0.9879731721466913, 0.8999227844315827
0.9879731721466913, 0.8999227844315827
0.9879731721466913, 0.8999227844315827
0.9879731721466913, 0.8999227844315827
0.9879731721466913, 0.8999227844315827
0.9879731721466913, 0.8999227844315827
0.3250381503788068, 0.7815014209978102
0.3250381503788068, 0.7815014209978102
0.3250381503788068, 0.7815014209978102
0.3250381503788068, 0.7815014209978102
0.3250381503788068, 0.7815014209978102
0.3250381503788068, 0.7815014209978102
0.3250381503788068, 0.7815014209978102
0.3250381503788068, 0.7815014209978102
0.3250381503788068, 0.7815014209978102
0.3250381503788068, 0.7815014209978102
0.8998735904318845, 0.593800153471891
0.8998735904318845, 0.593800153471891
0.8998735904318845, 0.593800153471891
0.8998735904318845, 0.593800153471891
0.8998735904318845, 0.593800153471891
0.8998735904318845, 0.593800153471891
0.8998735904318845, 0.593800153471891
0.8998735904318845, 0.593800153471891
0.8998735904318845, 0.593800153471891
0.8998735904318845, 0.593800153471891
0.3806484751887508, 0.8969952179284482
0.3806484751887508, 0.8969952179284482
0.3806484751887508, 0.8969952179284482
0.3806484751887508, 0.8969952179284482
0.3806484751887508, 0.8969952179284482
0.3806484751887508, 0.8969952179284482
0.3806484751887508, 0.8969952179284482
0.3806484751887508, 0.8969952179284482
0.3806484751887508, 0.8969952179284482
0.3806484751887508, 0.8969952179284482
0.889955825912933, 0.2300756567885538
0.889955825912933, 0.2300756567885538
0.889955825912933, 0.2300756567885538
0.889955825912933, 0.2300756567885538
0.889955825912933, 0.2300756567885538
0.889955825912933, 0.2300756567885538
0.889955825912933, 0.2300756567885538
0.889955825912933, 0.2300756567885538
0.889955825912933, 0.2300756567885538
0.889955825912933, 0.2300756567885538
0.8126471770732349, 0.9175022633082076
0.8126471770732349, 0.9175022633082076
0.8126471770732349, 0.9175022633082076
0.8126471770732349, 0.9175022633082076
0.8126471770732349, 0.9175022633082076
0.8126471770732349, 0.9175022633082076
0.8126471770732349, 0.9175022633082076
0.8126471770732349, 0.9175022633082076
0.8126471770732349, 0.9175022633082076
0.8126471770732349, 0.9175022633082076
0.435597567434006, 0.9613867801909279
0.435597567434006, 0.9613867801909279
0.435597567434006, 0.9613867801909279
0.435597567434006, 0.9613867801909279
0.435597567434006, 0.9613867801909279
0.435597567434006, 0.9613867801909279
0.435597567434006, 0.9613867801909279
0.435597567434006, 0.9613867801909279
0.435597567434006, 0.9613867801909279
0.435597567434006, 0.9613867801909279
0.8983444898687529, 0.9047604034192268
0.8983444898687529, 0.9047604034192268
0.8983444898687529, 0.9047604034192268
0.8983444898687529, 0.9047604034192268
0.8983444898687529, 0.9047604034192268
0.8983444898687529, 0.9047604034192268
0.8983444898687529, 0.9047604034192268
0.8983444898687529, 0.9047604034192268
0.8983444898687529, 0.9047604034192268
0.8983444898687529, 0.9047604034192268
