1e-05
0.03870591748936847, 0.7476808677512138
0.03870591748936847, 0.7476808677512138
0.03870591748936847, 0.7476808677512138
0.03870591748936847, 0.7476808677512138
0.03870591748936847, 0.7476808677512138
0.03870591748936847, 0.7476808677512138
0.03870591748936847, 0.7476808677512138
0.03870591748936847, 0.7476808677512138
0.03870591748936847, 0.7476808677512138
0.03870591748936847, 0.7476808677512138
0.4589405028185445, 0.12644967835119314
0.4589405028185445, 0.12644967835119314
0.4589405028185445, 0.12644967835119314
0.4589405028185445, 0.12644967835119314
0.4589405028185445, 0.12644967835119314
0.4589405028185445, 0.12644967835119314
0.4589405028185445, 0.12644967835119314
0.4589405028185445, 0.12644967835119314
0.4589405028185445, 0.12644967835119314
0.4589405028185445, 0.12644967835119314
0.4264016820749509, 0.672676249439663
0.4264016820749509, 0.672676249439663
0.4264016820749509, 0.672676249439663
0.4264016820749509, 0.672676249439663
0.4264016820749509, 0.672676249439663
0.4264016820749509, 0.672676249439663
0.4264016820749509, 0.672676249439663
0.4264016820749509, 0.672676249439663
0.4264016820749509, 0.672676249439663
0.4264016820749509, 0.672676249439663
0.6721804969840104, 0.6205644681710467
0.6721804969840104, 0.6205644681710467
0.6721804969840104, 0.6205644681710467
0.6721804969840104, 0.6205644681710467
0.6721804969840104, 0.6205644681710467
0.6721804969840104, 0.6205644681710467
0.6721804969840104, 0.6205644681710467
0.6721804969840104, 0.6205644681710467
0.6721804969840104, 0.6205644681710467
0.6721804969840104, 0.6205644681710467
0.14390961510768074, 0.6364152798434175
0.14390961510768074, 0.6364152798434175
0.14390961510768074, 0.6364152798434175
0.14390961510768074, 0.6364152798434175
0.14390961510768074, 0.6364152798434175
0.14390961510768074, 0.6364152798434175
0.14390961510768074, 0.6364152798434175
0.14390961510768074, 0.6364152798434175
0.14390961510768074, 0.6364152798434175
0.14390961510768074, 0.6364152798434175
0.40907511552233045, 0.7411196763550689
0.40907511552233045, 0.7411196763550689
0.40907511552233045, 0.7411196763550689
0.40907511552233045, 0.7411196763550689
0.40907511552233045, 0.7411196763550689
0.40907511552233045, 0.7411196763550689
0.40907511552233045, 0.7411196763550689
0.40907511552233045, 0.7411196763550689
0.40907511552233045, 0.7411196763550689
0.40907511552233045, 0.7411196763550689
0.48518748198820993, 0.01990485105998996
0.48518748198820993, 0.01990485105998996
0.48518748198820993, 0.01990485105998996
0.48518748198820993, 0.01990485105998996
0.48518748198820993, 0.01990485105998996
0.48518748198820993, 0.01990485105998996
0.48518748198820993, 0.01990485105998996
0.48518748198820993, 0.01990485105998996
0.48518748198820993, 0.01990485105998996
0.48518748198820993, 0.01990485105998996
0.32041254591941937, 0.8469814433604211
0.32041254591941937, 0.8469814433604211
0.32041254591941937, 0.8469814433604211
0.32041254591941937, 0.8469814433604211
0.32041254591941937, 0.8469814433604211
0.32041254591941937, 0.8469814433604211
0.32041254591941937, 0.8469814433604211
0.32041254591941937, 0.8469814433604211
0.32041254591941937, 0.8469814433604211
0.32041254591941937, 0.8469814433604211
0.5056197137078549, 0.1259212311120611
0.5056197137078549, 0.1259212311120611
0.5056197137078549, 0.1259212311120611
0.5056197137078549, 0.1259212311120611
0.5056197137078549, 0.1259212311120611
0.5056197137078549, 0.1259212311120611
0.5056197137078549, 0.1259212311120611
0.5056197137078549, 0.1259212311120611
0.5056197137078549, 0.1259212311120611
0.5056197137078549, 0.1259212311120611
0.029660225932898854, 0.5965882643038181
0.029660225932898854, 0.5965882643038181
0.029660225932898854, 0.5965882643038181
0.029660225932898854, 0.5965882643038181
0.029660225932898854, 0.5965882643038181
0.029660225932898854, 0.5965882643038181
0.029660225932898854, 0.5965882643038181
0.029660225932898854, 0.5965882643038181
0.029660225932898854, 0.5965882643038181
0.029660225932898854, 0.5965882643038181
