1e-05
0.23952705785478956, 0.6077569637600934
0.23952705785478956, 0.6077569637600934
0.23952705785478956, 0.6077569637600934
0.23952705785478956, 0.6077569637600934
0.23952705785478956, 0.6077569637600934
0.23952705785478956, 0.6077569637600934
0.23952705785478956, 0.6077569637600934
0.23952705785478956, 0.6077569637600934
0.23952705785478956, 0.6077569637600934
0.23952705785478956, 0.6077569637600934
0.630468307103586, 0.5819220429306333
0.630468307103586, 0.5819220429306333
0.630468307103586, 0.5819220429306333
0.630468307103586, 0.5819220429306333
0.630468307103586, 0.5819220429306333
0.630468307103586, 0.5819220429306333
0.630468307103586, 0.5819220429306333
0.630468307103586, 0.5819220429306333
0.630468307103586, 0.5819220429306333
0.630468307103586, 0.5819220429306333
0.5266636007191274, 0.9214331201684454
0.5266636007191274, 0.9214331201684454
0.5266636007191274, 0.9214331201684454
0.5266636007191274, 0.9214331201684454
0.5266636007191274, 0.9214331201684454
0.5266636007191274, 0.9214331201684454
0.5266636007191274, 0.9214331201684454
0.5266636007191274, 0.9214331201684454
0.5266636007191274, 0.9214331201684454
0.5266636007191274, 0.9214331201684454
0.663642313203927, 0.47215405297838375
0.663642313203927, 0.47215405297838375
0.663642313203927, 0.47215405297838375
0.663642313203927, 0.47215405297838375
0.663642313203927, 0.47215405297838375
0.663642313203927, 0.47215405297838375
0.663642313203927, 0.47215405297838375
0.663642313203927, 0.47215405297838375
0.663642313203927, 0.47215405297838375
0.663642313203927, 0.47215405297838375
0.37460013056232, 0.8059221289315139
0.37460013056232, 0.8059221289315139
0.37460013056232, 0.8059221289315139
0.37460013056232, 0.8059221289315139
0.37460013056232, 0.8059221289315139
0.37460013056232, 0.8059221289315139
0.37460013056232, 0.8059221289315139
0.37460013056232, 0.8059221289315139
0.37460013056232, 0.8059221289315139
0.37460013056232, 0.8059221289315139
0.03902757391272993, 0.6163999176692132
0.03902757391272993, 0.6163999176692132
0.03902757391272993, 0.6163999176692132
0.03902757391272993, 0.6163999176692132
0.03902757391272993, 0.6163999176692132
0.03902757391272993, 0.6163999176692132
0.03902757391272993, 0.6163999176692132
0.03902757391272993, 0.6163999176692132
0.03902757391272993, 0.6163999176692132
0.03902757391272993, 0.6163999176692132
0.6758087161445643, 0.12582233345033633
0.6758087161445643, 0.12582233345033633
0.6758087161445643, 0.12582233345033633
0.6758087161445643, 0.12582233345033633
0.6758087161445643, 0.12582233345033633
0.6758087161445643, 0.12582233345033633
0.6758087161445643, 0.12582233345033633
0.6758087161445643, 0.12582233345033633
0.6758087161445643, 0.12582233345033633
0.6758087161445643, 0.12582233345033633
0.2112773600883806, 0.06405328427800105
0.2112773600883806, 0.06405328427800105
0.2112773600883806, 0.06405328427800105
0.2112773600883806, 0.06405328427800105
0.2112773600883806, 0.06405328427800105
0.2112773600883806, 0.06405328427800105
0.2112773600883806, 0.06405328427800105
0.2112773600883806, 0.06405328427800105
0.2112773600883806, 0.06405328427800105
0.2112773600883806, 0.06405328427800105
0.0384664874179399, 0.47225751528534554
0.0384664874179399, 0.47225751528534554
0.0384664874179399, 0.47225751528534554
0.0384664874179399, 0.47225751528534554
0.0384664874179399, 0.47225751528534554
0.0384664874179399, 0.47225751528534554
0.0384664874179399, 0.47225751528534554
0.0384664874179399, 0.47225751528534554
0.0384664874179399, 0.47225751528534554
0.0384664874179399, 0.47225751528534554
0.8258951832300047, 0.2551578652400138
0.8258951832300047, 0.2551578652400138
0.8258951832300047, 0.2551578652400138
0.8258951832300047, 0.2551578652400138
0.8258951832300047, 0.2551578652400138
0.8258951832300047, 0.2551578652400138
0.8258951832300047, 0.2551578652400138
0.8258951832300047, 0.2551578652400138
0.8258951832300047, 0.2551578652400138
0.8258951832300047, 0.2551578652400138
