1e-05
0.9302528169123565, 0.4036338538593095
0.9302528169123565, 0.4036338538593095
0.9302528169123565, 0.4036338538593095
0.9302528169123565, 0.4036338538593095
0.9302528169123565, 0.4036338538593095
0.9302528169123565, 0.4036338538593095
0.9302528169123565, 0.4036338538593095
0.9302528169123565, 0.4036338538593095
0.9302528169123565, 0.4036338538593095
0.9302528169123565, 0.4036338538593095
0.6378909977606252, 0.8075581835245117
0.6378909977606252, 0.8075581835245117
0.6378909977606252, 0.8075581835245117
0.6378909977606252, 0.8075581835245117
0.6378909977606252, 0.8075581835245117
0.6378909977606252, 0.8075581835245117
0.6378909977606252, 0.8075581835245117
0.6378909977606252, 0.8075581835245117
0.6378909977606252, 0.8075581835245117
0.6378909977606252, 0.8075581835245117
0.47960590251491964, 0.03676758970823557
0.47960590251491964, 0.03676758970823557
0.47960590251491964, 0.03676758970823557
0.47960590251491964, 0.03676758970823557
0.47960590251491964, 0.03676758970823557
0.47960590251491964, 0.03676758970823557
0.47960590251491964, 0.03676758970823557
0.47960590251491964, 0.03676758970823557
0.47960590251491964, 0.03676758970823557
0.47960590251491964, 0.03676758970823557
0.18975518565772043, 0.8464246573542873
0.18975518565772043, 0.8464246573542873
0.18975518565772043, 0.8464246573542873
0.18975518565772043, 0.8464246573542873
0.18975518565772043, 0.8464246573542873
0.18975518565772043, 0.8464246573542873
0.18975518565772043, 0.8464246573542873
0.18975518565772043, 0.8464246573542873
0.18975518565772043, 0.8464246573542873
0.18975518565772043, 0.8464246573542873
0.01870046913530843, 0.6467376606214604
0.01870046913530843, 0.6467376606214604
0.01870046913530843, 0.6467376606214604
0.01870046913530843, 0.6467376606214604
0.01870046913530843, 0.6467376606214604
0.01870046913530843, 0.6467376606214604
0.01870046913530843, 0.6467376606214604
0.01870046913530843, 0.6467376606214604
0.01870046913530843, 0.6467376606214604
0.01870046913530843, 0.6467376606214604
0.29770924851549585, 0.06846145178670326
0.29770924851549585, 0.06846145178670326
0.29770924851549585, 0.06846145178670326
0.29770924851549585, 0.06846145178670326
0.29770924851549585, 0.06846145178670326
0.29770924851549585, 0.06846145178670326
0.29770924851549585, 0.06846145178670326
0.29770924851549585, 0.06846145178670326
0.29770924851549585, 0.06846145178670326
0.29770924851549585, 0.06846145178670326
0.20593293470039886, 0.5648666933080067
0.20593293470039886, 0.5648666933080067
0.20593293470039886, 0.5648666933080067
0.20593293470039886, 0.5648666933080067
0.20593293470039886, 0.5648666933080067
0.20593293470039886, 0.5648666933080067
0.20593293470039886, 0.5648666933080067
0.20593293470039886, 0.5648666933080067
0.20593293470039886, 0.5648666933080067
0.20593293470039886, 0.5648666933080067
0.09613988149462493, 0.5305206642214607
0.09613988149462493, 0.5305206642214607
0.09613988149462493, 0.5305206642214607
0.09613988149462493, 0.5305206642214607
0.09613988149462493, 0.5305206642214607
0.09613988149462493, 0.5305206642214607
0.09613988149462493, 0.5305206642214607
0.09613988149462493, 0.5305206642214607
0.09613988149462493, 0.5305206642214607
0.09613988149462493, 0.5305206642214607
0.7295806555983984, 0.858903578709051
0.7295806555983984, 0.858903578709051
0.7295806555983984, 0.858903578709051
0.7295806555983984, 0.858903578709051
0.7295806555983984, 0.858903578709051
0.7295806555983984, 0.858903578709051
0.7295806555983984, 0.858903578709051
0.7295806555983984, 0.858903578709051
0.7295806555983984, 0.858903578709051
0.7295806555983984, 0.858903578709051
0.43317323700230104, 0.06908030746095284
0.43317323700230104, 0.06908030746095284
0.43317323700230104, 0.06908030746095284
0.43317323700230104, 0.06908030746095284
0.43317323700230104, 0.06908030746095284
0.43317323700230104, 0.06908030746095284
0.43317323700230104, 0.06908030746095284
0.43317323700230104, 0.06908030746095284
0.43317323700230104, 0.06908030746095284
0.43317323700230104, 0.06908030746095284
