1e-05
0.7468751487192786, 0.4967900882413523
0.7468751487192786, 0.4967900882413523
0.7468751487192786, 0.4967900882413523
0.7468751487192786, 0.4967900882413523
0.7468751487192786, 0.4967900882413523
0.7468751487192786, 0.4967900882413523
0.7468751487192786, 0.4967900882413523
0.7468751487192786, 0.4967900882413523
0.7468751487192786, 0.4967900882413523
0.7468751487192786, 0.4967900882413523
0.1735409977689758, 0.7837639293769749
0.1735409977689758, 0.7837639293769749
0.1735409977689758, 0.7837639293769749
0.1735409977689758, 0.7837639293769749
0.1735409977689758, 0.7837639293769749
0.1735409977689758, 0.7837639293769749
0.1735409977689758, 0.7837639293769749
0.1735409977689758, 0.7837639293769749
0.1735409977689758, 0.7837639293769749
0.1735409977689758, 0.7837639293769749
0.38023133335957304, 0.07796906829377992
0.38023133335957304, 0.07796906829377992
0.38023133335957304, 0.07796906829377992
0.38023133335957304, 0.07796906829377992
0.38023133335957304, 0.07796906829377992
0.38023133335957304, 0.07796906829377992
0.38023133335957304, 0.07796906829377992
0.38023133335957304, 0.07796906829377992
0.38023133335957304, 0.07796906829377992
0.38023133335957304, 0.07796906829377992
0.5070125381623861, 0.35056460663294753
0.5070125381623861, 0.35056460663294753
0.5070125381623861, 0.35056460663294753
0.5070125381623861, 0.35056460663294753
0.5070125381623861, 0.35056460663294753
0.5070125381623861, 0.35056460663294753
0.5070125381623861, 0.35056460663294753
0.5070125381623861, 0.35056460663294753
0.5070125381623861, 0.35056460663294753
0.5070125381623861, 0.35056460663294753
0.5274378531941606, 0.04545912814532371
0.5274378531941606, 0.04545912814532371
0.5274378531941606, 0.04545912814532371
0.5274378531941606, 0.04545912814532371
0.5274378531941606, 0.04545912814532371
0.5274378531941606, 0.04545912814532371
0.5274378531941606, 0.04545912814532371
0.5274378531941606, 0.04545912814532371
0.5274378531941606, 0.04545912814532371
0.5274378531941606, 0.04545912814532371
0.9872539059820955, 0.6070747940148398
0.9872539059820955, 0.6070747940148398
0.9872539059820955, 0.6070747940148398
0.9872539059820955, 0.6070747940148398
0.9872539059820955, 0.6070747940148398
0.9872539059820955, 0.6070747940148398
0.9872539059820955, 0.6070747940148398
0.9872539059820955, 0.6070747940148398
0.9872539059820955, 0.6070747940148398
0.9872539059820955, 0.6070747940148398
0.3903625200698483, 0.2066140556157926
0.3903625200698483, 0.2066140556157926
0.3903625200698483, 0.2066140556157926
0.3903625200698483, 0.2066140556157926
0.3903625200698483, 0.2066140556157926
0.3903625200698483, 0.2066140556157926
0.3903625200698483, 0.2066140556157926
0.3903625200698483, 0.2066140556157926
0.3903625200698483, 0.2066140556157926
0.3903625200698483, 0.2066140556157926
0.49671045271214087, 0.8083768669497962
0.49671045271214087, 0.8083768669497962
0.49671045271214087, 0.8083768669497962
0.49671045271214087, 0.8083768669497962
0.49671045271214087, 0.8083768669497962
0.49671045271214087, 0.8083768669497962
0.49671045271214087, 0.8083768669497962
0.49671045271214087, 0.8083768669497962
0.49671045271214087, 0.8083768669497962
0.49671045271214087, 0.8083768669497962
0.5083538025350114, 0.6372685459326844
0.5083538025350114, 0.6372685459326844
0.5083538025350114, 0.6372685459326844
0.5083538025350114, 0.6372685459326844
0.5083538025350114, 0.6372685459326844
0.5083538025350114, 0.6372685459326844
0.5083538025350114, 0.6372685459326844
0.5083538025350114, 0.6372685459326844
0.5083538025350114, 0.6372685459326844
0.5083538025350114, 0.6372685459326844
0.5279731911667556, 0.5200619654791935
0.5279731911667556, 0.5200619654791935
0.5279731911667556, 0.5200619654791935
0.5279731911667556, 0.5200619654791935
0.5279731911667556, 0.5200619654791935
0.5279731911667556, 0.5200619654791935
0.5279731911667556, 0.5200619654791935
0.5279731911667556, 0.5200619654791935
0.5279731911667556, 0.5200619654791935
0.5279731911667556, 0.5200619654791935
