1e-05
0.4477115630406112, 0.30376203886419384
0.4477115630406112, 0.30376203886419384
0.4477115630406112, 0.30376203886419384
0.4477115630406112, 0.30376203886419384
0.4477115630406112, 0.30376203886419384
0.4477115630406112, 0.30376203886419384
0.4477115630406112, 0.30376203886419384
0.4477115630406112, 0.30376203886419384
0.4477115630406112, 0.30376203886419384
0.4477115630406112, 0.30376203886419384
0.7569796486885516, 0.9178898047820511
0.7569796486885516, 0.9178898047820511
0.7569796486885516, 0.9178898047820511
0.7569796486885516, 0.9178898047820511
0.7569796486885516, 0.9178898047820511
0.7569796486885516, 0.9178898047820511
0.7569796486885516, 0.9178898047820511
0.7569796486885516, 0.9178898047820511
0.7569796486885516, 0.9178898047820511
0.7569796486885516, 0.9178898047820511
0.13114150212856135, 0.09855287844596505
0.13114150212856135, 0.09855287844596505
0.13114150212856135, 0.09855287844596505
0.13114150212856135, 0.09855287844596505
0.13114150212856135, 0.09855287844596505
0.13114150212856135, 0.09855287844596505
0.13114150212856135, 0.09855287844596505
0.13114150212856135, 0.09855287844596505
0.13114150212856135, 0.09855287844596505
0.13114150212856135, 0.09855287844596505
0.6367806182805834, 0.7569680964129477
0.6367806182805834, 0.7569680964129477
0.6367806182805834, 0.7569680964129477
0.6367806182805834, 0.7569680964129477
0.6367806182805834, 0.7569680964129477
0.6367806182805834, 0.7569680964129477
0.6367806182805834, 0.7569680964129477
0.6367806182805834, 0.7569680964129477
0.6367806182805834, 0.7569680964129477
0.6367806182805834, 0.7569680964129477
0.7416968993316071, 0.6480715830569718
0.7416968993316071, 0.6480715830569718
0.7416968993316071, 0.6480715830569718
0.7416968993316071, 0.6480715830569718
0.7416968993316071, 0.6480715830569718
0.7416968993316071, 0.6480715830569718
0.7416968993316071, 0.6480715830569718
0.7416968993316071, 0.6480715830569718
0.7416968993316071, 0.6480715830569718
0.7416968993316071, 0.6480715830569718
0.024318661302775713, 0.11097045254976534
0.024318661302775713, 0.11097045254976534
0.024318661302775713, 0.11097045254976534
0.024318661302775713, 0.11097045254976534
0.024318661302775713, 0.11097045254976534
0.024318661302775713, 0.11097045254976534
0.024318661302775713, 0.11097045254976534
0.024318661302775713, 0.11097045254976534
0.024318661302775713, 0.11097045254976534
0.024318661302775713, 0.11097045254976534
0.3651502881591623, 0.1642130202111024
0.3651502881591623, 0.1642130202111024
0.3651502881591623, 0.1642130202111024
0.3651502881591623, 0.1642130202111024
0.3651502881591623, 0.1642130202111024
0.3651502881591623, 0.1642130202111024
0.3651502881591623, 0.1642130202111024
0.3651502881591623, 0.1642130202111024
0.3651502881591623, 0.1642130202111024
0.3651502881591623, 0.1642130202111024
0.4159769977789658, 0.46358749208675665
0.4159769977789658, 0.46358749208675665
0.4159769977789658, 0.46358749208675665
0.4159769977789658, 0.46358749208675665
0.4159769977789658, 0.46358749208675665
0.4159769977789658, 0.46358749208675665
0.4159769977789658, 0.46358749208675665
0.4159769977789658, 0.46358749208675665
0.4159769977789658, 0.46358749208675665
0.4159769977789658, 0.46358749208675665
0.6259131208854162, 0.7382719531507013
0.6259131208854162, 0.7382719531507013
0.6259131208854162, 0.7382719531507013
0.6259131208854162, 0.7382719531507013
0.6259131208854162, 0.7382719531507013
0.6259131208854162, 0.7382719531507013
0.6259131208854162, 0.7382719531507013
0.6259131208854162, 0.7382719531507013
0.6259131208854162, 0.7382719531507013
0.6259131208854162, 0.7382719531507013
0.5049272855372171, 0.537909861801107
0.5049272855372171, 0.537909861801107
0.5049272855372171, 0.537909861801107
0.5049272855372171, 0.537909861801107
0.5049272855372171, 0.537909861801107
0.5049272855372171, 0.537909861801107
0.5049272855372171, 0.537909861801107
0.5049272855372171, 0.537909861801107
0.5049272855372171, 0.537909861801107
0.5049272855372171, 0.537909861801107
