0.001
0.9974792363816511, 0.8853969393075234
0.5638143223153423, 0.0254768241986697
0.8435313536163171, 0.36957950726528954
0.46855474440678846, 0.881495213447737
0.4420646651450396, 0.24839286013498785
0.8196959168435982, 0.861405785599233
0.23325214264933758, 0.6777215240297811
0.7144521405440043, 0.7498880756817387
0.5532382922248139, 0.5876902494775221
0.24708305017864118, 0.088547855675287
0.092560856899225, 0.47277119490496977
0.4032280802175575, 0.7328031335430445
0.2875099976078115, 0.32476844155765516
0.985921191392913, 0.12946462761827193
0.260823799203022, 0.7762203413331922
0.07294403809613426, 0.42589582930172565
0.6828284710659539, 0.7254402987598866
