1e-05
0.30328058615674747, 0.34821830671260345
0.30328058615674747, 0.34821830671260345
0.30328058615674747, 0.34821830671260345
0.30328058615674747, 0.34821830671260345
0.30328058615674747, 0.34821830671260345
0.30328058615674747, 0.34821830671260345
0.30328058615674747, 0.34821830671260345
0.30328058615674747, 0.34821830671260345
0.30328058615674747, 0.34821830671260345
0.30328058615674747, 0.34821830671260345
0.7461206060673643, 0.8180054707283991
0.7461206060673643, 0.8180054707283991
0.7461206060673643, 0.8180054707283991
0.7461206060673643, 0.8180054707283991
0.7461206060673643, 0.8180054707283991
0.7461206060673643, 0.8180054707283991
0.7461206060673643, 0.8180054707283991
0.7461206060673643, 0.8180054707283991
0.7461206060673643, 0.8180054707283991
0.7461206060673643, 0.8180054707283991
0.4841226789164347, 0.4067242383189982
0.4841226789164347, 0.4067242383189982
0.4841226789164347, 0.4067242383189982
0.4841226789164347, 0.4067242383189982
0.4841226789164347, 0.4067242383189982
0.4841226789164347, 0.4067242383189982
0.4841226789164347, 0.4067242383189982
0.4841226789164347, 0.4067242383189982
0.4841226789164347, 0.4067242383189982
0.4841226789164347, 0.4067242383189982
0.5801922713135308, 0.7165499755255197
0.5801922713135308, 0.7165499755255197
0.5801922713135308, 0.7165499755255197
0.5801922713135308, 0.7165499755255197
0.5801922713135308, 0.7165499755255197
0.5801922713135308, 0.7165499755255197
0.5801922713135308, 0.7165499755255197
0.5801922713135308, 0.7165499755255197
0.5801922713135308, 0.7165499755255197
0.5801922713135308, 0.7165499755255197
0.2889822402188065, 0.15046161427417104
0.2889822402188065, 0.15046161427417104
0.2889822402188065, 0.15046161427417104
0.2889822402188065, 0.15046161427417104
0.2889822402188065, 0.15046161427417104
0.2889822402188065, 0.15046161427417104
0.2889822402188065, 0.15046161427417104
0.2889822402188065, 0.15046161427417104
0.2889822402188065, 0.15046161427417104
0.2889822402188065, 0.15046161427417104
0.8433808284039391, 0.222362423134689
0.8433808284039391, 0.222362423134689
0.8433808284039391, 0.222362423134689
0.8433808284039391, 0.222362423134689
0.8433808284039391, 0.222362423134689
0.8433808284039391, 0.222362423134689
0.8433808284039391, 0.222362423134689
0.8433808284039391, 0.222362423134689
0.8433808284039391, 0.222362423134689
0.8433808284039391, 0.222362423134689
0.15555879466321976, 0.13784758140954267
0.15555879466321976, 0.13784758140954267
0.15555879466321976, 0.13784758140954267
0.15555879466321976, 0.13784758140954267
0.15555879466321976, 0.13784758140954267
0.15555879466321976, 0.13784758140954267
0.15555879466321976, 0.13784758140954267
0.15555879466321976, 0.13784758140954267
0.15555879466321976, 0.13784758140954267
0.15555879466321976, 0.13784758140954267
0.8506185431287419, 0.7399989179348042
0.8506185431287419, 0.7399989179348042
0.8506185431287419, 0.7399989179348042
0.8506185431287419, 0.7399989179348042
0.8506185431287419, 0.7399989179348042
0.8506185431287419, 0.7399989179348042
0.8506185431287419, 0.7399989179348042
0.8506185431287419, 0.7399989179348042
0.8506185431287419, 0.7399989179348042
0.8506185431287419, 0.7399989179348042
0.44447873509322144, 0.6079165137501413
0.44447873509322144, 0.6079165137501413
0.44447873509322144, 0.6079165137501413
0.44447873509322144, 0.6079165137501413
0.44447873509322144, 0.6079165137501413
0.44447873509322144, 0.6079165137501413
0.44447873509322144, 0.6079165137501413
0.44447873509322144, 0.6079165137501413
0.44447873509322144, 0.6079165137501413
0.44447873509322144, 0.6079165137501413
0.5779115787462051, 0.9518183329031882
0.5779115787462051, 0.9518183329031882
0.5779115787462051, 0.9518183329031882
0.5779115787462051, 0.9518183329031882
0.5779115787462051, 0.9518183329031882
0.5779115787462051, 0.9518183329031882
0.5779115787462051, 0.9518183329031882
0.5779115787462051, 0.9518183329031882
0.5779115787462051, 0.9518183329031882
0.5779115787462051, 0.9518183329031882
