1e-05
0.8138392659881363, 0.3908498100846731
0.8138392659881363, 0.3908498100846731
0.8138392659881363, 0.3908498100846731
0.8138392659881363, 0.3908498100846731
0.8138392659881363, 0.3908498100846731
0.8138392659881363, 0.3908498100846731
0.8138392659881363, 0.3908498100846731
0.8138392659881363, 0.3908498100846731
0.8138392659881363, 0.3908498100846731
0.8138392659881363, 0.3908498100846731
0.7863147886174565, 0.8582557834151917
0.7863147886174565, 0.8582557834151917
0.7863147886174565, 0.8582557834151917
0.7863147886174565, 0.8582557834151917
0.7863147886174565, 0.8582557834151917
0.7863147886174565, 0.8582557834151917
0.7863147886174565, 0.8582557834151917
0.7863147886174565, 0.8582557834151917
0.7863147886174565, 0.8582557834151917
0.7863147886174565, 0.8582557834151917
0.7811737327765769, 0.2810350098850257
0.7811737327765769, 0.2810350098850257
0.7811737327765769, 0.2810350098850257
0.7811737327765769, 0.2810350098850257
0.7811737327765769, 0.2810350098850257
0.7811737327765769, 0.2810350098850257
0.7811737327765769, 0.2810350098850257
0.7811737327765769, 0.2810350098850257
0.7811737327765769, 0.2810350098850257
0.7811737327765769, 0.2810350098850257
0.9484348259434658, 0.07193121114355916
0.9484348259434658, 0.07193121114355916
0.9484348259434658, 0.07193121114355916
0.9484348259434658, 0.07193121114355916
0.9484348259434658, 0.07193121114355916
0.9484348259434658, 0.07193121114355916
0.9484348259434658, 0.07193121114355916
0.9484348259434658, 0.07193121114355916
0.9484348259434658, 0.07193121114355916
0.9484348259434658, 0.07193121114355916
0.2576214028048619, 0.35451491440527394
0.2576214028048619, 0.35451491440527394
0.2576214028048619, 0.35451491440527394
0.2576214028048619, 0.35451491440527394
0.2576214028048619, 0.35451491440527394
0.2576214028048619, 0.35451491440527394
0.2576214028048619, 0.35451491440527394
0.2576214028048619, 0.35451491440527394
0.2576214028048619, 0.35451491440527394
0.2576214028048619, 0.35451491440527394
0.6311521000784862, 0.10495941752525706
0.6311521000784862, 0.10495941752525706
0.6311521000784862, 0.10495941752525706
0.6311521000784862, 0.10495941752525706
0.6311521000784862, 0.10495941752525706
0.6311521000784862, 0.10495941752525706
0.6311521000784862, 0.10495941752525706
0.6311521000784862, 0.10495941752525706
0.6311521000784862, 0.10495941752525706
0.6311521000784862, 0.10495941752525706
0.6242357570864786, 0.5817186370654936
0.6242357570864786, 0.5817186370654936
0.6242357570864786, 0.5817186370654936
0.6242357570864786, 0.5817186370654936
0.6242357570864786, 0.5817186370654936
0.6242357570864786, 0.5817186370654936
0.6242357570864786, 0.5817186370654936
0.6242357570864786, 0.5817186370654936
0.6242357570864786, 0.5817186370654936
0.6242357570864786, 0.5817186370654936
0.07024000763619354, 0.0710121209419019
0.07024000763619354, 0.0710121209419019
0.07024000763619354, 0.0710121209419019
0.07024000763619354, 0.0710121209419019
0.07024000763619354, 0.0710121209419019
0.07024000763619354, 0.0710121209419019
0.07024000763619354, 0.0710121209419019
0.07024000763619354, 0.0710121209419019
0.07024000763619354, 0.0710121209419019
0.07024000763619354, 0.0710121209419019
0.7376927298737506, 0.935935247217037
0.7376927298737506, 0.935935247217037
0.7376927298737506, 0.935935247217037
0.7376927298737506, 0.935935247217037
0.7376927298737506, 0.935935247217037
0.7376927298737506, 0.935935247217037
0.7376927298737506, 0.935935247217037
0.7376927298737506, 0.935935247217037
0.7376927298737506, 0.935935247217037
0.7376927298737506, 0.935935247217037
0.9688635318974228, 0.10872186821154173
0.9688635318974228, 0.10872186821154173
0.9688635318974228, 0.10872186821154173
0.9688635318974228, 0.10872186821154173
0.9688635318974228, 0.10872186821154173
0.9688635318974228, 0.10872186821154173
0.9688635318974228, 0.10872186821154173
0.9688635318974228, 0.10872186821154173
0.9688635318974228, 0.10872186821154173
0.9688635318974228, 0.10872186821154173
