1e-05
0.4490434841202511, 0.17716415641276428
0.4490434841202511, 0.17716415641276428
0.4490434841202511, 0.17716415641276428
0.4490434841202511, 0.17716415641276428
0.4490434841202511, 0.17716415641276428
0.4490434841202511, 0.17716415641276428
0.4490434841202511, 0.17716415641276428
0.4490434841202511, 0.17716415641276428
0.4490434841202511, 0.17716415641276428
0.4490434841202511, 0.17716415641276428
0.3935965176191607, 0.2269871565638859
0.3935965176191607, 0.2269871565638859
0.3935965176191607, 0.2269871565638859
0.3935965176191607, 0.2269871565638859
0.3935965176191607, 0.2269871565638859
0.3935965176191607, 0.2269871565638859
0.3935965176191607, 0.2269871565638859
0.3935965176191607, 0.2269871565638859
0.3935965176191607, 0.2269871565638859
0.3935965176191607, 0.2269871565638859
0.20817094487846832, 0.6116075421726527
0.20817094487846832, 0.6116075421726527
0.20817094487846832, 0.6116075421726527
0.20817094487846832, 0.6116075421726527
0.20817094487846832, 0.6116075421726527
0.20817094487846832, 0.6116075421726527
0.20817094487846832, 0.6116075421726527
0.20817094487846832, 0.6116075421726527
0.20817094487846832, 0.6116075421726527
0.20817094487846832, 0.6116075421726527
0.14699352662293008, 0.4425405845030794
0.14699352662293008, 0.4425405845030794
0.14699352662293008, 0.4425405845030794
0.14699352662293008, 0.4425405845030794
0.14699352662293008, 0.4425405845030794
0.14699352662293008, 0.4425405845030794
0.14699352662293008, 0.4425405845030794
0.14699352662293008, 0.4425405845030794
0.14699352662293008, 0.4425405845030794
0.14699352662293008, 0.4425405845030794
0.5371954325315005, 0.7226125131657378
0.5371954325315005, 0.7226125131657378
0.5371954325315005, 0.7226125131657378
0.5371954325315005, 0.7226125131657378
0.5371954325315005, 0.7226125131657378
0.5371954325315005, 0.7226125131657378
0.5371954325315005, 0.7226125131657378
0.5371954325315005, 0.7226125131657378
0.5371954325315005, 0.7226125131657378
0.5371954325315005, 0.7226125131657378
0.8275470203680297, 0.11268500214443311
0.8275470203680297, 0.11268500214443311
0.8275470203680297, 0.11268500214443311
0.8275470203680297, 0.11268500214443311
0.8275470203680297, 0.11268500214443311
0.8275470203680297, 0.11268500214443311
0.8275470203680297, 0.11268500214443311
0.8275470203680297, 0.11268500214443311
0.8275470203680297, 0.11268500214443311
0.8275470203680297, 0.11268500214443311
0.22621251678100984, 0.8034667809329836
0.22621251678100984, 0.8034667809329836
0.22621251678100984, 0.8034667809329836
0.22621251678100984, 0.8034667809329836
0.22621251678100984, 0.8034667809329836
0.22621251678100984, 0.8034667809329836
0.22621251678100984, 0.8034667809329836
0.22621251678100984, 0.8034667809329836
0.22621251678100984, 0.8034667809329836
0.22621251678100984, 0.8034667809329836
0.947066658258448, 0.5868401828067793
0.947066658258448, 0.5868401828067793
0.947066658258448, 0.5868401828067793
0.947066658258448, 0.5868401828067793
0.947066658258448, 0.5868401828067793
0.947066658258448, 0.5868401828067793
0.947066658258448, 0.5868401828067793
0.947066658258448, 0.5868401828067793
0.947066658258448, 0.5868401828067793
0.947066658258448, 0.5868401828067793
0.19960106342222006, 0.9438125830367795
0.19960106342222006, 0.9438125830367795
0.19960106342222006, 0.9438125830367795
0.19960106342222006, 0.9438125830367795
0.19960106342222006, 0.9438125830367795
0.19960106342222006, 0.9438125830367795
0.19960106342222006, 0.9438125830367795
0.19960106342222006, 0.9438125830367795
0.19960106342222006, 0.9438125830367795
0.19960106342222006, 0.9438125830367795
0.6265056106938628, 0.06740955502266699
0.6265056106938628, 0.06740955502266699
0.6265056106938628, 0.06740955502266699
0.6265056106938628, 0.06740955502266699
0.6265056106938628, 0.06740955502266699
0.6265056106938628, 0.06740955502266699
0.6265056106938628, 0.06740955502266699
0.6265056106938628, 0.06740955502266699
0.6265056106938628, 0.06740955502266699
0.6265056106938628, 0.06740955502266699
