1e-05
0.8541084632664405, 0.4609281076094087
0.8541084632664405, 0.4609281076094087
0.8541084632664405, 0.4609281076094087
0.8541084632664405, 0.4609281076094087
0.8541084632664405, 0.4609281076094087
0.8541084632664405, 0.4609281076094087
0.8541084632664405, 0.4609281076094087
0.8541084632664405, 0.4609281076094087
0.8541084632664405, 0.4609281076094087
0.8541084632664405, 0.4609281076094087
0.21670716770573084, 0.5448352114308781
0.21670716770573084, 0.5448352114308781
0.21670716770573084, 0.5448352114308781
0.21670716770573084, 0.5448352114308781
0.21670716770573084, 0.5448352114308781
0.21670716770573084, 0.5448352114308781
0.21670716770573084, 0.5448352114308781
0.21670716770573084, 0.5448352114308781
0.21670716770573084, 0.5448352114308781
0.21670716770573084, 0.5448352114308781
0.7012276086280271, 0.9173750978552402
0.7012276086280271, 0.9173750978552402
0.7012276086280271, 0.9173750978552402
0.7012276086280271, 0.9173750978552402
0.7012276086280271, 0.9173750978552402
0.7012276086280271, 0.9173750978552402
0.7012276086280271, 0.9173750978552402
0.7012276086280271, 0.9173750978552402
0.7012276086280271, 0.9173750978552402
0.7012276086280271, 0.9173750978552402
0.5936102649462719, 0.25472884177188615
0.5936102649462719, 0.25472884177188615
0.5936102649462719, 0.25472884177188615
0.5936102649462719, 0.25472884177188615
0.5936102649462719, 0.25472884177188615
0.5936102649462719, 0.25472884177188615
0.5936102649462719, 0.25472884177188615
0.5936102649462719, 0.25472884177188615
0.5936102649462719, 0.25472884177188615
0.5936102649462719, 0.25472884177188615
0.40979072934881167, 0.7218246949560395
0.40979072934881167, 0.7218246949560395
0.40979072934881167, 0.7218246949560395
0.40979072934881167, 0.7218246949560395
0.40979072934881167, 0.7218246949560395
0.40979072934881167, 0.7218246949560395
0.40979072934881167, 0.7218246949560395
0.40979072934881167, 0.7218246949560395
0.40979072934881167, 0.7218246949560395
0.40979072934881167, 0.7218246949560395
0.6080171553485366, 0.7883306105568296
0.6080171553485366, 0.7883306105568296
0.6080171553485366, 0.7883306105568296
0.6080171553485366, 0.7883306105568296
0.6080171553485366, 0.7883306105568296
0.6080171553485366, 0.7883306105568296
0.6080171553485366, 0.7883306105568296
0.6080171553485366, 0.7883306105568296
0.6080171553485366, 0.7883306105568296
0.6080171553485366, 0.7883306105568296
0.46642487673827093, 0.8364706196588053
0.46642487673827093, 0.8364706196588053
0.46642487673827093, 0.8364706196588053
0.46642487673827093, 0.8364706196588053
0.46642487673827093, 0.8364706196588053
0.46642487673827093, 0.8364706196588053
0.46642487673827093, 0.8364706196588053
0.46642487673827093, 0.8364706196588053
0.46642487673827093, 0.8364706196588053
0.46642487673827093, 0.8364706196588053
0.32325174091148123, 0.22235626626375082
0.32325174091148123, 0.22235626626375082
0.32325174091148123, 0.22235626626375082
0.32325174091148123, 0.22235626626375082
0.32325174091148123, 0.22235626626375082
0.32325174091148123, 0.22235626626375082
0.32325174091148123, 0.22235626626375082
0.32325174091148123, 0.22235626626375082
0.32325174091148123, 0.22235626626375082
0.32325174091148123, 0.22235626626375082
0.9684973156562777, 0.1826236946166485
0.9684973156562777, 0.1826236946166485
0.9684973156562777, 0.1826236946166485
0.9684973156562777, 0.1826236946166485
0.9684973156562777, 0.1826236946166485
0.9684973156562777, 0.1826236946166485
0.9684973156562777, 0.1826236946166485
0.9684973156562777, 0.1826236946166485
0.9684973156562777, 0.1826236946166485
0.9684973156562777, 0.1826236946166485
0.3959654822437032, 0.5371999942761644
0.3959654822437032, 0.5371999942761644
0.3959654822437032, 0.5371999942761644
0.3959654822437032, 0.5371999942761644
0.3959654822437032, 0.5371999942761644
0.3959654822437032, 0.5371999942761644
0.3959654822437032, 0.5371999942761644
0.3959654822437032, 0.5371999942761644
0.3959654822437032, 0.5371999942761644
0.3959654822437032, 0.5371999942761644
