1e-05
0.27471129372641623, 0.2656497243244075
0.27471129372641623, 0.2656497243244075
0.27471129372641623, 0.2656497243244075
0.27471129372641623, 0.2656497243244075
0.27471129372641623, 0.2656497243244075
0.27471129372641623, 0.2656497243244075
0.27471129372641623, 0.2656497243244075
0.27471129372641623, 0.2656497243244075
0.27471129372641623, 0.2656497243244075
0.27471129372641623, 0.2656497243244075
0.06380880292428681, 0.9557008969083356
0.06380880292428681, 0.9557008969083356
0.06380880292428681, 0.9557008969083356
0.06380880292428681, 0.9557008969083356
0.06380880292428681, 0.9557008969083356
0.06380880292428681, 0.9557008969083356
0.06380880292428681, 0.9557008969083356
0.06380880292428681, 0.9557008969083356
0.06380880292428681, 0.9557008969083356
0.06380880292428681, 0.9557008969083356
0.11883029575420145, 0.949427576339357
0.11883029575420145, 0.949427576339357
0.11883029575420145, 0.949427576339357
0.11883029575420145, 0.949427576339357
0.11883029575420145, 0.949427576339357
0.11883029575420145, 0.949427576339357
0.11883029575420145, 0.949427576339357
0.11883029575420145, 0.949427576339357
0.11883029575420145, 0.949427576339357
0.11883029575420145, 0.949427576339357
0.12989388385734058, 0.038763552071308216
0.12989388385734058, 0.038763552071308216
0.12989388385734058, 0.038763552071308216
0.12989388385734058, 0.038763552071308216
0.12989388385734058, 0.038763552071308216
0.12989388385734058, 0.038763552071308216
0.12989388385734058, 0.038763552071308216
0.12989388385734058, 0.038763552071308216
0.12989388385734058, 0.038763552071308216
0.12989388385734058, 0.038763552071308216
0.3763272464487085, 0.16290287859964525
0.3763272464487085, 0.16290287859964525
0.3763272464487085, 0.16290287859964525
0.3763272464487085, 0.16290287859964525
0.3763272464487085, 0.16290287859964525
0.3763272464487085, 0.16290287859964525
0.3763272464487085, 0.16290287859964525
0.3763272464487085, 0.16290287859964525
0.3763272464487085, 0.16290287859964525
0.3763272464487085, 0.16290287859964525
0.5312218443402782, 0.9023798949970785
0.5312218443402782, 0.9023798949970785
0.5312218443402782, 0.9023798949970785
0.5312218443402782, 0.9023798949970785
0.5312218443402782, 0.9023798949970785
0.5312218443402782, 0.9023798949970785
0.5312218443402782, 0.9023798949970785
0.5312218443402782, 0.9023798949970785
0.5312218443402782, 0.9023798949970785
0.5312218443402782, 0.9023798949970785
0.3350133462659012, 0.6475505055100604
0.3350133462659012, 0.6475505055100604
0.3350133462659012, 0.6475505055100604
0.3350133462659012, 0.6475505055100604
0.3350133462659012, 0.6475505055100604
0.3350133462659012, 0.6475505055100604
0.3350133462659012, 0.6475505055100604
0.3350133462659012, 0.6475505055100604
0.3350133462659012, 0.6475505055100604
0.3350133462659012, 0.6475505055100604
0.7413056202152843, 0.8673298073748044
0.7413056202152843, 0.8673298073748044
0.7413056202152843, 0.8673298073748044
0.7413056202152843, 0.8673298073748044
0.7413056202152843, 0.8673298073748044
0.7413056202152843, 0.8673298073748044
0.7413056202152843, 0.8673298073748044
0.7413056202152843, 0.8673298073748044
0.7413056202152843, 0.8673298073748044
0.7413056202152843, 0.8673298073748044
0.28144211803784736, 0.34701112607749707
0.28144211803784736, 0.34701112607749707
0.28144211803784736, 0.34701112607749707
0.28144211803784736, 0.34701112607749707
0.28144211803784736, 0.34701112607749707
0.28144211803784736, 0.34701112607749707
0.28144211803784736, 0.34701112607749707
0.28144211803784736, 0.34701112607749707
0.28144211803784736, 0.34701112607749707
0.28144211803784736, 0.34701112607749707
0.25765410585120696, 0.2334780468986929
0.25765410585120696, 0.2334780468986929
0.25765410585120696, 0.2334780468986929
0.25765410585120696, 0.2334780468986929
0.25765410585120696, 0.2334780468986929
0.25765410585120696, 0.2334780468986929
0.25765410585120696, 0.2334780468986929
0.25765410585120696, 0.2334780468986929
0.25765410585120696, 0.2334780468986929
0.25765410585120696, 0.2334780468986929
