0.001
0.43372868956920985, 0.6695632348160143
0.961162749353054, 0.5697301010253029
0.4960533559297997, 0.5210714808444709
0.003474346539415918, 0.716451572230337
0.6806344669241268, 0.3563667512920483
0.28965407544841293, 0.7144213171151333
0.09440257143778608, 0.8013952448618751
0.6176773935241286, 0.9181607129430708
0.49706690450164737, 0.6917002194766761
0.9201387357356342, 0.021864346977012783
0.1221101245348244, 0.06675018043291747
0.4589179598363553, 0.4220349727851118
0.5309718231480882, 0.26025413100312367
0.18557831357005938, 0.1474894678631492
0.6200145500446427, 0.28567852782767844
0.8387721207580825, 0.7087141270929758
0.01619795522001799, 0.8919648540613991
