1e-05
0.7221594378488071, 0.7931374669155207
0.7221594378488071, 0.7931374669155207
0.7221594378488071, 0.7931374669155207
0.7221594378488071, 0.7931374669155207
0.7221594378488071, 0.7931374669155207
0.7221594378488071, 0.7931374669155207
0.7221594378488071, 0.7931374669155207
0.7221594378488071, 0.7931374669155207
0.7221594378488071, 0.7931374669155207
0.7221594378488071, 0.7931374669155207
0.8012404122765265, 0.796160578417299
0.8012404122765265, 0.796160578417299
0.8012404122765265, 0.796160578417299
0.8012404122765265, 0.796160578417299
0.8012404122765265, 0.796160578417299
0.8012404122765265, 0.796160578417299
0.8012404122765265, 0.796160578417299
0.8012404122765265, 0.796160578417299
0.8012404122765265, 0.796160578417299
0.8012404122765265, 0.796160578417299
0.46157315549467615, 0.3006284303847746
0.46157315549467615, 0.3006284303847746
0.46157315549467615, 0.3006284303847746
0.46157315549467615, 0.3006284303847746
0.46157315549467615, 0.3006284303847746
0.46157315549467615, 0.3006284303847746
0.46157315549467615, 0.3006284303847746
0.46157315549467615, 0.3006284303847746
0.46157315549467615, 0.3006284303847746
0.46157315549467615, 0.3006284303847746
0.536831152770417, 0.23827325572329483
0.536831152770417, 0.23827325572329483
0.536831152770417, 0.23827325572329483
0.536831152770417, 0.23827325572329483
0.536831152770417, 0.23827325572329483
0.536831152770417, 0.23827325572329483
0.536831152770417, 0.23827325572329483
0.536831152770417, 0.23827325572329483
0.536831152770417, 0.23827325572329483
0.536831152770417, 0.23827325572329483
0.48065412062736534, 0.747371769258103
0.48065412062736534, 0.747371769258103
0.48065412062736534, 0.747371769258103
0.48065412062736534, 0.747371769258103
0.48065412062736534, 0.747371769258103
0.48065412062736534, 0.747371769258103
0.48065412062736534, 0.747371769258103
0.48065412062736534, 0.747371769258103
0.48065412062736534, 0.747371769258103
0.48065412062736534, 0.747371769258103
0.725439887541477, 0.9610784188660875
0.725439887541477, 0.9610784188660875
0.725439887541477, 0.9610784188660875
0.725439887541477, 0.9610784188660875
0.725439887541477, 0.9610784188660875
0.725439887541477, 0.9610784188660875
0.725439887541477, 0.9610784188660875
0.725439887541477, 0.9610784188660875
0.725439887541477, 0.9610784188660875
0.725439887541477, 0.9610784188660875
0.8534734709759506, 0.39648627721830665
0.8534734709759506, 0.39648627721830665
0.8534734709759506, 0.39648627721830665
0.8534734709759506, 0.39648627721830665
0.8534734709759506, 0.39648627721830665
0.8534734709759506, 0.39648627721830665
0.8534734709759506, 0.39648627721830665
0.8534734709759506, 0.39648627721830665
0.8534734709759506, 0.39648627721830665
0.8534734709759506, 0.39648627721830665
0.15396654314248637, 0.8677090730516228
0.15396654314248637, 0.8677090730516228
0.15396654314248637, 0.8677090730516228
0.15396654314248637, 0.8677090730516228
0.15396654314248637, 0.8677090730516228
0.15396654314248637, 0.8677090730516228
0.15396654314248637, 0.8677090730516228
0.15396654314248637, 0.8677090730516228
0.15396654314248637, 0.8677090730516228
0.15396654314248637, 0.8677090730516228
0.7356727449976393, 0.48992108040883775
0.7356727449976393, 0.48992108040883775
0.7356727449976393, 0.48992108040883775
0.7356727449976393, 0.48992108040883775
0.7356727449976393, 0.48992108040883775
0.7356727449976393, 0.48992108040883775
0.7356727449976393, 0.48992108040883775
0.7356727449976393, 0.48992108040883775
0.7356727449976393, 0.48992108040883775
0.7356727449976393, 0.48992108040883775
0.8444580491762547, 0.7378222213343691
0.8444580491762547, 0.7378222213343691
0.8444580491762547, 0.7378222213343691
0.8444580491762547, 0.7378222213343691
0.8444580491762547, 0.7378222213343691
0.8444580491762547, 0.7378222213343691
0.8444580491762547, 0.7378222213343691
0.8444580491762547, 0.7378222213343691
0.8444580491762547, 0.7378222213343691
0.8444580491762547, 0.7378222213343691
