1e-05
0.8883079118537381, 0.7537652680829698
0.8883079118537381, 0.7537652680829698
0.8883079118537381, 0.7537652680829698
0.8883079118537381, 0.7537652680829698
0.8883079118537381, 0.7537652680829698
0.8883079118537381, 0.7537652680829698
0.8883079118537381, 0.7537652680829698
0.8883079118537381, 0.7537652680829698
0.8883079118537381, 0.7537652680829698
0.8883079118537381, 0.7537652680829698
0.4677396897896464, 0.744136245179423
0.4677396897896464, 0.744136245179423
0.4677396897896464, 0.744136245179423
0.4677396897896464, 0.744136245179423
0.4677396897896464, 0.744136245179423
0.4677396897896464, 0.744136245179423
0.4677396897896464, 0.744136245179423
0.4677396897896464, 0.744136245179423
0.4677396897896464, 0.744136245179423
0.4677396897896464, 0.744136245179423
0.12762233033347148, 0.41503301290669037
0.12762233033347148, 0.41503301290669037
0.12762233033347148, 0.41503301290669037
0.12762233033347148, 0.41503301290669037
0.12762233033347148, 0.41503301290669037
0.12762233033347148, 0.41503301290669037
0.12762233033347148, 0.41503301290669037
0.12762233033347148, 0.41503301290669037
0.12762233033347148, 0.41503301290669037
0.12762233033347148, 0.41503301290669037
0.8001001723674768, 0.21985631987716991
0.8001001723674768, 0.21985631987716991
0.8001001723674768, 0.21985631987716991
0.8001001723674768, 0.21985631987716991
0.8001001723674768, 0.21985631987716991
0.8001001723674768, 0.21985631987716991
0.8001001723674768, 0.21985631987716991
0.8001001723674768, 0.21985631987716991
0.8001001723674768, 0.21985631987716991
0.8001001723674768, 0.21985631987716991
0.2900492932139347, 0.813426273576783
0.2900492932139347, 0.813426273576783
0.2900492932139347, 0.813426273576783
0.2900492932139347, 0.813426273576783
0.2900492932139347, 0.813426273576783
0.2900492932139347, 0.813426273576783
0.2900492932139347, 0.813426273576783
0.2900492932139347, 0.813426273576783
0.2900492932139347, 0.813426273576783
0.2900492932139347, 0.813426273576783
0.345551583797305, 0.9548179265482927
0.345551583797305, 0.9548179265482927
0.345551583797305, 0.9548179265482927
0.345551583797305, 0.9548179265482927
0.345551583797305, 0.9548179265482927
0.345551583797305, 0.9548179265482927
0.345551583797305, 0.9548179265482927
0.345551583797305, 0.9548179265482927
0.345551583797305, 0.9548179265482927
0.345551583797305, 0.9548179265482927
0.57124201124459, 0.3707298880414094
0.57124201124459, 0.3707298880414094
0.57124201124459, 0.3707298880414094
0.57124201124459, 0.3707298880414094
0.57124201124459, 0.3707298880414094
0.57124201124459, 0.3707298880414094
0.57124201124459, 0.3707298880414094
0.57124201124459, 0.3707298880414094
0.57124201124459, 0.3707298880414094
0.57124201124459, 0.3707298880414094
0.21545902387647453, 0.4399605554287712
0.21545902387647453, 0.4399605554287712
0.21545902387647453, 0.4399605554287712
0.21545902387647453, 0.4399605554287712
0.21545902387647453, 0.4399605554287712
0.21545902387647453, 0.4399605554287712
0.21545902387647453, 0.4399605554287712
0.21545902387647453, 0.4399605554287712
0.21545902387647453, 0.4399605554287712
0.21545902387647453, 0.4399605554287712
0.046699583537567646, 0.3529922325917185
0.046699583537567646, 0.3529922325917185
0.046699583537567646, 0.3529922325917185
0.046699583537567646, 0.3529922325917185
0.046699583537567646, 0.3529922325917185
0.046699583537567646, 0.3529922325917185
0.046699583537567646, 0.3529922325917185
0.046699583537567646, 0.3529922325917185
0.046699583537567646, 0.3529922325917185
0.046699583537567646, 0.3529922325917185
0.6883807486324162, 0.3001084923491032
0.6883807486324162, 0.3001084923491032
0.6883807486324162, 0.3001084923491032
0.6883807486324162, 0.3001084923491032
0.6883807486324162, 0.3001084923491032
0.6883807486324162, 0.3001084923491032
0.6883807486324162, 0.3001084923491032
0.6883807486324162, 0.3001084923491032
0.6883807486324162, 0.3001084923491032
0.6883807486324162, 0.3001084923491032
