1e-05
0.1183651432448446, 0.7371303713323305
0.1183651432448446, 0.7371303713323305
0.1183651432448446, 0.7371303713323305
0.1183651432448446, 0.7371303713323305
0.1183651432448446, 0.7371303713323305
0.1183651432448446, 0.7371303713323305
0.1183651432448446, 0.7371303713323305
0.1183651432448446, 0.7371303713323305
0.1183651432448446, 0.7371303713323305
0.1183651432448446, 0.7371303713323305
0.3873325697756643, 0.9847953630566598
0.3873325697756643, 0.9847953630566598
0.3873325697756643, 0.9847953630566598
0.3873325697756643, 0.9847953630566598
0.3873325697756643, 0.9847953630566598
0.3873325697756643, 0.9847953630566598
0.3873325697756643, 0.9847953630566598
0.3873325697756643, 0.9847953630566598
0.3873325697756643, 0.9847953630566598
0.3873325697756643, 0.9847953630566598
0.2709247375736378, 0.987207288707906
0.2709247375736378, 0.987207288707906
0.2709247375736378, 0.987207288707906
0.2709247375736378, 0.987207288707906
0.2709247375736378, 0.987207288707906
0.2709247375736378, 0.987207288707906
0.2709247375736378, 0.987207288707906
0.2709247375736378, 0.987207288707906
0.2709247375736378, 0.987207288707906
0.2709247375736378, 0.987207288707906
0.9969945028325283, 0.10120682181071872
0.9969945028325283, 0.10120682181071872
0.9969945028325283, 0.10120682181071872
0.9969945028325283, 0.10120682181071872
0.9969945028325283, 0.10120682181071872
0.9969945028325283, 0.10120682181071872
0.9969945028325283, 0.10120682181071872
0.9969945028325283, 0.10120682181071872
0.9969945028325283, 0.10120682181071872
0.9969945028325283, 0.10120682181071872
0.45043291653225503, 0.41846867924261
0.45043291653225503, 0.41846867924261
0.45043291653225503, 0.41846867924261
0.45043291653225503, 0.41846867924261
0.45043291653225503, 0.41846867924261
0.45043291653225503, 0.41846867924261
0.45043291653225503, 0.41846867924261
0.45043291653225503, 0.41846867924261
0.45043291653225503, 0.41846867924261
0.45043291653225503, 0.41846867924261
0.17247655317025923, 0.4727476989637842
0.17247655317025923, 0.4727476989637842
0.17247655317025923, 0.4727476989637842
0.17247655317025923, 0.4727476989637842
0.17247655317025923, 0.4727476989637842
0.17247655317025923, 0.4727476989637842
0.17247655317025923, 0.4727476989637842
0.17247655317025923, 0.4727476989637842
0.17247655317025923, 0.4727476989637842
0.17247655317025923, 0.4727476989637842
0.19405001215993922, 0.43416310668422997
0.19405001215993922, 0.43416310668422997
0.19405001215993922, 0.43416310668422997
0.19405001215993922, 0.43416310668422997
0.19405001215993922, 0.43416310668422997
0.19405001215993922, 0.43416310668422997
0.19405001215993922, 0.43416310668422997
0.19405001215993922, 0.43416310668422997
0.19405001215993922, 0.43416310668422997
0.19405001215993922, 0.43416310668422997
0.41591993044698605, 0.4810858439574558
0.41591993044698605, 0.4810858439574558
0.41591993044698605, 0.4810858439574558
0.41591993044698605, 0.4810858439574558
0.41591993044698605, 0.4810858439574558
0.41591993044698605, 0.4810858439574558
0.41591993044698605, 0.4810858439574558
0.41591993044698605, 0.4810858439574558
0.41591993044698605, 0.4810858439574558
0.41591993044698605, 0.4810858439574558
0.4323703471497444, 0.9065098155762188
0.4323703471497444, 0.9065098155762188
0.4323703471497444, 0.9065098155762188
0.4323703471497444, 0.9065098155762188
0.4323703471497444, 0.9065098155762188
0.4323703471497444, 0.9065098155762188
0.4323703471497444, 0.9065098155762188
0.4323703471497444, 0.9065098155762188
0.4323703471497444, 0.9065098155762188
0.4323703471497444, 0.9065098155762188
0.9509697894560714, 0.9995133823468686
0.9509697894560714, 0.9995133823468686
0.9509697894560714, 0.9995133823468686
0.9509697894560714, 0.9995133823468686
0.9509697894560714, 0.9995133823468686
0.9509697894560714, 0.9995133823468686
0.9509697894560714, 0.9995133823468686
0.9509697894560714, 0.9995133823468686
0.9509697894560714, 0.9995133823468686
0.9509697894560714, 0.9995133823468686
