0.001
0.19488669852248108, 0.40036964352361903
0.47243952322746574, 0.008351298217427083
0.5593675831718662, 0.962311140534447
0.5939374016447465, 0.7307827457374751
0.8901601022196199, 0.6712698725152769
0.09389413969240978, 0.5955195849187455
0.40255289695577967, 0.6963848945839723
0.015772071776496976, 0.5260664942256299
0.9163244990398998, 0.2785838650458562
0.4131968900582954, 0.5633514028854711
0.4974254290324268, 0.5559057453245079
0.12060518267009002, 0.6350839777977502
0.39841101193178197, 0.9843601521789807
0.3674757030541457, 0.5080157454826293
0.19345026323169445, 0.34158592440828095
0.6147571972387881, 0.21792764379558316
0.2433088900174355, 0.3766189781256679
