1e-05
0.09019168111319298, 0.684121134415977
0.09019168111319298, 0.684121134415977
0.09019168111319298, 0.684121134415977
0.09019168111319298, 0.684121134415977
0.09019168111319298, 0.684121134415977
0.09019168111319298, 0.684121134415977
0.09019168111319298, 0.684121134415977
0.09019168111319298, 0.684121134415977
0.09019168111319298, 0.684121134415977
0.09019168111319298, 0.684121134415977
0.4100290603540212, 0.2386816070240808
0.4100290603540212, 0.2386816070240808
0.4100290603540212, 0.2386816070240808
0.4100290603540212, 0.2386816070240808
0.4100290603540212, 0.2386816070240808
0.4100290603540212, 0.2386816070240808
0.4100290603540212, 0.2386816070240808
0.4100290603540212, 0.2386816070240808
0.4100290603540212, 0.2386816070240808
0.4100290603540212, 0.2386816070240808
0.7122958133793245, 0.43168521571089613
0.7122958133793245, 0.43168521571089613
0.7122958133793245, 0.43168521571089613
0.7122958133793245, 0.43168521571089613
0.7122958133793245, 0.43168521571089613
0.7122958133793245, 0.43168521571089613
0.7122958133793245, 0.43168521571089613
0.7122958133793245, 0.43168521571089613
0.7122958133793245, 0.43168521571089613
0.7122958133793245, 0.43168521571089613
0.16543142840378544, 0.9283619624320696
0.16543142840378544, 0.9283619624320696
0.16543142840378544, 0.9283619624320696
0.16543142840378544, 0.9283619624320696
0.16543142840378544, 0.9283619624320696
0.16543142840378544, 0.9283619624320696
0.16543142840378544, 0.9283619624320696
0.16543142840378544, 0.9283619624320696
0.16543142840378544, 0.9283619624320696
0.16543142840378544, 0.9283619624320696
0.2836832383710739, 0.2180288352951123
0.2836832383710739, 0.2180288352951123
0.2836832383710739, 0.2180288352951123
0.2836832383710739, 0.2180288352951123
0.2836832383710739, 0.2180288352951123
0.2836832383710739, 0.2180288352951123
0.2836832383710739, 0.2180288352951123
0.2836832383710739, 0.2180288352951123
0.2836832383710739, 0.2180288352951123
0.2836832383710739, 0.2180288352951123
0.900639233100576, 0.23463017518934093
0.900639233100576, 0.23463017518934093
0.900639233100576, 0.23463017518934093
0.900639233100576, 0.23463017518934093
0.900639233100576, 0.23463017518934093
0.900639233100576, 0.23463017518934093
0.900639233100576, 0.23463017518934093
0.900639233100576, 0.23463017518934093
0.900639233100576, 0.23463017518934093
0.900639233100576, 0.23463017518934093
0.07681313564967462, 0.6028592749677444
0.07681313564967462, 0.6028592749677444
0.07681313564967462, 0.6028592749677444
0.07681313564967462, 0.6028592749677444
0.07681313564967462, 0.6028592749677444
0.07681313564967462, 0.6028592749677444
0.07681313564967462, 0.6028592749677444
0.07681313564967462, 0.6028592749677444
0.07681313564967462, 0.6028592749677444
0.07681313564967462, 0.6028592749677444
0.11868077470342286, 0.1959414451394632
0.11868077470342286, 0.1959414451394632
0.11868077470342286, 0.1959414451394632
0.11868077470342286, 0.1959414451394632
0.11868077470342286, 0.1959414451394632
0.11868077470342286, 0.1959414451394632
0.11868077470342286, 0.1959414451394632
0.11868077470342286, 0.1959414451394632
0.11868077470342286, 0.1959414451394632
0.11868077470342286, 0.1959414451394632
0.2747102641473025, 0.07135136874987646
0.2747102641473025, 0.07135136874987646
0.2747102641473025, 0.07135136874987646
0.2747102641473025, 0.07135136874987646
0.2747102641473025, 0.07135136874987646
0.2747102641473025, 0.07135136874987646
0.2747102641473025, 0.07135136874987646
0.2747102641473025, 0.07135136874987646
0.2747102641473025, 0.07135136874987646
0.2747102641473025, 0.07135136874987646
0.9478749065186437, 0.2660480169920837
0.9478749065186437, 0.2660480169920837
0.9478749065186437, 0.2660480169920837
0.9478749065186437, 0.2660480169920837
0.9478749065186437, 0.2660480169920837
0.9478749065186437, 0.2660480169920837
0.9478749065186437, 0.2660480169920837
0.9478749065186437, 0.2660480169920837
0.9478749065186437, 0.2660480169920837
0.9478749065186437, 0.2660480169920837
