1e-05
0.0336417773068155, 0.2514584122501615
0.0336417773068155, 0.2514584122501615
0.0336417773068155, 0.2514584122501615
0.0336417773068155, 0.2514584122501615
0.0336417773068155, 0.2514584122501615
0.0336417773068155, 0.2514584122501615
0.0336417773068155, 0.2514584122501615
0.0336417773068155, 0.2514584122501615
0.0336417773068155, 0.2514584122501615
0.0336417773068155, 0.2514584122501615
0.1307028553474341, 0.5735664939666678
0.1307028553474341, 0.5735664939666678
0.1307028553474341, 0.5735664939666678
0.1307028553474341, 0.5735664939666678
0.1307028553474341, 0.5735664939666678
0.1307028553474341, 0.5735664939666678
0.1307028553474341, 0.5735664939666678
0.1307028553474341, 0.5735664939666678
0.1307028553474341, 0.5735664939666678
0.1307028553474341, 0.5735664939666678
0.7993231354875383, 0.8915813209068539
0.7993231354875383, 0.8915813209068539
0.7993231354875383, 0.8915813209068539
0.7993231354875383, 0.8915813209068539
0.7993231354875383, 0.8915813209068539
0.7993231354875383, 0.8915813209068539
0.7993231354875383, 0.8915813209068539
0.7993231354875383, 0.8915813209068539
0.7993231354875383, 0.8915813209068539
0.7993231354875383, 0.8915813209068539
0.9645540523461307, 0.6866897244108154
0.9645540523461307, 0.6866897244108154
0.9645540523461307, 0.6866897244108154
0.9645540523461307, 0.6866897244108154
0.9645540523461307, 0.6866897244108154
0.9645540523461307, 0.6866897244108154
0.9645540523461307, 0.6866897244108154
0.9645540523461307, 0.6866897244108154
0.9645540523461307, 0.6866897244108154
0.9645540523461307, 0.6866897244108154
0.5553845545237287, 0.2314073830012403
0.5553845545237287, 0.2314073830012403
0.5553845545237287, 0.2314073830012403
0.5553845545237287, 0.2314073830012403
0.5553845545237287, 0.2314073830012403
0.5553845545237287, 0.2314073830012403
0.5553845545237287, 0.2314073830012403
0.5553845545237287, 0.2314073830012403
0.5553845545237287, 0.2314073830012403
0.5553845545237287, 0.2314073830012403
0.430652551851766, 0.9693064913663898
0.430652551851766, 0.9693064913663898
0.430652551851766, 0.9693064913663898
0.430652551851766, 0.9693064913663898
0.430652551851766, 0.9693064913663898
0.430652551851766, 0.9693064913663898
0.430652551851766, 0.9693064913663898
0.430652551851766, 0.9693064913663898
0.430652551851766, 0.9693064913663898
0.430652551851766, 0.9693064913663898
0.36249594434613763, 0.03800879076179142
0.36249594434613763, 0.03800879076179142
0.36249594434613763, 0.03800879076179142
0.36249594434613763, 0.03800879076179142
0.36249594434613763, 0.03800879076179142
0.36249594434613763, 0.03800879076179142
0.36249594434613763, 0.03800879076179142
0.36249594434613763, 0.03800879076179142
0.36249594434613763, 0.03800879076179142
0.36249594434613763, 0.03800879076179142
0.38037972807410503, 0.4304971922796603
0.38037972807410503, 0.4304971922796603
0.38037972807410503, 0.4304971922796603
0.38037972807410503, 0.4304971922796603
0.38037972807410503, 0.4304971922796603
0.38037972807410503, 0.4304971922796603
0.38037972807410503, 0.4304971922796603
0.38037972807410503, 0.4304971922796603
0.38037972807410503, 0.4304971922796603
0.38037972807410503, 0.4304971922796603
0.06863930808638763, 0.7069296595617963
0.06863930808638763, 0.7069296595617963
0.06863930808638763, 0.7069296595617963
0.06863930808638763, 0.7069296595617963
0.06863930808638763, 0.7069296595617963
0.06863930808638763, 0.7069296595617963
0.06863930808638763, 0.7069296595617963
0.06863930808638763, 0.7069296595617963
0.06863930808638763, 0.7069296595617963
0.06863930808638763, 0.7069296595617963
0.4372216470817495, 0.9820980305604923
0.4372216470817495, 0.9820980305604923
0.4372216470817495, 0.9820980305604923
0.4372216470817495, 0.9820980305604923
0.4372216470817495, 0.9820980305604923
0.4372216470817495, 0.9820980305604923
0.4372216470817495, 0.9820980305604923
0.4372216470817495, 0.9820980305604923
0.4372216470817495, 0.9820980305604923
0.4372216470817495, 0.9820980305604923
