1e-05
0.629598046727074, 0.3381309634387626
0.629598046727074, 0.3381309634387626
0.629598046727074, 0.3381309634387626
0.629598046727074, 0.3381309634387626
0.629598046727074, 0.3381309634387626
0.629598046727074, 0.3381309634387626
0.629598046727074, 0.3381309634387626
0.629598046727074, 0.3381309634387626
0.629598046727074, 0.3381309634387626
0.629598046727074, 0.3381309634387626
0.5996861895512426, 0.31334748229127585
0.5996861895512426, 0.31334748229127585
0.5996861895512426, 0.31334748229127585
0.5996861895512426, 0.31334748229127585
0.5996861895512426, 0.31334748229127585
0.5996861895512426, 0.31334748229127585
0.5996861895512426, 0.31334748229127585
0.5996861895512426, 0.31334748229127585
0.5996861895512426, 0.31334748229127585
0.5996861895512426, 0.31334748229127585
0.5269485445436976, 0.16392459730554965
0.5269485445436976, 0.16392459730554965
0.5269485445436976, 0.16392459730554965
0.5269485445436976, 0.16392459730554965
0.5269485445436976, 0.16392459730554965
0.5269485445436976, 0.16392459730554965
0.5269485445436976, 0.16392459730554965
0.5269485445436976, 0.16392459730554965
0.5269485445436976, 0.16392459730554965
0.5269485445436976, 0.16392459730554965
0.6365930527927167, 0.301661458439365
0.6365930527927167, 0.301661458439365
0.6365930527927167, 0.301661458439365
0.6365930527927167, 0.301661458439365
0.6365930527927167, 0.301661458439365
0.6365930527927167, 0.301661458439365
0.6365930527927167, 0.301661458439365
0.6365930527927167, 0.301661458439365
0.6365930527927167, 0.301661458439365
0.6365930527927167, 0.301661458439365
0.20701188750133737, 0.6478733720179893
0.20701188750133737, 0.6478733720179893
0.20701188750133737, 0.6478733720179893
0.20701188750133737, 0.6478733720179893
0.20701188750133737, 0.6478733720179893
0.20701188750133737, 0.6478733720179893
0.20701188750133737, 0.6478733720179893
0.20701188750133737, 0.6478733720179893
0.20701188750133737, 0.6478733720179893
0.20701188750133737, 0.6478733720179893
0.3360590297323618, 0.43248209669103876
0.3360590297323618, 0.43248209669103876
0.3360590297323618, 0.43248209669103876
0.3360590297323618, 0.43248209669103876
0.3360590297323618, 0.43248209669103876
0.3360590297323618, 0.43248209669103876
0.3360590297323618, 0.43248209669103876
0.3360590297323618, 0.43248209669103876
0.3360590297323618, 0.43248209669103876
0.3360590297323618, 0.43248209669103876
0.11798911173066673, 0.1571813387878045
0.11798911173066673, 0.1571813387878045
0.11798911173066673, 0.1571813387878045
0.11798911173066673, 0.1571813387878045
0.11798911173066673, 0.1571813387878045
0.11798911173066673, 0.1571813387878045
0.11798911173066673, 0.1571813387878045
0.11798911173066673, 0.1571813387878045
0.11798911173066673, 0.1571813387878045
0.11798911173066673, 0.1571813387878045
0.09319274896581842, 0.10991173194613135
0.09319274896581842, 0.10991173194613135
0.09319274896581842, 0.10991173194613135
0.09319274896581842, 0.10991173194613135
0.09319274896581842, 0.10991173194613135
0.09319274896581842, 0.10991173194613135
0.09319274896581842, 0.10991173194613135
0.09319274896581842, 0.10991173194613135
0.09319274896581842, 0.10991173194613135
0.09319274896581842, 0.10991173194613135
0.5602911141156618, 0.47534626055662366
0.5602911141156618, 0.47534626055662366
0.5602911141156618, 0.47534626055662366
0.5602911141156618, 0.47534626055662366
0.5602911141156618, 0.47534626055662366
0.5602911141156618, 0.47534626055662366
0.5602911141156618, 0.47534626055662366
0.5602911141156618, 0.47534626055662366
0.5602911141156618, 0.47534626055662366
0.5602911141156618, 0.47534626055662366
0.13403355309737996, 0.02079475338805581
0.13403355309737996, 0.02079475338805581
0.13403355309737996, 0.02079475338805581
0.13403355309737996, 0.02079475338805581
0.13403355309737996, 0.02079475338805581
0.13403355309737996, 0.02079475338805581
0.13403355309737996, 0.02079475338805581
0.13403355309737996, 0.02079475338805581
0.13403355309737996, 0.02079475338805581
0.13403355309737996, 0.02079475338805581
