1e-05
0.22977762862497975, 0.5194668479702137
0.22977762862497975, 0.5194668479702137
0.22977762862497975, 0.5194668479702137
0.22977762862497975, 0.5194668479702137
0.22977762862497975, 0.5194668479702137
0.22977762862497975, 0.5194668479702137
0.22977762862497975, 0.5194668479702137
0.22977762862497975, 0.5194668479702137
0.22977762862497975, 0.5194668479702137
0.22977762862497975, 0.5194668479702137
0.2720005417964205, 0.8431468274948226
0.2720005417964205, 0.8431468274948226
0.2720005417964205, 0.8431468274948226
0.2720005417964205, 0.8431468274948226
0.2720005417964205, 0.8431468274948226
0.2720005417964205, 0.8431468274948226
0.2720005417964205, 0.8431468274948226
0.2720005417964205, 0.8431468274948226
0.2720005417964205, 0.8431468274948226
0.2720005417964205, 0.8431468274948226
0.321085772425288, 0.9580328011536305
0.321085772425288, 0.9580328011536305
0.321085772425288, 0.9580328011536305
0.321085772425288, 0.9580328011536305
0.321085772425288, 0.9580328011536305
0.321085772425288, 0.9580328011536305
0.321085772425288, 0.9580328011536305
0.321085772425288, 0.9580328011536305
0.321085772425288, 0.9580328011536305
0.321085772425288, 0.9580328011536305
0.8764328892094589, 0.21120718626659352
0.8764328892094589, 0.21120718626659352
0.8764328892094589, 0.21120718626659352
0.8764328892094589, 0.21120718626659352
0.8764328892094589, 0.21120718626659352
0.8764328892094589, 0.21120718626659352
0.8764328892094589, 0.21120718626659352
0.8764328892094589, 0.21120718626659352
0.8764328892094589, 0.21120718626659352
0.8764328892094589, 0.21120718626659352
0.7103097371831875, 0.7475580678965025
0.7103097371831875, 0.7475580678965025
0.7103097371831875, 0.7475580678965025
0.7103097371831875, 0.7475580678965025
0.7103097371831875, 0.7475580678965025
0.7103097371831875, 0.7475580678965025
0.7103097371831875, 0.7475580678965025
0.7103097371831875, 0.7475580678965025
0.7103097371831875, 0.7475580678965025
0.7103097371831875, 0.7475580678965025
0.69220654227639, 0.6720398433180484
0.69220654227639, 0.6720398433180484
0.69220654227639, 0.6720398433180484
0.69220654227639, 0.6720398433180484
0.69220654227639, 0.6720398433180484
0.69220654227639, 0.6720398433180484
0.69220654227639, 0.6720398433180484
0.69220654227639, 0.6720398433180484
0.69220654227639, 0.6720398433180484
0.69220654227639, 0.6720398433180484
0.1308500178765506, 0.5365301826330827
0.1308500178765506, 0.5365301826330827
0.1308500178765506, 0.5365301826330827
0.1308500178765506, 0.5365301826330827
0.1308500178765506, 0.5365301826330827
0.1308500178765506, 0.5365301826330827
0.1308500178765506, 0.5365301826330827
0.1308500178765506, 0.5365301826330827
0.1308500178765506, 0.5365301826330827
0.1308500178765506, 0.5365301826330827
0.7829339288246719, 0.4978391464121682
0.7829339288246719, 0.4978391464121682
0.7829339288246719, 0.4978391464121682
0.7829339288246719, 0.4978391464121682
0.7829339288246719, 0.4978391464121682
0.7829339288246719, 0.4978391464121682
0.7829339288246719, 0.4978391464121682
0.7829339288246719, 0.4978391464121682
0.7829339288246719, 0.4978391464121682
0.7829339288246719, 0.4978391464121682
0.8394451915232218, 0.587954360230329
0.8394451915232218, 0.587954360230329
0.8394451915232218, 0.587954360230329
0.8394451915232218, 0.587954360230329
0.8394451915232218, 0.587954360230329
0.8394451915232218, 0.587954360230329
0.8394451915232218, 0.587954360230329
0.8394451915232218, 0.587954360230329
0.8394451915232218, 0.587954360230329
0.8394451915232218, 0.587954360230329
0.13711987743264475, 0.9791684077486871
0.13711987743264475, 0.9791684077486871
0.13711987743264475, 0.9791684077486871
0.13711987743264475, 0.9791684077486871
0.13711987743264475, 0.9791684077486871
0.13711987743264475, 0.9791684077486871
0.13711987743264475, 0.9791684077486871
0.13711987743264475, 0.9791684077486871
0.13711987743264475, 0.9791684077486871
0.13711987743264475, 0.9791684077486871
