1e-05
0.3860522288131575, 0.9441646497792419
0.3860522288131575, 0.9441646497792419
0.3860522288131575, 0.9441646497792419
0.3860522288131575, 0.9441646497792419
0.3860522288131575, 0.9441646497792419
0.3860522288131575, 0.9441646497792419
0.3860522288131575, 0.9441646497792419
0.3860522288131575, 0.9441646497792419
0.3860522288131575, 0.9441646497792419
0.3860522288131575, 0.9441646497792419
0.6566252802373319, 0.7031763390880831
0.6566252802373319, 0.7031763390880831
0.6566252802373319, 0.7031763390880831
0.6566252802373319, 0.7031763390880831
0.6566252802373319, 0.7031763390880831
0.6566252802373319, 0.7031763390880831
0.6566252802373319, 0.7031763390880831
0.6566252802373319, 0.7031763390880831
0.6566252802373319, 0.7031763390880831
0.6566252802373319, 0.7031763390880831
0.5272518852753475, 0.7734412035832672
0.5272518852753475, 0.7734412035832672
0.5272518852753475, 0.7734412035832672
0.5272518852753475, 0.7734412035832672
0.5272518852753475, 0.7734412035832672
0.5272518852753475, 0.7734412035832672
0.5272518852753475, 0.7734412035832672
0.5272518852753475, 0.7734412035832672
0.5272518852753475, 0.7734412035832672
0.5272518852753475, 0.7734412035832672
0.5965786417400314, 0.1993329209910495
0.5965786417400314, 0.1993329209910495
0.5965786417400314, 0.1993329209910495
0.5965786417400314, 0.1993329209910495
0.5965786417400314, 0.1993329209910495
0.5965786417400314, 0.1993329209910495
0.5965786417400314, 0.1993329209910495
0.5965786417400314, 0.1993329209910495
0.5965786417400314, 0.1993329209910495
0.5965786417400314, 0.1993329209910495
0.4062173420400954, 0.2867023307494775
0.4062173420400954, 0.2867023307494775
0.4062173420400954, 0.2867023307494775
0.4062173420400954, 0.2867023307494775
0.4062173420400954, 0.2867023307494775
0.4062173420400954, 0.2867023307494775
0.4062173420400954, 0.2867023307494775
0.4062173420400954, 0.2867023307494775
0.4062173420400954, 0.2867023307494775
0.4062173420400954, 0.2867023307494775
0.021136434266962656, 0.6194272362750383
0.021136434266962656, 0.6194272362750383
0.021136434266962656, 0.6194272362750383
0.021136434266962656, 0.6194272362750383
0.021136434266962656, 0.6194272362750383
0.021136434266962656, 0.6194272362750383
0.021136434266962656, 0.6194272362750383
0.021136434266962656, 0.6194272362750383
0.021136434266962656, 0.6194272362750383
0.021136434266962656, 0.6194272362750383
0.5425130936764607, 0.38928364681361693
0.5425130936764607, 0.38928364681361693
0.5425130936764607, 0.38928364681361693
0.5425130936764607, 0.38928364681361693
0.5425130936764607, 0.38928364681361693
0.5425130936764607, 0.38928364681361693
0.5425130936764607, 0.38928364681361693
0.5425130936764607, 0.38928364681361693
0.5425130936764607, 0.38928364681361693
0.5425130936764607, 0.38928364681361693
0.38799969267896095, 0.19951894243553392
0.38799969267896095, 0.19951894243553392
0.38799969267896095, 0.19951894243553392
0.38799969267896095, 0.19951894243553392
0.38799969267896095, 0.19951894243553392
0.38799969267896095, 0.19951894243553392
0.38799969267896095, 0.19951894243553392
0.38799969267896095, 0.19951894243553392
0.38799969267896095, 0.19951894243553392
0.38799969267896095, 0.19951894243553392
0.18544978152874103, 0.4699753729671544
0.18544978152874103, 0.4699753729671544
0.18544978152874103, 0.4699753729671544
0.18544978152874103, 0.4699753729671544
0.18544978152874103, 0.4699753729671544
0.18544978152874103, 0.4699753729671544
0.18544978152874103, 0.4699753729671544
0.18544978152874103, 0.4699753729671544
0.18544978152874103, 0.4699753729671544
0.18544978152874103, 0.4699753729671544
0.8635092022450592, 0.131817199967322
0.8635092022450592, 0.131817199967322
0.8635092022450592, 0.131817199967322
0.8635092022450592, 0.131817199967322
0.8635092022450592, 0.131817199967322
0.8635092022450592, 0.131817199967322
0.8635092022450592, 0.131817199967322
0.8635092022450592, 0.131817199967322
0.8635092022450592, 0.131817199967322
0.8635092022450592, 0.131817199967322
