0.1
0.7475015587512428, 0.11266254063877212
0.05475040023422095, 0.3705033678796159
0.5604962837390027, 0.9653605652370923
0.5562910421308863, 0.6764124831842901
0.008255844469435947, 0.43387682427218865
0.30818352985302666, 0.4397210457494586
0.1725966843543476, 0.9650503912390518
0.8248328429459699, 0.6696276110811721
0.22363906060400485, 0.8084519444979116
0.36029608859487516, 0.5208510067361088
0.9586265792071644, 0.28266458934523153
0.5834564319686638, 0.6847894821515366
0.7199339157180384, 0.6942980350984285
0.5540431690884903, 0.9056169296139993
0.09946381928170833, 0.023261614851259993
0.7237992394082292, 0.7171508088420369
0.7423285830981542, 0.23675529736208734
0.23092218492139271, 0.9415625895525103
0.6362022594536262, 0.21588391775462779
0.022575329481809403, 0.33964314883499325
0.3684506729284045, 0.0027238398282806164
0.4914887575747192, 0.009156540462026075
0.5646973474946553, 0.7578369211398497
0.43495967863333773, 0.015917156222202133
0.18100783161589018, 0.09233523101411611
0.768407981087332, 0.20949332989529523
0.9247432837896724, 0.06534777551305782
0.169011951123601, 0.007739457949072492
0.5971298826052663, 0.5917717833100821
0.5268608858883038, 0.4555694981707835
0.6575825418178373, 0.07146493556605304
0.47041060651420774, 0.5697352296980057
0.7644688241672544, 0.9431080749046559
0.5121349531766205, 0.6642055548869624
0.9676715099544247, 0.38900738807095336
0.4886810347358541, 0.634098235037307
0.26066761530246263, 0.30515114992543124
0.06506389180750538, 0.846457844257261
0.09487231801743934, 0.8199329776366645
0.6909872437742302, 0.6893274171860394
0.6904972176828098, 0.8606662879369016
0.3186010954409779, 0.7500411056855512
0.17066350850094536, 0.8938493949244755
0.882020907535831, 0.8286842486054843
0.07283880525645181, 0.9153686109060666
0.47747747460282963, 0.22286179994201338
0.7899288231348357, 0.7547606481099439
0.9966880596555063, 0.44712224202664785
0.8510364082722918, 0.746125151597557
0.4136224310846135, 0.0719738578558562
0.2697672654097131, 0.14021077976183172
0.48957257469211934, 0.2896129581470118
0.12937009425039891, 0.232552044082024
0.9152981372408612, 0.26400386179158253
0.3027138926886883, 0.5437543280282272
0.06478608878224035, 0.6807384704625172
0.7556280188209321, 0.17708931715358855
0.3237517657759357, 0.3054930873021059
0.9359813130007065, 0.41489449411001755
0.07656113833460709, 0.6571979957510143
0.946402417238578, 0.201198392227538
0.24909346171069047, 0.8415916591140868
0.6294469803623313, 0.18985487395821732
0.043604590437042234, 0.1352719564990824
0.5728128255418797, 0.450944217916447
0.5836672121012118, 0.5357779982397488
0.9152938166166474, 0.028501466921278307
0.15037874537158447, 0.601968684904805
0.6410411922921692, 0.4404908174303366
0.24100290299740457, 0.996673636833915
0.4233893018040641, 0.8698292973854933
0.3437241175679696, 0.5642369680655628
0.8249232184172984, 0.8855416807318086
0.2448623914304735, 0.9451033047145295
0.15287573026150414, 0.4507365198223635
0.4977240639561068, 0.8166585207247505
0.23456037887757664, 0.8716883824490472
0.9403174649796783, 0.012249415600659841
0.5153532052878645, 0.81762667674585
0.1848556218377032, 0.6074715759660662
0.6064985171798009, 0.38283948590011074
0.9592912116011053, 0.7242435737920122
