0.001
0.12012853122547296, 0.6701188839977933
0.38650235444385317, 0.29005912180588544
0.3340844633659954, 0.46069168267515126
0.3451493339359917, 0.30567484818247526
0.662190119043555, 0.34176723274005205
0.8731824819566699, 0.3705937412530742
0.6340681395103014, 0.49226800212441324
0.7593478382753481, 0.18120660620193207
0.9309852567364363, 0.8006761600342226
0.6438544898772199, 0.09059972390533899
0.13147048868255884, 0.20329818868971627
0.8133247437706851, 0.4518156199017779
0.4989647936477557, 0.384388080087557
0.2935464013986875, 0.4717940901061718
0.6996819470452404, 0.451852990215459
0.8668382637297418, 0.8308756971220995
0.4158395464016501, 0.2557890203245511
