1e-05
0.5222736144274908, 0.49145089541340825
0.5222736144274908, 0.49145089541340825
0.5222736144274908, 0.49145089541340825
0.5222736144274908, 0.49145089541340825
0.5222736144274908, 0.49145089541340825
0.5222736144274908, 0.49145089541340825
0.5222736144274908, 0.49145089541340825
0.5222736144274908, 0.49145089541340825
0.5222736144274908, 0.49145089541340825
0.5222736144274908, 0.49145089541340825
0.3338126663156211, 0.8173821306478121
0.3338126663156211, 0.8173821306478121
0.3338126663156211, 0.8173821306478121
0.3338126663156211, 0.8173821306478121
0.3338126663156211, 0.8173821306478121
0.3338126663156211, 0.8173821306478121
0.3338126663156211, 0.8173821306478121
0.3338126663156211, 0.8173821306478121
0.3338126663156211, 0.8173821306478121
0.3338126663156211, 0.8173821306478121
0.8163353452746089, 0.20390453053559776
0.8163353452746089, 0.20390453053559776
0.8163353452746089, 0.20390453053559776
0.8163353452746089, 0.20390453053559776
0.8163353452746089, 0.20390453053559776
0.8163353452746089, 0.20390453053559776
0.8163353452746089, 0.20390453053559776
0.8163353452746089, 0.20390453053559776
0.8163353452746089, 0.20390453053559776
0.8163353452746089, 0.20390453053559776
0.6865489444024732, 0.5623863094163446
0.6865489444024732, 0.5623863094163446
0.6865489444024732, 0.5623863094163446
0.6865489444024732, 0.5623863094163446
0.6865489444024732, 0.5623863094163446
0.6865489444024732, 0.5623863094163446
0.6865489444024732, 0.5623863094163446
0.6865489444024732, 0.5623863094163446
0.6865489444024732, 0.5623863094163446
0.6865489444024732, 0.5623863094163446
0.8755671068712122, 0.6126135758539115
0.8755671068712122, 0.6126135758539115
0.8755671068712122, 0.6126135758539115
0.8755671068712122, 0.6126135758539115
0.8755671068712122, 0.6126135758539115
0.8755671068712122, 0.6126135758539115
0.8755671068712122, 0.6126135758539115
0.8755671068712122, 0.6126135758539115
0.8755671068712122, 0.6126135758539115
0.8755671068712122, 0.6126135758539115
0.3772669336734662, 0.3956363855857433
0.3772669336734662, 0.3956363855857433
0.3772669336734662, 0.3956363855857433
0.3772669336734662, 0.3956363855857433
0.3772669336734662, 0.3956363855857433
0.3772669336734662, 0.3956363855857433
0.3772669336734662, 0.3956363855857433
0.3772669336734662, 0.3956363855857433
0.3772669336734662, 0.3956363855857433
0.3772669336734662, 0.3956363855857433
0.47605087613137587, 0.0938678691215219
0.47605087613137587, 0.0938678691215219
0.47605087613137587, 0.0938678691215219
0.47605087613137587, 0.0938678691215219
0.47605087613137587, 0.0938678691215219
0.47605087613137587, 0.0938678691215219
0.47605087613137587, 0.0938678691215219
0.47605087613137587, 0.0938678691215219
0.47605087613137587, 0.0938678691215219
0.47605087613137587, 0.0938678691215219
0.8494287543444772, 0.31560064391250353
0.8494287543444772, 0.31560064391250353
0.8494287543444772, 0.31560064391250353
0.8494287543444772, 0.31560064391250353
0.8494287543444772, 0.31560064391250353
0.8494287543444772, 0.31560064391250353
0.8494287543444772, 0.31560064391250353
0.8494287543444772, 0.31560064391250353
0.8494287543444772, 0.31560064391250353
0.8494287543444772, 0.31560064391250353
0.7172968441631723, 0.743509792808401
0.7172968441631723, 0.743509792808401
0.7172968441631723, 0.743509792808401
0.7172968441631723, 0.743509792808401
0.7172968441631723, 0.743509792808401
0.7172968441631723, 0.743509792808401
0.7172968441631723, 0.743509792808401
0.7172968441631723, 0.743509792808401
0.7172968441631723, 0.743509792808401
0.7172968441631723, 0.743509792808401
0.4756726426944856, 0.37709319937465247
0.4756726426944856, 0.37709319937465247
0.4756726426944856, 0.37709319937465247
0.4756726426944856, 0.37709319937465247
0.4756726426944856, 0.37709319937465247
0.4756726426944856, 0.37709319937465247
0.4756726426944856, 0.37709319937465247
0.4756726426944856, 0.37709319937465247
0.4756726426944856, 0.37709319937465247
0.4756726426944856, 0.37709319937465247
