1e-05
0.9989326965579032, 0.1164352630707185
0.9989326965579032, 0.1164352630707185
0.9989326965579032, 0.1164352630707185
0.9989326965579032, 0.1164352630707185
0.9989326965579032, 0.1164352630707185
0.9989326965579032, 0.1164352630707185
0.9989326965579032, 0.1164352630707185
0.9989326965579032, 0.1164352630707185
0.9989326965579032, 0.1164352630707185
0.9989326965579032, 0.1164352630707185
0.3674875792321025, 0.00967245522054283
0.3674875792321025, 0.00967245522054283
0.3674875792321025, 0.00967245522054283
0.3674875792321025, 0.00967245522054283
0.3674875792321025, 0.00967245522054283
0.3674875792321025, 0.00967245522054283
0.3674875792321025, 0.00967245522054283
0.3674875792321025, 0.00967245522054283
0.3674875792321025, 0.00967245522054283
0.3674875792321025, 0.00967245522054283
0.9152243950836224, 0.26500686088967507
0.9152243950836224, 0.26500686088967507
0.9152243950836224, 0.26500686088967507
0.9152243950836224, 0.26500686088967507
0.9152243950836224, 0.26500686088967507
0.9152243950836224, 0.26500686088967507
0.9152243950836224, 0.26500686088967507
0.9152243950836224, 0.26500686088967507
0.9152243950836224, 0.26500686088967507
0.9152243950836224, 0.26500686088967507
0.6277957170100349, 0.35519643104754806
0.6277957170100349, 0.35519643104754806
0.6277957170100349, 0.35519643104754806
0.6277957170100349, 0.35519643104754806
0.6277957170100349, 0.35519643104754806
0.6277957170100349, 0.35519643104754806
0.6277957170100349, 0.35519643104754806
0.6277957170100349, 0.35519643104754806
0.6277957170100349, 0.35519643104754806
0.6277957170100349, 0.35519643104754806
0.34161065385397704, 0.656803425437873
0.34161065385397704, 0.656803425437873
0.34161065385397704, 0.656803425437873
0.34161065385397704, 0.656803425437873
0.34161065385397704, 0.656803425437873
0.34161065385397704, 0.656803425437873
0.34161065385397704, 0.656803425437873
0.34161065385397704, 0.656803425437873
0.34161065385397704, 0.656803425437873
0.34161065385397704, 0.656803425437873
0.6626604566133496, 0.03900807866038147
0.6626604566133496, 0.03900807866038147
0.6626604566133496, 0.03900807866038147
0.6626604566133496, 0.03900807866038147
0.6626604566133496, 0.03900807866038147
0.6626604566133496, 0.03900807866038147
0.6626604566133496, 0.03900807866038147
0.6626604566133496, 0.03900807866038147
0.6626604566133496, 0.03900807866038147
0.6626604566133496, 0.03900807866038147
0.33524918460816244, 0.004583810440514258
0.33524918460816244, 0.004583810440514258
0.33524918460816244, 0.004583810440514258
0.33524918460816244, 0.004583810440514258
0.33524918460816244, 0.004583810440514258
0.33524918460816244, 0.004583810440514258
0.33524918460816244, 0.004583810440514258
0.33524918460816244, 0.004583810440514258
0.33524918460816244, 0.004583810440514258
0.33524918460816244, 0.004583810440514258
0.018009770910851763, 0.30309638990099863
0.018009770910851763, 0.30309638990099863
0.018009770910851763, 0.30309638990099863
0.018009770910851763, 0.30309638990099863
0.018009770910851763, 0.30309638990099863
0.018009770910851763, 0.30309638990099863
0.018009770910851763, 0.30309638990099863
0.018009770910851763, 0.30309638990099863
0.018009770910851763, 0.30309638990099863
0.018009770910851763, 0.30309638990099863
0.34478136117162717, 0.6549040909799954
0.34478136117162717, 0.6549040909799954
0.34478136117162717, 0.6549040909799954
0.34478136117162717, 0.6549040909799954
0.34478136117162717, 0.6549040909799954
0.34478136117162717, 0.6549040909799954
0.34478136117162717, 0.6549040909799954
0.34478136117162717, 0.6549040909799954
0.34478136117162717, 0.6549040909799954
0.34478136117162717, 0.6549040909799954
0.4175126964650019, 0.6465984303225363
0.4175126964650019, 0.6465984303225363
0.4175126964650019, 0.6465984303225363
0.4175126964650019, 0.6465984303225363
0.4175126964650019, 0.6465984303225363
0.4175126964650019, 0.6465984303225363
0.4175126964650019, 0.6465984303225363
0.4175126964650019, 0.6465984303225363
0.4175126964650019, 0.6465984303225363
0.4175126964650019, 0.6465984303225363
