1e-05
0.9813034339120131, 0.2464793012150086
0.9813034339120131, 0.2464793012150086
0.9813034339120131, 0.2464793012150086
0.9813034339120131, 0.2464793012150086
0.9813034339120131, 0.2464793012150086
0.9813034339120131, 0.2464793012150086
0.9813034339120131, 0.2464793012150086
0.9813034339120131, 0.2464793012150086
0.9813034339120131, 0.2464793012150086
0.9813034339120131, 0.2464793012150086
0.9468146554165646, 0.3680442399281657
0.9468146554165646, 0.3680442399281657
0.9468146554165646, 0.3680442399281657
0.9468146554165646, 0.3680442399281657
0.9468146554165646, 0.3680442399281657
0.9468146554165646, 0.3680442399281657
0.9468146554165646, 0.3680442399281657
0.9468146554165646, 0.3680442399281657
0.9468146554165646, 0.3680442399281657
0.9468146554165646, 0.3680442399281657
0.18932332286555775, 0.27055649592759246
0.18932332286555775, 0.27055649592759246
0.18932332286555775, 0.27055649592759246
0.18932332286555775, 0.27055649592759246
0.18932332286555775, 0.27055649592759246
0.18932332286555775, 0.27055649592759246
0.18932332286555775, 0.27055649592759246
0.18932332286555775, 0.27055649592759246
0.18932332286555775, 0.27055649592759246
0.18932332286555775, 0.27055649592759246
0.09880464648403642, 0.8515583302381508
0.09880464648403642, 0.8515583302381508
0.09880464648403642, 0.8515583302381508
0.09880464648403642, 0.8515583302381508
0.09880464648403642, 0.8515583302381508
0.09880464648403642, 0.8515583302381508
0.09880464648403642, 0.8515583302381508
0.09880464648403642, 0.8515583302381508
0.09880464648403642, 0.8515583302381508
0.09880464648403642, 0.8515583302381508
0.44408032080392046, 0.4973473851758282
0.44408032080392046, 0.4973473851758282
0.44408032080392046, 0.4973473851758282
0.44408032080392046, 0.4973473851758282
0.44408032080392046, 0.4973473851758282
0.44408032080392046, 0.4973473851758282
0.44408032080392046, 0.4973473851758282
0.44408032080392046, 0.4973473851758282
0.44408032080392046, 0.4973473851758282
0.44408032080392046, 0.4973473851758282
0.37460691280200953, 0.2617990968724082
0.37460691280200953, 0.2617990968724082
0.37460691280200953, 0.2617990968724082
0.37460691280200953, 0.2617990968724082
0.37460691280200953, 0.2617990968724082
0.37460691280200953, 0.2617990968724082
0.37460691280200953, 0.2617990968724082
0.37460691280200953, 0.2617990968724082
0.37460691280200953, 0.2617990968724082
0.37460691280200953, 0.2617990968724082
0.855996911227821, 0.17114457099250546
0.855996911227821, 0.17114457099250546
0.855996911227821, 0.17114457099250546
0.855996911227821, 0.17114457099250546
0.855996911227821, 0.17114457099250546
0.855996911227821, 0.17114457099250546
0.855996911227821, 0.17114457099250546
0.855996911227821, 0.17114457099250546
0.855996911227821, 0.17114457099250546
0.855996911227821, 0.17114457099250546
0.010146224307046592, 0.2369153220308413
0.010146224307046592, 0.2369153220308413
0.010146224307046592, 0.2369153220308413
0.010146224307046592, 0.2369153220308413
0.010146224307046592, 0.2369153220308413
0.010146224307046592, 0.2369153220308413
0.010146224307046592, 0.2369153220308413
0.010146224307046592, 0.2369153220308413
0.010146224307046592, 0.2369153220308413
0.010146224307046592, 0.2369153220308413
0.3990969037180082, 0.23243765499449598
0.3990969037180082, 0.23243765499449598
0.3990969037180082, 0.23243765499449598
0.3990969037180082, 0.23243765499449598
0.3990969037180082, 0.23243765499449598
0.3990969037180082, 0.23243765499449598
0.3990969037180082, 0.23243765499449598
0.3990969037180082, 0.23243765499449598
0.3990969037180082, 0.23243765499449598
0.3990969037180082, 0.23243765499449598
0.042696668339905375, 0.44551512870906684
0.042696668339905375, 0.44551512870906684
0.042696668339905375, 0.44551512870906684
0.042696668339905375, 0.44551512870906684
0.042696668339905375, 0.44551512870906684
0.042696668339905375, 0.44551512870906684
0.042696668339905375, 0.44551512870906684
0.042696668339905375, 0.44551512870906684
0.042696668339905375, 0.44551512870906684
0.042696668339905375, 0.44551512870906684
