1e-05
0.6509384454078172, 0.9680746964087129
0.6509384454078172, 0.9680746964087129
0.6509384454078172, 0.9680746964087129
0.6509384454078172, 0.9680746964087129
0.6509384454078172, 0.9680746964087129
0.6509384454078172, 0.9680746964087129
0.6509384454078172, 0.9680746964087129
0.6509384454078172, 0.9680746964087129
0.6509384454078172, 0.9680746964087129
0.6509384454078172, 0.9680746964087129
0.010414897155585301, 0.6495541594952373
0.010414897155585301, 0.6495541594952373
0.010414897155585301, 0.6495541594952373
0.010414897155585301, 0.6495541594952373
0.010414897155585301, 0.6495541594952373
0.010414897155585301, 0.6495541594952373
0.010414897155585301, 0.6495541594952373
0.010414897155585301, 0.6495541594952373
0.010414897155585301, 0.6495541594952373
0.010414897155585301, 0.6495541594952373
0.395171915326628, 0.24916562023295674
0.395171915326628, 0.24916562023295674
0.395171915326628, 0.24916562023295674
0.395171915326628, 0.24916562023295674
0.395171915326628, 0.24916562023295674
0.395171915326628, 0.24916562023295674
0.395171915326628, 0.24916562023295674
0.395171915326628, 0.24916562023295674
0.395171915326628, 0.24916562023295674
0.395171915326628, 0.24916562023295674
0.5465060574744586, 0.9478706540538766
0.5465060574744586, 0.9478706540538766
0.5465060574744586, 0.9478706540538766
0.5465060574744586, 0.9478706540538766
0.5465060574744586, 0.9478706540538766
0.5465060574744586, 0.9478706540538766
0.5465060574744586, 0.9478706540538766
0.5465060574744586, 0.9478706540538766
0.5465060574744586, 0.9478706540538766
0.5465060574744586, 0.9478706540538766
0.46066814604350714, 0.889650069678233
0.46066814604350714, 0.889650069678233
0.46066814604350714, 0.889650069678233
0.46066814604350714, 0.889650069678233
0.46066814604350714, 0.889650069678233
0.46066814604350714, 0.889650069678233
0.46066814604350714, 0.889650069678233
0.46066814604350714, 0.889650069678233
0.46066814604350714, 0.889650069678233
0.46066814604350714, 0.889650069678233
0.6344454506076552, 0.8797160703852867
0.6344454506076552, 0.8797160703852867
0.6344454506076552, 0.8797160703852867
0.6344454506076552, 0.8797160703852867
0.6344454506076552, 0.8797160703852867
0.6344454506076552, 0.8797160703852867
0.6344454506076552, 0.8797160703852867
0.6344454506076552, 0.8797160703852867
0.6344454506076552, 0.8797160703852867
0.6344454506076552, 0.8797160703852867
0.3712731838866814, 0.8745022983610681
0.3712731838866814, 0.8745022983610681
0.3712731838866814, 0.8745022983610681
0.3712731838866814, 0.8745022983610681
0.3712731838866814, 0.8745022983610681
0.3712731838866814, 0.8745022983610681
0.3712731838866814, 0.8745022983610681
0.3712731838866814, 0.8745022983610681
0.3712731838866814, 0.8745022983610681
0.3712731838866814, 0.8745022983610681
0.3059905891763701, 0.6837776564374481
0.3059905891763701, 0.6837776564374481
0.3059905891763701, 0.6837776564374481
0.3059905891763701, 0.6837776564374481
0.3059905891763701, 0.6837776564374481
0.3059905891763701, 0.6837776564374481
0.3059905891763701, 0.6837776564374481
0.3059905891763701, 0.6837776564374481
0.3059905891763701, 0.6837776564374481
0.3059905891763701, 0.6837776564374481
0.18267885100385817, 0.2939100687779308
0.18267885100385817, 0.2939100687779308
0.18267885100385817, 0.2939100687779308
0.18267885100385817, 0.2939100687779308
0.18267885100385817, 0.2939100687779308
0.18267885100385817, 0.2939100687779308
0.18267885100385817, 0.2939100687779308
0.18267885100385817, 0.2939100687779308
0.18267885100385817, 0.2939100687779308
0.18267885100385817, 0.2939100687779308
0.5018561391637683, 0.37450829881396575
0.5018561391637683, 0.37450829881396575
0.5018561391637683, 0.37450829881396575
0.5018561391637683, 0.37450829881396575
0.5018561391637683, 0.37450829881396575
0.5018561391637683, 0.37450829881396575
0.5018561391637683, 0.37450829881396575
0.5018561391637683, 0.37450829881396575
0.5018561391637683, 0.37450829881396575
0.5018561391637683, 0.37450829881396575
