1e-05
0.5439875445432806, 0.13549935936093926
0.5439875445432806, 0.13549935936093926
0.5439875445432806, 0.13549935936093926
0.5439875445432806, 0.13549935936093926
0.5439875445432806, 0.13549935936093926
0.5439875445432806, 0.13549935936093926
0.5439875445432806, 0.13549935936093926
0.5439875445432806, 0.13549935936093926
0.5439875445432806, 0.13549935936093926
0.5439875445432806, 0.13549935936093926
0.47082128743952645, 0.6668953277713848
0.47082128743952645, 0.6668953277713848
0.47082128743952645, 0.6668953277713848
0.47082128743952645, 0.6668953277713848
0.47082128743952645, 0.6668953277713848
0.47082128743952645, 0.6668953277713848
0.47082128743952645, 0.6668953277713848
0.47082128743952645, 0.6668953277713848
0.47082128743952645, 0.6668953277713848
0.47082128743952645, 0.6668953277713848
0.9422600246747083, 0.006058548078437198
0.9422600246747083, 0.006058548078437198
0.9422600246747083, 0.006058548078437198
0.9422600246747083, 0.006058548078437198
0.9422600246747083, 0.006058548078437198
0.9422600246747083, 0.006058548078437198
0.9422600246747083, 0.006058548078437198
0.9422600246747083, 0.006058548078437198
0.9422600246747083, 0.006058548078437198
0.9422600246747083, 0.006058548078437198
0.06822997282108334, 0.6138487159709743
0.06822997282108334, 0.6138487159709743
0.06822997282108334, 0.6138487159709743
0.06822997282108334, 0.6138487159709743
0.06822997282108334, 0.6138487159709743
0.06822997282108334, 0.6138487159709743
0.06822997282108334, 0.6138487159709743
0.06822997282108334, 0.6138487159709743
0.06822997282108334, 0.6138487159709743
0.06822997282108334, 0.6138487159709743
0.6290240677660489, 0.16966559524611613
0.6290240677660489, 0.16966559524611613
0.6290240677660489, 0.16966559524611613
0.6290240677660489, 0.16966559524611613
0.6290240677660489, 0.16966559524611613
0.6290240677660489, 0.16966559524611613
0.6290240677660489, 0.16966559524611613
0.6290240677660489, 0.16966559524611613
0.6290240677660489, 0.16966559524611613
0.6290240677660489, 0.16966559524611613
0.04174596873355629, 0.6121779792630295
0.04174596873355629, 0.6121779792630295
0.04174596873355629, 0.6121779792630295
0.04174596873355629, 0.6121779792630295
0.04174596873355629, 0.6121779792630295
0.04174596873355629, 0.6121779792630295
0.04174596873355629, 0.6121779792630295
0.04174596873355629, 0.6121779792630295
0.04174596873355629, 0.6121779792630295
0.04174596873355629, 0.6121779792630295
0.8297061815196538, 0.43924622742345976
0.8297061815196538, 0.43924622742345976
0.8297061815196538, 0.43924622742345976
0.8297061815196538, 0.43924622742345976
0.8297061815196538, 0.43924622742345976
0.8297061815196538, 0.43924622742345976
0.8297061815196538, 0.43924622742345976
0.8297061815196538, 0.43924622742345976
0.8297061815196538, 0.43924622742345976
0.8297061815196538, 0.43924622742345976
0.307796104841227, 0.62085667260039
0.307796104841227, 0.62085667260039
0.307796104841227, 0.62085667260039
0.307796104841227, 0.62085667260039
0.307796104841227, 0.62085667260039
0.307796104841227, 0.62085667260039
0.307796104841227, 0.62085667260039
0.307796104841227, 0.62085667260039
0.307796104841227, 0.62085667260039
0.307796104841227, 0.62085667260039
0.624940234813016, 0.42814232068037505
0.624940234813016, 0.42814232068037505
0.624940234813016, 0.42814232068037505
0.624940234813016, 0.42814232068037505
0.624940234813016, 0.42814232068037505
0.624940234813016, 0.42814232068037505
0.624940234813016, 0.42814232068037505
0.624940234813016, 0.42814232068037505
0.624940234813016, 0.42814232068037505
0.624940234813016, 0.42814232068037505
0.41591562370349666, 0.6336887860714105
0.41591562370349666, 0.6336887860714105
0.41591562370349666, 0.6336887860714105
0.41591562370349666, 0.6336887860714105
0.41591562370349666, 0.6336887860714105
0.41591562370349666, 0.6336887860714105
0.41591562370349666, 0.6336887860714105
0.41591562370349666, 0.6336887860714105
0.41591562370349666, 0.6336887860714105
0.41591562370349666, 0.6336887860714105
