1e-05
0.20911580269698116, 0.9161599205972527
0.20911580269698116, 0.9161599205972527
0.20911580269698116, 0.9161599205972527
0.20911580269698116, 0.9161599205972527
0.20911580269698116, 0.9161599205972527
0.20911580269698116, 0.9161599205972527
0.20911580269698116, 0.9161599205972527
0.20911580269698116, 0.9161599205972527
0.20911580269698116, 0.9161599205972527
0.20911580269698116, 0.9161599205972527
0.13170210781333846, 0.4608703069522391
0.13170210781333846, 0.4608703069522391
0.13170210781333846, 0.4608703069522391
0.13170210781333846, 0.4608703069522391
0.13170210781333846, 0.4608703069522391
0.13170210781333846, 0.4608703069522391
0.13170210781333846, 0.4608703069522391
0.13170210781333846, 0.4608703069522391
0.13170210781333846, 0.4608703069522391
0.13170210781333846, 0.4608703069522391
0.8955267214759873, 0.28987037966090856
0.8955267214759873, 0.28987037966090856
0.8955267214759873, 0.28987037966090856
0.8955267214759873, 0.28987037966090856
0.8955267214759873, 0.28987037966090856
0.8955267214759873, 0.28987037966090856
0.8955267214759873, 0.28987037966090856
0.8955267214759873, 0.28987037966090856
0.8955267214759873, 0.28987037966090856
0.8955267214759873, 0.28987037966090856
0.8537747135572379, 0.36019616772586904
0.8537747135572379, 0.36019616772586904
0.8537747135572379, 0.36019616772586904
0.8537747135572379, 0.36019616772586904
0.8537747135572379, 0.36019616772586904
0.8537747135572379, 0.36019616772586904
0.8537747135572379, 0.36019616772586904
0.8537747135572379, 0.36019616772586904
0.8537747135572379, 0.36019616772586904
0.8537747135572379, 0.36019616772586904
0.21758106337299, 0.899291501239439
0.21758106337299, 0.899291501239439
0.21758106337299, 0.899291501239439
0.21758106337299, 0.899291501239439
0.21758106337299, 0.899291501239439
0.21758106337299, 0.899291501239439
0.21758106337299, 0.899291501239439
0.21758106337299, 0.899291501239439
0.21758106337299, 0.899291501239439
0.21758106337299, 0.899291501239439
0.5265583339082457, 0.6788924706603078
0.5265583339082457, 0.6788924706603078
0.5265583339082457, 0.6788924706603078
0.5265583339082457, 0.6788924706603078
0.5265583339082457, 0.6788924706603078
0.5265583339082457, 0.6788924706603078
0.5265583339082457, 0.6788924706603078
0.5265583339082457, 0.6788924706603078
0.5265583339082457, 0.6788924706603078
0.5265583339082457, 0.6788924706603078
0.46518625706328454, 0.4091235462801128
0.46518625706328454, 0.4091235462801128
0.46518625706328454, 0.4091235462801128
0.46518625706328454, 0.4091235462801128
0.46518625706328454, 0.4091235462801128
0.46518625706328454, 0.4091235462801128
0.46518625706328454, 0.4091235462801128
0.46518625706328454, 0.4091235462801128
0.46518625706328454, 0.4091235462801128
0.46518625706328454, 0.4091235462801128
0.5331473093258553, 0.8804694148195832
0.5331473093258553, 0.8804694148195832
0.5331473093258553, 0.8804694148195832
0.5331473093258553, 0.8804694148195832
0.5331473093258553, 0.8804694148195832
0.5331473093258553, 0.8804694148195832
0.5331473093258553, 0.8804694148195832
0.5331473093258553, 0.8804694148195832
0.5331473093258553, 0.8804694148195832
0.5331473093258553, 0.8804694148195832
0.7571530297908886, 0.21632090058490927
0.7571530297908886, 0.21632090058490927
0.7571530297908886, 0.21632090058490927
0.7571530297908886, 0.21632090058490927
0.7571530297908886, 0.21632090058490927
0.7571530297908886, 0.21632090058490927
0.7571530297908886, 0.21632090058490927
0.7571530297908886, 0.21632090058490927
0.7571530297908886, 0.21632090058490927
0.7571530297908886, 0.21632090058490927
0.24939510633632933, 0.29976121572040215
0.24939510633632933, 0.29976121572040215
0.24939510633632933, 0.29976121572040215
0.24939510633632933, 0.29976121572040215
0.24939510633632933, 0.29976121572040215
0.24939510633632933, 0.29976121572040215
0.24939510633632933, 0.29976121572040215
0.24939510633632933, 0.29976121572040215
0.24939510633632933, 0.29976121572040215
0.24939510633632933, 0.29976121572040215
