1e-05
0.5573988888068572, 0.9380876108301337
0.5573988888068572, 0.9380876108301337
0.5573988888068572, 0.9380876108301337
0.5573988888068572, 0.9380876108301337
0.5573988888068572, 0.9380876108301337
0.5573988888068572, 0.9380876108301337
0.5573988888068572, 0.9380876108301337
0.5573988888068572, 0.9380876108301337
0.5573988888068572, 0.9380876108301337
0.5573988888068572, 0.9380876108301337
0.8211360665185812, 0.4010007110186221
0.8211360665185812, 0.4010007110186221
0.8211360665185812, 0.4010007110186221
0.8211360665185812, 0.4010007110186221
0.8211360665185812, 0.4010007110186221
0.8211360665185812, 0.4010007110186221
0.8211360665185812, 0.4010007110186221
0.8211360665185812, 0.4010007110186221
0.8211360665185812, 0.4010007110186221
0.8211360665185812, 0.4010007110186221
0.37890149880830104, 0.09085006368214321
0.37890149880830104, 0.09085006368214321
0.37890149880830104, 0.09085006368214321
0.37890149880830104, 0.09085006368214321
0.37890149880830104, 0.09085006368214321
0.37890149880830104, 0.09085006368214321
0.37890149880830104, 0.09085006368214321
0.37890149880830104, 0.09085006368214321
0.37890149880830104, 0.09085006368214321
0.37890149880830104, 0.09085006368214321
0.5510257644676565, 0.7444404483967145
0.5510257644676565, 0.7444404483967145
0.5510257644676565, 0.7444404483967145
0.5510257644676565, 0.7444404483967145
0.5510257644676565, 0.7444404483967145
0.5510257644676565, 0.7444404483967145
0.5510257644676565, 0.7444404483967145
0.5510257644676565, 0.7444404483967145
0.5510257644676565, 0.7444404483967145
0.5510257644676565, 0.7444404483967145
0.1466000796582041, 0.3882728863807353
0.1466000796582041, 0.3882728863807353
0.1466000796582041, 0.3882728863807353
0.1466000796582041, 0.3882728863807353
0.1466000796582041, 0.3882728863807353
0.1466000796582041, 0.3882728863807353
0.1466000796582041, 0.3882728863807353
0.1466000796582041, 0.3882728863807353
0.1466000796582041, 0.3882728863807353
0.1466000796582041, 0.3882728863807353
0.4377778844486697, 0.4385171367193659
0.4377778844486697, 0.4385171367193659
0.4377778844486697, 0.4385171367193659
0.4377778844486697, 0.4385171367193659
0.4377778844486697, 0.4385171367193659
0.4377778844486697, 0.4385171367193659
0.4377778844486697, 0.4385171367193659
0.4377778844486697, 0.4385171367193659
0.4377778844486697, 0.4385171367193659
0.4377778844486697, 0.4385171367193659
0.9476743449581948, 0.87032165451221
0.9476743449581948, 0.87032165451221
0.9476743449581948, 0.87032165451221
0.9476743449581948, 0.87032165451221
0.9476743449581948, 0.87032165451221
0.9476743449581948, 0.87032165451221
0.9476743449581948, 0.87032165451221
0.9476743449581948, 0.87032165451221
0.9476743449581948, 0.87032165451221
0.9476743449581948, 0.87032165451221
0.8787579283150434, 0.7919857036431772
0.8787579283150434, 0.7919857036431772
0.8787579283150434, 0.7919857036431772
0.8787579283150434, 0.7919857036431772
0.8787579283150434, 0.7919857036431772
0.8787579283150434, 0.7919857036431772
0.8787579283150434, 0.7919857036431772
0.8787579283150434, 0.7919857036431772
0.8787579283150434, 0.7919857036431772
0.8787579283150434, 0.7919857036431772
0.0953965157636727, 0.7394528452289109
0.0953965157636727, 0.7394528452289109
0.0953965157636727, 0.7394528452289109
0.0953965157636727, 0.7394528452289109
0.0953965157636727, 0.7394528452289109
0.0953965157636727, 0.7394528452289109
0.0953965157636727, 0.7394528452289109
0.0953965157636727, 0.7394528452289109
0.0953965157636727, 0.7394528452289109
0.0953965157636727, 0.7394528452289109
0.27305570204339624, 0.6313194972284644
0.27305570204339624, 0.6313194972284644
0.27305570204339624, 0.6313194972284644
0.27305570204339624, 0.6313194972284644
0.27305570204339624, 0.6313194972284644
0.27305570204339624, 0.6313194972284644
0.27305570204339624, 0.6313194972284644
0.27305570204339624, 0.6313194972284644
0.27305570204339624, 0.6313194972284644
0.27305570204339624, 0.6313194972284644
