1e-05
0.5329475815218983, 0.266334675795873
0.5329475815218983, 0.266334675795873
0.5329475815218983, 0.266334675795873
0.5329475815218983, 0.266334675795873
0.5329475815218983, 0.266334675795873
0.5329475815218983, 0.266334675795873
0.5329475815218983, 0.266334675795873
0.5329475815218983, 0.266334675795873
0.5329475815218983, 0.266334675795873
0.5329475815218983, 0.266334675795873
0.07311992241335641, 0.2301599756402083
0.07311992241335641, 0.2301599756402083
0.07311992241335641, 0.2301599756402083
0.07311992241335641, 0.2301599756402083
0.07311992241335641, 0.2301599756402083
0.07311992241335641, 0.2301599756402083
0.07311992241335641, 0.2301599756402083
0.07311992241335641, 0.2301599756402083
0.07311992241335641, 0.2301599756402083
0.07311992241335641, 0.2301599756402083
0.24921383986090462, 0.442800361968964
0.24921383986090462, 0.442800361968964
0.24921383986090462, 0.442800361968964
0.24921383986090462, 0.442800361968964
0.24921383986090462, 0.442800361968964
0.24921383986090462, 0.442800361968964
0.24921383986090462, 0.442800361968964
0.24921383986090462, 0.442800361968964
0.24921383986090462, 0.442800361968964
0.24921383986090462, 0.442800361968964
0.24917216154986266, 0.27690953212654457
0.24917216154986266, 0.27690953212654457
0.24917216154986266, 0.27690953212654457
0.24917216154986266, 0.27690953212654457
0.24917216154986266, 0.27690953212654457
0.24917216154986266, 0.27690953212654457
0.24917216154986266, 0.27690953212654457
0.24917216154986266, 0.27690953212654457
0.24917216154986266, 0.27690953212654457
0.24917216154986266, 0.27690953212654457
0.43933560638668145, 0.433324163993699
0.43933560638668145, 0.433324163993699
0.43933560638668145, 0.433324163993699
0.43933560638668145, 0.433324163993699
0.43933560638668145, 0.433324163993699
0.43933560638668145, 0.433324163993699
0.43933560638668145, 0.433324163993699
0.43933560638668145, 0.433324163993699
0.43933560638668145, 0.433324163993699
0.43933560638668145, 0.433324163993699
0.1589325993763997, 0.9863207021583417
0.1589325993763997, 0.9863207021583417
0.1589325993763997, 0.9863207021583417
0.1589325993763997, 0.9863207021583417
0.1589325993763997, 0.9863207021583417
0.1589325993763997, 0.9863207021583417
0.1589325993763997, 0.9863207021583417
0.1589325993763997, 0.9863207021583417
0.1589325993763997, 0.9863207021583417
0.1589325993763997, 0.9863207021583417
0.1154643390231943, 0.7550765414501592
0.1154643390231943, 0.7550765414501592
0.1154643390231943, 0.7550765414501592
0.1154643390231943, 0.7550765414501592
0.1154643390231943, 0.7550765414501592
0.1154643390231943, 0.7550765414501592
0.1154643390231943, 0.7550765414501592
0.1154643390231943, 0.7550765414501592
0.1154643390231943, 0.7550765414501592
0.1154643390231943, 0.7550765414501592
0.907647831358629, 0.8165869995804704
0.907647831358629, 0.8165869995804704
0.907647831358629, 0.8165869995804704
0.907647831358629, 0.8165869995804704
0.907647831358629, 0.8165869995804704
0.907647831358629, 0.8165869995804704
0.907647831358629, 0.8165869995804704
0.907647831358629, 0.8165869995804704
0.907647831358629, 0.8165869995804704
0.907647831358629, 0.8165869995804704
0.4565376276289007, 0.45759040940535234
0.4565376276289007, 0.45759040940535234
0.4565376276289007, 0.45759040940535234
0.4565376276289007, 0.45759040940535234
0.4565376276289007, 0.45759040940535234
0.4565376276289007, 0.45759040940535234
0.4565376276289007, 0.45759040940535234
0.4565376276289007, 0.45759040940535234
0.4565376276289007, 0.45759040940535234
0.4565376276289007, 0.45759040940535234
0.24080160784500693, 0.2363242127229348
0.24080160784500693, 0.2363242127229348
0.24080160784500693, 0.2363242127229348
0.24080160784500693, 0.2363242127229348
0.24080160784500693, 0.2363242127229348
0.24080160784500693, 0.2363242127229348
0.24080160784500693, 0.2363242127229348
0.24080160784500693, 0.2363242127229348
0.24080160784500693, 0.2363242127229348
0.24080160784500693, 0.2363242127229348
