1e-05
0.641432655852117, 0.8269817241057987
0.641432655852117, 0.8269817241057987
0.641432655852117, 0.8269817241057987
0.641432655852117, 0.8269817241057987
0.641432655852117, 0.8269817241057987
0.641432655852117, 0.8269817241057987
0.641432655852117, 0.8269817241057987
0.641432655852117, 0.8269817241057987
0.641432655852117, 0.8269817241057987
0.641432655852117, 0.8269817241057987
0.3022669859607253, 0.4351830921910206
0.3022669859607253, 0.4351830921910206
0.3022669859607253, 0.4351830921910206
0.3022669859607253, 0.4351830921910206
0.3022669859607253, 0.4351830921910206
0.3022669859607253, 0.4351830921910206
0.3022669859607253, 0.4351830921910206
0.3022669859607253, 0.4351830921910206
0.3022669859607253, 0.4351830921910206
0.3022669859607253, 0.4351830921910206
0.4812466507095401, 0.8136110127175634
0.4812466507095401, 0.8136110127175634
0.4812466507095401, 0.8136110127175634
0.4812466507095401, 0.8136110127175634
0.4812466507095401, 0.8136110127175634
0.4812466507095401, 0.8136110127175634
0.4812466507095401, 0.8136110127175634
0.4812466507095401, 0.8136110127175634
0.4812466507095401, 0.8136110127175634
0.4812466507095401, 0.8136110127175634
0.015067250566611845, 0.9105380723454193
0.015067250566611845, 0.9105380723454193
0.015067250566611845, 0.9105380723454193
0.015067250566611845, 0.9105380723454193
0.015067250566611845, 0.9105380723454193
0.015067250566611845, 0.9105380723454193
0.015067250566611845, 0.9105380723454193
0.015067250566611845, 0.9105380723454193
0.015067250566611845, 0.9105380723454193
0.015067250566611845, 0.9105380723454193
0.27264430515960103, 0.2315648389273669
0.27264430515960103, 0.2315648389273669
0.27264430515960103, 0.2315648389273669
0.27264430515960103, 0.2315648389273669
0.27264430515960103, 0.2315648389273669
0.27264430515960103, 0.2315648389273669
0.27264430515960103, 0.2315648389273669
0.27264430515960103, 0.2315648389273669
0.27264430515960103, 0.2315648389273669
0.27264430515960103, 0.2315648389273669
0.07559334534609419, 0.15463198751654916
0.07559334534609419, 0.15463198751654916
0.07559334534609419, 0.15463198751654916
0.07559334534609419, 0.15463198751654916
0.07559334534609419, 0.15463198751654916
0.07559334534609419, 0.15463198751654916
0.07559334534609419, 0.15463198751654916
0.07559334534609419, 0.15463198751654916
0.07559334534609419, 0.15463198751654916
0.07559334534609419, 0.15463198751654916
0.23388722003476003, 0.3421548374579396
0.23388722003476003, 0.3421548374579396
0.23388722003476003, 0.3421548374579396
0.23388722003476003, 0.3421548374579396
0.23388722003476003, 0.3421548374579396
0.23388722003476003, 0.3421548374579396
0.23388722003476003, 0.3421548374579396
0.23388722003476003, 0.3421548374579396
0.23388722003476003, 0.3421548374579396
0.23388722003476003, 0.3421548374579396
0.5392249628482969, 0.28637089383350256
0.5392249628482969, 0.28637089383350256
0.5392249628482969, 0.28637089383350256
0.5392249628482969, 0.28637089383350256
0.5392249628482969, 0.28637089383350256
0.5392249628482969, 0.28637089383350256
0.5392249628482969, 0.28637089383350256
0.5392249628482969, 0.28637089383350256
0.5392249628482969, 0.28637089383350256
0.5392249628482969, 0.28637089383350256
0.507374101297554, 0.21481228146071518
0.507374101297554, 0.21481228146071518
0.507374101297554, 0.21481228146071518
0.507374101297554, 0.21481228146071518
0.507374101297554, 0.21481228146071518
0.507374101297554, 0.21481228146071518
0.507374101297554, 0.21481228146071518
0.507374101297554, 0.21481228146071518
0.507374101297554, 0.21481228146071518
0.507374101297554, 0.21481228146071518
0.5072398629639429, 0.08943227429754619
0.5072398629639429, 0.08943227429754619
0.5072398629639429, 0.08943227429754619
0.5072398629639429, 0.08943227429754619
0.5072398629639429, 0.08943227429754619
0.5072398629639429, 0.08943227429754619
0.5072398629639429, 0.08943227429754619
0.5072398629639429, 0.08943227429754619
0.5072398629639429, 0.08943227429754619
0.5072398629639429, 0.08943227429754619
