1e-05
0.37652880841456604, 0.36873197912436095
0.37652880841456604, 0.36873197912436095
0.37652880841456604, 0.36873197912436095
0.37652880841456604, 0.36873197912436095
0.37652880841456604, 0.36873197912436095
0.37652880841456604, 0.36873197912436095
0.37652880841456604, 0.36873197912436095
0.37652880841456604, 0.36873197912436095
0.37652880841456604, 0.36873197912436095
0.37652880841456604, 0.36873197912436095
0.32263074839116423, 0.5924206208155722
0.32263074839116423, 0.5924206208155722
0.32263074839116423, 0.5924206208155722
0.32263074839116423, 0.5924206208155722
0.32263074839116423, 0.5924206208155722
0.32263074839116423, 0.5924206208155722
0.32263074839116423, 0.5924206208155722
0.32263074839116423, 0.5924206208155722
0.32263074839116423, 0.5924206208155722
0.32263074839116423, 0.5924206208155722
0.13225198641400804, 0.7164271918922984
0.13225198641400804, 0.7164271918922984
0.13225198641400804, 0.7164271918922984
0.13225198641400804, 0.7164271918922984
0.13225198641400804, 0.7164271918922984
0.13225198641400804, 0.7164271918922984
0.13225198641400804, 0.7164271918922984
0.13225198641400804, 0.7164271918922984
0.13225198641400804, 0.7164271918922984
0.13225198641400804, 0.7164271918922984
0.9309713030948903, 0.6356978836005625
0.9309713030948903, 0.6356978836005625
0.9309713030948903, 0.6356978836005625
0.9309713030948903, 0.6356978836005625
0.9309713030948903, 0.6356978836005625
0.9309713030948903, 0.6356978836005625
0.9309713030948903, 0.6356978836005625
0.9309713030948903, 0.6356978836005625
0.9309713030948903, 0.6356978836005625
0.9309713030948903, 0.6356978836005625
0.20964765398040985, 0.563415149623332
0.20964765398040985, 0.563415149623332
0.20964765398040985, 0.563415149623332
0.20964765398040985, 0.563415149623332
0.20964765398040985, 0.563415149623332
0.20964765398040985, 0.563415149623332
0.20964765398040985, 0.563415149623332
0.20964765398040985, 0.563415149623332
0.20964765398040985, 0.563415149623332
0.20964765398040985, 0.563415149623332
0.7937335950034157, 0.46290324431938523
0.7937335950034157, 0.46290324431938523
0.7937335950034157, 0.46290324431938523
0.7937335950034157, 0.46290324431938523
0.7937335950034157, 0.46290324431938523
0.7937335950034157, 0.46290324431938523
0.7937335950034157, 0.46290324431938523
0.7937335950034157, 0.46290324431938523
0.7937335950034157, 0.46290324431938523
0.7937335950034157, 0.46290324431938523
0.972869783555116, 0.8625382989362783
0.972869783555116, 0.8625382989362783
0.972869783555116, 0.8625382989362783
0.972869783555116, 0.8625382989362783
0.972869783555116, 0.8625382989362783
0.972869783555116, 0.8625382989362783
0.972869783555116, 0.8625382989362783
0.972869783555116, 0.8625382989362783
0.972869783555116, 0.8625382989362783
0.972869783555116, 0.8625382989362783
0.2066727275874749, 0.597925541174285
0.2066727275874749, 0.597925541174285
0.2066727275874749, 0.597925541174285
0.2066727275874749, 0.597925541174285
0.2066727275874749, 0.597925541174285
0.2066727275874749, 0.597925541174285
0.2066727275874749, 0.597925541174285
0.2066727275874749, 0.597925541174285
0.2066727275874749, 0.597925541174285
0.2066727275874749, 0.597925541174285
0.36621158482385463, 0.8281762403712148
0.36621158482385463, 0.8281762403712148
0.36621158482385463, 0.8281762403712148
0.36621158482385463, 0.8281762403712148
0.36621158482385463, 0.8281762403712148
0.36621158482385463, 0.8281762403712148
0.36621158482385463, 0.8281762403712148
0.36621158482385463, 0.8281762403712148
0.36621158482385463, 0.8281762403712148
0.36621158482385463, 0.8281762403712148
0.3218650129627202, 0.29734405336943315
0.3218650129627202, 0.29734405336943315
0.3218650129627202, 0.29734405336943315
0.3218650129627202, 0.29734405336943315
0.3218650129627202, 0.29734405336943315
0.3218650129627202, 0.29734405336943315
0.3218650129627202, 0.29734405336943315
0.3218650129627202, 0.29734405336943315
0.3218650129627202, 0.29734405336943315
0.3218650129627202, 0.29734405336943315
