1e-05
0.3854296295533971, 0.8829419952470434
0.3854296295533971, 0.8829419952470434
0.3854296295533971, 0.8829419952470434
0.3854296295533971, 0.8829419952470434
0.3854296295533971, 0.8829419952470434
0.3854296295533971, 0.8829419952470434
0.3854296295533971, 0.8829419952470434
0.3854296295533971, 0.8829419952470434
0.3854296295533971, 0.8829419952470434
0.3854296295533971, 0.8829419952470434
0.43898546849228703, 0.9899136329981509
0.43898546849228703, 0.9899136329981509
0.43898546849228703, 0.9899136329981509
0.43898546849228703, 0.9899136329981509
0.43898546849228703, 0.9899136329981509
0.43898546849228703, 0.9899136329981509
0.43898546849228703, 0.9899136329981509
0.43898546849228703, 0.9899136329981509
0.43898546849228703, 0.9899136329981509
0.43898546849228703, 0.9899136329981509
0.3496219027012504, 0.15131998907019517
0.3496219027012504, 0.15131998907019517
0.3496219027012504, 0.15131998907019517
0.3496219027012504, 0.15131998907019517
0.3496219027012504, 0.15131998907019517
0.3496219027012504, 0.15131998907019517
0.3496219027012504, 0.15131998907019517
0.3496219027012504, 0.15131998907019517
0.3496219027012504, 0.15131998907019517
0.3496219027012504, 0.15131998907019517
0.9392363894784982, 0.7617510112164357
0.9392363894784982, 0.7617510112164357
0.9392363894784982, 0.7617510112164357
0.9392363894784982, 0.7617510112164357
0.9392363894784982, 0.7617510112164357
0.9392363894784982, 0.7617510112164357
0.9392363894784982, 0.7617510112164357
0.9392363894784982, 0.7617510112164357
0.9392363894784982, 0.7617510112164357
0.9392363894784982, 0.7617510112164357
0.16271991421603893, 0.7364073613858247
0.16271991421603893, 0.7364073613858247
0.16271991421603893, 0.7364073613858247
0.16271991421603893, 0.7364073613858247
0.16271991421603893, 0.7364073613858247
0.16271991421603893, 0.7364073613858247
0.16271991421603893, 0.7364073613858247
0.16271991421603893, 0.7364073613858247
0.16271991421603893, 0.7364073613858247
0.16271991421603893, 0.7364073613858247
0.25207663116935686, 0.9245366434294852
0.25207663116935686, 0.9245366434294852
0.25207663116935686, 0.9245366434294852
0.25207663116935686, 0.9245366434294852
0.25207663116935686, 0.9245366434294852
0.25207663116935686, 0.9245366434294852
0.25207663116935686, 0.9245366434294852
0.25207663116935686, 0.9245366434294852
0.25207663116935686, 0.9245366434294852
0.25207663116935686, 0.9245366434294852
0.5244626965819718, 0.607755056543498
0.5244626965819718, 0.607755056543498
0.5244626965819718, 0.607755056543498
0.5244626965819718, 0.607755056543498
0.5244626965819718, 0.607755056543498
0.5244626965819718, 0.607755056543498
0.5244626965819718, 0.607755056543498
0.5244626965819718, 0.607755056543498
0.5244626965819718, 0.607755056543498
0.5244626965819718, 0.607755056543498
0.43112005464747805, 0.14472672602421588
0.43112005464747805, 0.14472672602421588
0.43112005464747805, 0.14472672602421588
0.43112005464747805, 0.14472672602421588
0.43112005464747805, 0.14472672602421588
0.43112005464747805, 0.14472672602421588
0.43112005464747805, 0.14472672602421588
0.43112005464747805, 0.14472672602421588
0.43112005464747805, 0.14472672602421588
0.43112005464747805, 0.14472672602421588
0.1440623108303858, 0.07042130417107051
0.1440623108303858, 0.07042130417107051
0.1440623108303858, 0.07042130417107051
0.1440623108303858, 0.07042130417107051
0.1440623108303858, 0.07042130417107051
0.1440623108303858, 0.07042130417107051
0.1440623108303858, 0.07042130417107051
0.1440623108303858, 0.07042130417107051
0.1440623108303858, 0.07042130417107051
0.1440623108303858, 0.07042130417107051
0.5220696413284303, 0.9932658030885418
0.5220696413284303, 0.9932658030885418
0.5220696413284303, 0.9932658030885418
0.5220696413284303, 0.9932658030885418
0.5220696413284303, 0.9932658030885418
0.5220696413284303, 0.9932658030885418
0.5220696413284303, 0.9932658030885418
0.5220696413284303, 0.9932658030885418
0.5220696413284303, 0.9932658030885418
0.5220696413284303, 0.9932658030885418
