1e-05
0.8280490231226819, 0.29229699186404057
0.8280490231226819, 0.29229699186404057
0.8280490231226819, 0.29229699186404057
0.8280490231226819, 0.29229699186404057
0.8280490231226819, 0.29229699186404057
0.8280490231226819, 0.29229699186404057
0.8280490231226819, 0.29229699186404057
0.8280490231226819, 0.29229699186404057
0.8280490231226819, 0.29229699186404057
0.8280490231226819, 0.29229699186404057
0.7257335848570203, 0.3256510906691936
0.7257335848570203, 0.3256510906691936
0.7257335848570203, 0.3256510906691936
0.7257335848570203, 0.3256510906691936
0.7257335848570203, 0.3256510906691936
0.7257335848570203, 0.3256510906691936
0.7257335848570203, 0.3256510906691936
0.7257335848570203, 0.3256510906691936
0.7257335848570203, 0.3256510906691936
0.7257335848570203, 0.3256510906691936
0.04370097260800054, 0.012540558003724556
0.04370097260800054, 0.012540558003724556
0.04370097260800054, 0.012540558003724556
0.04370097260800054, 0.012540558003724556
0.04370097260800054, 0.012540558003724556
0.04370097260800054, 0.012540558003724556
0.04370097260800054, 0.012540558003724556
0.04370097260800054, 0.012540558003724556
0.04370097260800054, 0.012540558003724556
0.04370097260800054, 0.012540558003724556
0.9922492116808663, 0.8599886252150196
0.9922492116808663, 0.8599886252150196
0.9922492116808663, 0.8599886252150196
0.9922492116808663, 0.8599886252150196
0.9922492116808663, 0.8599886252150196
0.9922492116808663, 0.8599886252150196
0.9922492116808663, 0.8599886252150196
0.9922492116808663, 0.8599886252150196
0.9922492116808663, 0.8599886252150196
0.9922492116808663, 0.8599886252150196
0.5694834951291644, 0.42262156303115583
0.5694834951291644, 0.42262156303115583
0.5694834951291644, 0.42262156303115583
0.5694834951291644, 0.42262156303115583
0.5694834951291644, 0.42262156303115583
0.5694834951291644, 0.42262156303115583
0.5694834951291644, 0.42262156303115583
0.5694834951291644, 0.42262156303115583
0.5694834951291644, 0.42262156303115583
0.5694834951291644, 0.42262156303115583
0.23048073181256334, 0.07132577095694148
0.23048073181256334, 0.07132577095694148
0.23048073181256334, 0.07132577095694148
0.23048073181256334, 0.07132577095694148
0.23048073181256334, 0.07132577095694148
0.23048073181256334, 0.07132577095694148
0.23048073181256334, 0.07132577095694148
0.23048073181256334, 0.07132577095694148
0.23048073181256334, 0.07132577095694148
0.23048073181256334, 0.07132577095694148
0.20062949318314638, 0.741847795569363
0.20062949318314638, 0.741847795569363
0.20062949318314638, 0.741847795569363
0.20062949318314638, 0.741847795569363
0.20062949318314638, 0.741847795569363
0.20062949318314638, 0.741847795569363
0.20062949318314638, 0.741847795569363
0.20062949318314638, 0.741847795569363
0.20062949318314638, 0.741847795569363
0.20062949318314638, 0.741847795569363
0.2178786009112782, 0.21657737681995004
0.2178786009112782, 0.21657737681995004
0.2178786009112782, 0.21657737681995004
0.2178786009112782, 0.21657737681995004
0.2178786009112782, 0.21657737681995004
0.2178786009112782, 0.21657737681995004
0.2178786009112782, 0.21657737681995004
0.2178786009112782, 0.21657737681995004
0.2178786009112782, 0.21657737681995004
0.2178786009112782, 0.21657737681995004
0.8543848424756318, 0.5706854807783607
0.8543848424756318, 0.5706854807783607
0.8543848424756318, 0.5706854807783607
0.8543848424756318, 0.5706854807783607
0.8543848424756318, 0.5706854807783607
0.8543848424756318, 0.5706854807783607
0.8543848424756318, 0.5706854807783607
0.8543848424756318, 0.5706854807783607
0.8543848424756318, 0.5706854807783607
0.8543848424756318, 0.5706854807783607
0.21946525287451568, 0.5718385923191915
0.21946525287451568, 0.5718385923191915
0.21946525287451568, 0.5718385923191915
0.21946525287451568, 0.5718385923191915
0.21946525287451568, 0.5718385923191915
0.21946525287451568, 0.5718385923191915
0.21946525287451568, 0.5718385923191915
0.21946525287451568, 0.5718385923191915
0.21946525287451568, 0.5718385923191915
0.21946525287451568, 0.5718385923191915
