1e-05
0.17211363042054062, 0.2888260103970657
0.17211363042054062, 0.2888260103970657
0.17211363042054062, 0.2888260103970657
0.17211363042054062, 0.2888260103970657
0.17211363042054062, 0.2888260103970657
0.17211363042054062, 0.2888260103970657
0.17211363042054062, 0.2888260103970657
0.17211363042054062, 0.2888260103970657
0.17211363042054062, 0.2888260103970657
0.17211363042054062, 0.2888260103970657
0.3623603246239695, 0.5810223380325747
0.3623603246239695, 0.5810223380325747
0.3623603246239695, 0.5810223380325747
0.3623603246239695, 0.5810223380325747
0.3623603246239695, 0.5810223380325747
0.3623603246239695, 0.5810223380325747
0.3623603246239695, 0.5810223380325747
0.3623603246239695, 0.5810223380325747
0.3623603246239695, 0.5810223380325747
0.3623603246239695, 0.5810223380325747
0.1496940579750322, 0.49737318554817533
0.1496940579750322, 0.49737318554817533
0.1496940579750322, 0.49737318554817533
0.1496940579750322, 0.49737318554817533
0.1496940579750322, 0.49737318554817533
0.1496940579750322, 0.49737318554817533
0.1496940579750322, 0.49737318554817533
0.1496940579750322, 0.49737318554817533
0.1496940579750322, 0.49737318554817533
0.1496940579750322, 0.49737318554817533
0.3885748714498485, 0.9135192756918893
0.3885748714498485, 0.9135192756918893
0.3885748714498485, 0.9135192756918893
0.3885748714498485, 0.9135192756918893
0.3885748714498485, 0.9135192756918893
0.3885748714498485, 0.9135192756918893
0.3885748714498485, 0.9135192756918893
0.3885748714498485, 0.9135192756918893
0.3885748714498485, 0.9135192756918893
0.3885748714498485, 0.9135192756918893
0.0597991390658652, 0.04474382051193759
0.0597991390658652, 0.04474382051193759
0.0597991390658652, 0.04474382051193759
0.0597991390658652, 0.04474382051193759
0.0597991390658652, 0.04474382051193759
0.0597991390658652, 0.04474382051193759
0.0597991390658652, 0.04474382051193759
0.0597991390658652, 0.04474382051193759
0.0597991390658652, 0.04474382051193759
0.0597991390658652, 0.04474382051193759
0.6717236375513916, 0.36956154001452524
0.6717236375513916, 0.36956154001452524
0.6717236375513916, 0.36956154001452524
0.6717236375513916, 0.36956154001452524
0.6717236375513916, 0.36956154001452524
0.6717236375513916, 0.36956154001452524
0.6717236375513916, 0.36956154001452524
0.6717236375513916, 0.36956154001452524
0.6717236375513916, 0.36956154001452524
0.6717236375513916, 0.36956154001452524
0.10019273127569561, 0.018078905928904487
0.10019273127569561, 0.018078905928904487
0.10019273127569561, 0.018078905928904487
0.10019273127569561, 0.018078905928904487
0.10019273127569561, 0.018078905928904487
0.10019273127569561, 0.018078905928904487
0.10019273127569561, 0.018078905928904487
0.10019273127569561, 0.018078905928904487
0.10019273127569561, 0.018078905928904487
0.10019273127569561, 0.018078905928904487
0.5861068578814236, 0.8834562723683828
0.5861068578814236, 0.8834562723683828
0.5861068578814236, 0.8834562723683828
0.5861068578814236, 0.8834562723683828
0.5861068578814236, 0.8834562723683828
0.5861068578814236, 0.8834562723683828
0.5861068578814236, 0.8834562723683828
0.5861068578814236, 0.8834562723683828
0.5861068578814236, 0.8834562723683828
0.5861068578814236, 0.8834562723683828
0.23688844828947675, 0.023681750414520253
0.23688844828947675, 0.023681750414520253
0.23688844828947675, 0.023681750414520253
0.23688844828947675, 0.023681750414520253
0.23688844828947675, 0.023681750414520253
0.23688844828947675, 0.023681750414520253
0.23688844828947675, 0.023681750414520253
0.23688844828947675, 0.023681750414520253
0.23688844828947675, 0.023681750414520253
0.23688844828947675, 0.023681750414520253
0.6245920329967677, 0.27602690160398435
0.6245920329967677, 0.27602690160398435
0.6245920329967677, 0.27602690160398435
0.6245920329967677, 0.27602690160398435
0.6245920329967677, 0.27602690160398435
0.6245920329967677, 0.27602690160398435
0.6245920329967677, 0.27602690160398435
0.6245920329967677, 0.27602690160398435
0.6245920329967677, 0.27602690160398435
0.6245920329967677, 0.27602690160398435
