1e-05
0.7327178071042708, 0.45744058293098033
0.7327178071042708, 0.45744058293098033
0.7327178071042708, 0.45744058293098033
0.7327178071042708, 0.45744058293098033
0.7327178071042708, 0.45744058293098033
0.7327178071042708, 0.45744058293098033
0.7327178071042708, 0.45744058293098033
0.7327178071042708, 0.45744058293098033
0.7327178071042708, 0.45744058293098033
0.7327178071042708, 0.45744058293098033
0.7952770744471201, 0.1011519869828098
0.7952770744471201, 0.1011519869828098
0.7952770744471201, 0.1011519869828098
0.7952770744471201, 0.1011519869828098
0.7952770744471201, 0.1011519869828098
0.7952770744471201, 0.1011519869828098
0.7952770744471201, 0.1011519869828098
0.7952770744471201, 0.1011519869828098
0.7952770744471201, 0.1011519869828098
0.7952770744471201, 0.1011519869828098
0.33173307315898404, 0.7369511628989731
0.33173307315898404, 0.7369511628989731
0.33173307315898404, 0.7369511628989731
0.33173307315898404, 0.7369511628989731
0.33173307315898404, 0.7369511628989731
0.33173307315898404, 0.7369511628989731
0.33173307315898404, 0.7369511628989731
0.33173307315898404, 0.7369511628989731
0.33173307315898404, 0.7369511628989731
0.33173307315898404, 0.7369511628989731
0.45293220883276497, 0.53471640185134
0.45293220883276497, 0.53471640185134
0.45293220883276497, 0.53471640185134
0.45293220883276497, 0.53471640185134
0.45293220883276497, 0.53471640185134
0.45293220883276497, 0.53471640185134
0.45293220883276497, 0.53471640185134
0.45293220883276497, 0.53471640185134
0.45293220883276497, 0.53471640185134
0.45293220883276497, 0.53471640185134
0.5499485020066766, 0.4300452467245277
0.5499485020066766, 0.4300452467245277
0.5499485020066766, 0.4300452467245277
0.5499485020066766, 0.4300452467245277
0.5499485020066766, 0.4300452467245277
0.5499485020066766, 0.4300452467245277
0.5499485020066766, 0.4300452467245277
0.5499485020066766, 0.4300452467245277
0.5499485020066766, 0.4300452467245277
0.5499485020066766, 0.4300452467245277
0.010358269580203694, 0.72203472753379
0.010358269580203694, 0.72203472753379
0.010358269580203694, 0.72203472753379
0.010358269580203694, 0.72203472753379
0.010358269580203694, 0.72203472753379
0.010358269580203694, 0.72203472753379
0.010358269580203694, 0.72203472753379
0.010358269580203694, 0.72203472753379
0.010358269580203694, 0.72203472753379
0.010358269580203694, 0.72203472753379
0.3535294592296392, 0.47798509234947995
0.3535294592296392, 0.47798509234947995
0.3535294592296392, 0.47798509234947995
0.3535294592296392, 0.47798509234947995
0.3535294592296392, 0.47798509234947995
0.3535294592296392, 0.47798509234947995
0.3535294592296392, 0.47798509234947995
0.3535294592296392, 0.47798509234947995
0.3535294592296392, 0.47798509234947995
0.3535294592296392, 0.47798509234947995
0.676144512300638, 0.6537477799795166
0.676144512300638, 0.6537477799795166
0.676144512300638, 0.6537477799795166
0.676144512300638, 0.6537477799795166
0.676144512300638, 0.6537477799795166
0.676144512300638, 0.6537477799795166
0.676144512300638, 0.6537477799795166
0.676144512300638, 0.6537477799795166
0.676144512300638, 0.6537477799795166
0.676144512300638, 0.6537477799795166
0.5887215256231071, 0.87198914935617
0.5887215256231071, 0.87198914935617
0.5887215256231071, 0.87198914935617
0.5887215256231071, 0.87198914935617
0.5887215256231071, 0.87198914935617
0.5887215256231071, 0.87198914935617
0.5887215256231071, 0.87198914935617
0.5887215256231071, 0.87198914935617
0.5887215256231071, 0.87198914935617
0.5887215256231071, 0.87198914935617
0.6335882861271225, 0.5439460746455066
0.6335882861271225, 0.5439460746455066
0.6335882861271225, 0.5439460746455066
0.6335882861271225, 0.5439460746455066
0.6335882861271225, 0.5439460746455066
0.6335882861271225, 0.5439460746455066
0.6335882861271225, 0.5439460746455066
0.6335882861271225, 0.5439460746455066
0.6335882861271225, 0.5439460746455066
0.6335882861271225, 0.5439460746455066
