1e-05
0.4865774529975173, 0.13122613883833867
0.4865774529975173, 0.13122613883833867
0.4865774529975173, 0.13122613883833867
0.4865774529975173, 0.13122613883833867
0.4865774529975173, 0.13122613883833867
0.4865774529975173, 0.13122613883833867
0.4865774529975173, 0.13122613883833867
0.4865774529975173, 0.13122613883833867
0.4865774529975173, 0.13122613883833867
0.4865774529975173, 0.13122613883833867
0.39501079039354337, 0.9536711612224315
0.39501079039354337, 0.9536711612224315
0.39501079039354337, 0.9536711612224315
0.39501079039354337, 0.9536711612224315
0.39501079039354337, 0.9536711612224315
0.39501079039354337, 0.9536711612224315
0.39501079039354337, 0.9536711612224315
0.39501079039354337, 0.9536711612224315
0.39501079039354337, 0.9536711612224315
0.39501079039354337, 0.9536711612224315
0.3728362099253937, 0.4995604904779909
0.3728362099253937, 0.4995604904779909
0.3728362099253937, 0.4995604904779909
0.3728362099253937, 0.4995604904779909
0.3728362099253937, 0.4995604904779909
0.3728362099253937, 0.4995604904779909
0.3728362099253937, 0.4995604904779909
0.3728362099253937, 0.4995604904779909
0.3728362099253937, 0.4995604904779909
0.3728362099253937, 0.4995604904779909
0.9202971717009858, 0.9197071185328421
0.9202971717009858, 0.9197071185328421
0.9202971717009858, 0.9197071185328421
0.9202971717009858, 0.9197071185328421
0.9202971717009858, 0.9197071185328421
0.9202971717009858, 0.9197071185328421
0.9202971717009858, 0.9197071185328421
0.9202971717009858, 0.9197071185328421
0.9202971717009858, 0.9197071185328421
0.9202971717009858, 0.9197071185328421
0.3874920147744053, 0.5769973280928953
0.3874920147744053, 0.5769973280928953
0.3874920147744053, 0.5769973280928953
0.3874920147744053, 0.5769973280928953
0.3874920147744053, 0.5769973280928953
0.3874920147744053, 0.5769973280928953
0.3874920147744053, 0.5769973280928953
0.3874920147744053, 0.5769973280928953
0.3874920147744053, 0.5769973280928953
0.3874920147744053, 0.5769973280928953
0.039234072764000594, 0.315386385237045
0.039234072764000594, 0.315386385237045
0.039234072764000594, 0.315386385237045
0.039234072764000594, 0.315386385237045
0.039234072764000594, 0.315386385237045
0.039234072764000594, 0.315386385237045
0.039234072764000594, 0.315386385237045
0.039234072764000594, 0.315386385237045
0.039234072764000594, 0.315386385237045
0.039234072764000594, 0.315386385237045
0.3420601320748696, 0.5877610984728947
0.3420601320748696, 0.5877610984728947
0.3420601320748696, 0.5877610984728947
0.3420601320748696, 0.5877610984728947
0.3420601320748696, 0.5877610984728947
0.3420601320748696, 0.5877610984728947
0.3420601320748696, 0.5877610984728947
0.3420601320748696, 0.5877610984728947
0.3420601320748696, 0.5877610984728947
0.3420601320748696, 0.5877610984728947
0.42602278082072553, 0.736502722219402
0.42602278082072553, 0.736502722219402
0.42602278082072553, 0.736502722219402
0.42602278082072553, 0.736502722219402
0.42602278082072553, 0.736502722219402
0.42602278082072553, 0.736502722219402
0.42602278082072553, 0.736502722219402
0.42602278082072553, 0.736502722219402
0.42602278082072553, 0.736502722219402
0.42602278082072553, 0.736502722219402
0.6998164514626578, 0.8630985789948172
0.6998164514626578, 0.8630985789948172
0.6998164514626578, 0.8630985789948172
0.6998164514626578, 0.8630985789948172
0.6998164514626578, 0.8630985789948172
0.6998164514626578, 0.8630985789948172
0.6998164514626578, 0.8630985789948172
0.6998164514626578, 0.8630985789948172
0.6998164514626578, 0.8630985789948172
0.6998164514626578, 0.8630985789948172
0.3751050640651039, 0.0356016062176695
0.3751050640651039, 0.0356016062176695
0.3751050640651039, 0.0356016062176695
0.3751050640651039, 0.0356016062176695
0.3751050640651039, 0.0356016062176695
0.3751050640651039, 0.0356016062176695
0.3751050640651039, 0.0356016062176695
0.3751050640651039, 0.0356016062176695
0.3751050640651039, 0.0356016062176695
0.3751050640651039, 0.0356016062176695
