1e-05
0.08685736734123128, 0.6102369784676677
0.08685736734123128, 0.6102369784676677
0.08685736734123128, 0.6102369784676677
0.08685736734123128, 0.6102369784676677
0.08685736734123128, 0.6102369784676677
0.08685736734123128, 0.6102369784676677
0.08685736734123128, 0.6102369784676677
0.08685736734123128, 0.6102369784676677
0.08685736734123128, 0.6102369784676677
0.08685736734123128, 0.6102369784676677
0.2093565949997357, 0.5245582701285147
0.2093565949997357, 0.5245582701285147
0.2093565949997357, 0.5245582701285147
0.2093565949997357, 0.5245582701285147
0.2093565949997357, 0.5245582701285147
0.2093565949997357, 0.5245582701285147
0.2093565949997357, 0.5245582701285147
0.2093565949997357, 0.5245582701285147
0.2093565949997357, 0.5245582701285147
0.2093565949997357, 0.5245582701285147
0.25972595921871144, 0.593451683852593
0.25972595921871144, 0.593451683852593
0.25972595921871144, 0.593451683852593
0.25972595921871144, 0.593451683852593
0.25972595921871144, 0.593451683852593
0.25972595921871144, 0.593451683852593
0.25972595921871144, 0.593451683852593
0.25972595921871144, 0.593451683852593
0.25972595921871144, 0.593451683852593
0.25972595921871144, 0.593451683852593
0.9453889181272348, 0.5957597105652728
0.9453889181272348, 0.5957597105652728
0.9453889181272348, 0.5957597105652728
0.9453889181272348, 0.5957597105652728
0.9453889181272348, 0.5957597105652728
0.9453889181272348, 0.5957597105652728
0.9453889181272348, 0.5957597105652728
0.9453889181272348, 0.5957597105652728
0.9453889181272348, 0.5957597105652728
0.9453889181272348, 0.5957597105652728
0.24384156865787554, 0.19626201539081334
0.24384156865787554, 0.19626201539081334
0.24384156865787554, 0.19626201539081334
0.24384156865787554, 0.19626201539081334
0.24384156865787554, 0.19626201539081334
0.24384156865787554, 0.19626201539081334
0.24384156865787554, 0.19626201539081334
0.24384156865787554, 0.19626201539081334
0.24384156865787554, 0.19626201539081334
0.24384156865787554, 0.19626201539081334
0.46355056735949995, 0.3997458113403858
0.46355056735949995, 0.3997458113403858
0.46355056735949995, 0.3997458113403858
0.46355056735949995, 0.3997458113403858
0.46355056735949995, 0.3997458113403858
0.46355056735949995, 0.3997458113403858
0.46355056735949995, 0.3997458113403858
0.46355056735949995, 0.3997458113403858
0.46355056735949995, 0.3997458113403858
0.46355056735949995, 0.3997458113403858
0.8623068738402729, 0.017732568440850582
0.8623068738402729, 0.017732568440850582
0.8623068738402729, 0.017732568440850582
0.8623068738402729, 0.017732568440850582
0.8623068738402729, 0.017732568440850582
0.8623068738402729, 0.017732568440850582
0.8623068738402729, 0.017732568440850582
0.8623068738402729, 0.017732568440850582
0.8623068738402729, 0.017732568440850582
0.8623068738402729, 0.017732568440850582
0.9093988577805611, 0.1504162540749362
0.9093988577805611, 0.1504162540749362
0.9093988577805611, 0.1504162540749362
0.9093988577805611, 0.1504162540749362
0.9093988577805611, 0.1504162540749362
0.9093988577805611, 0.1504162540749362
0.9093988577805611, 0.1504162540749362
0.9093988577805611, 0.1504162540749362
0.9093988577805611, 0.1504162540749362
0.9093988577805611, 0.1504162540749362
0.11305013387786178, 0.20720771185893172
0.11305013387786178, 0.20720771185893172
0.11305013387786178, 0.20720771185893172
0.11305013387786178, 0.20720771185893172
0.11305013387786178, 0.20720771185893172
0.11305013387786178, 0.20720771185893172
0.11305013387786178, 0.20720771185893172
0.11305013387786178, 0.20720771185893172
0.11305013387786178, 0.20720771185893172
0.11305013387786178, 0.20720771185893172
0.32738413361292573, 0.5846212631555199
0.32738413361292573, 0.5846212631555199
0.32738413361292573, 0.5846212631555199
0.32738413361292573, 0.5846212631555199
0.32738413361292573, 0.5846212631555199
0.32738413361292573, 0.5846212631555199
0.32738413361292573, 0.5846212631555199
0.32738413361292573, 0.5846212631555199
0.32738413361292573, 0.5846212631555199
0.32738413361292573, 0.5846212631555199
