1e-05
0.5134912058202258, 0.5229260641633354
0.5134912058202258, 0.5229260641633354
0.5134912058202258, 0.5229260641633354
0.5134912058202258, 0.5229260641633354
0.5134912058202258, 0.5229260641633354
0.5134912058202258, 0.5229260641633354
0.5134912058202258, 0.5229260641633354
0.5134912058202258, 0.5229260641633354
0.5134912058202258, 0.5229260641633354
0.5134912058202258, 0.5229260641633354
0.3598232480134642, 0.7305762165014972
0.3598232480134642, 0.7305762165014972
0.3598232480134642, 0.7305762165014972
0.3598232480134642, 0.7305762165014972
0.3598232480134642, 0.7305762165014972
0.3598232480134642, 0.7305762165014972
0.3598232480134642, 0.7305762165014972
0.3598232480134642, 0.7305762165014972
0.3598232480134642, 0.7305762165014972
0.3598232480134642, 0.7305762165014972
0.8004911779620721, 0.5702070754830318
0.8004911779620721, 0.5702070754830318
0.8004911779620721, 0.5702070754830318
0.8004911779620721, 0.5702070754830318
0.8004911779620721, 0.5702070754830318
0.8004911779620721, 0.5702070754830318
0.8004911779620721, 0.5702070754830318
0.8004911779620721, 0.5702070754830318
0.8004911779620721, 0.5702070754830318
0.8004911779620721, 0.5702070754830318
0.6204773852957415, 0.6253839183243577
0.6204773852957415, 0.6253839183243577
0.6204773852957415, 0.6253839183243577
0.6204773852957415, 0.6253839183243577
0.6204773852957415, 0.6253839183243577
0.6204773852957415, 0.6253839183243577
0.6204773852957415, 0.6253839183243577
0.6204773852957415, 0.6253839183243577
0.6204773852957415, 0.6253839183243577
0.6204773852957415, 0.6253839183243577
0.4853769891671309, 0.05428361503587964
0.4853769891671309, 0.05428361503587964
0.4853769891671309, 0.05428361503587964
0.4853769891671309, 0.05428361503587964
0.4853769891671309, 0.05428361503587964
0.4853769891671309, 0.05428361503587964
0.4853769891671309, 0.05428361503587964
0.4853769891671309, 0.05428361503587964
0.4853769891671309, 0.05428361503587964
0.4853769891671309, 0.05428361503587964
0.30001362448663926, 0.4479328403755186
0.30001362448663926, 0.4479328403755186
0.30001362448663926, 0.4479328403755186
0.30001362448663926, 0.4479328403755186
0.30001362448663926, 0.4479328403755186
0.30001362448663926, 0.4479328403755186
0.30001362448663926, 0.4479328403755186
0.30001362448663926, 0.4479328403755186
0.30001362448663926, 0.4479328403755186
0.30001362448663926, 0.4479328403755186
0.5749208552561276, 0.7917762382426627
0.5749208552561276, 0.7917762382426627
0.5749208552561276, 0.7917762382426627
0.5749208552561276, 0.7917762382426627
0.5749208552561276, 0.7917762382426627
0.5749208552561276, 0.7917762382426627
0.5749208552561276, 0.7917762382426627
0.5749208552561276, 0.7917762382426627
0.5749208552561276, 0.7917762382426627
0.5749208552561276, 0.7917762382426627
0.6426758234939, 0.3064315146405602
0.6426758234939, 0.3064315146405602
0.6426758234939, 0.3064315146405602
0.6426758234939, 0.3064315146405602
0.6426758234939, 0.3064315146405602
0.6426758234939, 0.3064315146405602
0.6426758234939, 0.3064315146405602
0.6426758234939, 0.3064315146405602
0.6426758234939, 0.3064315146405602
0.6426758234939, 0.3064315146405602
0.6289533233007389, 0.4830445518571618
0.6289533233007389, 0.4830445518571618
0.6289533233007389, 0.4830445518571618
0.6289533233007389, 0.4830445518571618
0.6289533233007389, 0.4830445518571618
0.6289533233007389, 0.4830445518571618
0.6289533233007389, 0.4830445518571618
0.6289533233007389, 0.4830445518571618
0.6289533233007389, 0.4830445518571618
0.6289533233007389, 0.4830445518571618
0.2524494984444151, 0.6216540483470714
0.2524494984444151, 0.6216540483470714
0.2524494984444151, 0.6216540483470714
0.2524494984444151, 0.6216540483470714
0.2524494984444151, 0.6216540483470714
0.2524494984444151, 0.6216540483470714
0.2524494984444151, 0.6216540483470714
0.2524494984444151, 0.6216540483470714
0.2524494984444151, 0.6216540483470714
0.2524494984444151, 0.6216540483470714
