1e-05
0.1466278776284985, 0.8779915493188737
0.1466278776284985, 0.8779915493188737
0.1466278776284985, 0.8779915493188737
0.1466278776284985, 0.8779915493188737
0.1466278776284985, 0.8779915493188737
0.1466278776284985, 0.8779915493188737
0.1466278776284985, 0.8779915493188737
0.1466278776284985, 0.8779915493188737
0.1466278776284985, 0.8779915493188737
0.1466278776284985, 0.8779915493188737
0.4657945628087742, 0.29942940094407966
0.4657945628087742, 0.29942940094407966
0.4657945628087742, 0.29942940094407966
0.4657945628087742, 0.29942940094407966
0.4657945628087742, 0.29942940094407966
0.4657945628087742, 0.29942940094407966
0.4657945628087742, 0.29942940094407966
0.4657945628087742, 0.29942940094407966
0.4657945628087742, 0.29942940094407966
0.4657945628087742, 0.29942940094407966
0.889364955949595, 0.6803013031526102
0.889364955949595, 0.6803013031526102
0.889364955949595, 0.6803013031526102
0.889364955949595, 0.6803013031526102
0.889364955949595, 0.6803013031526102
0.889364955949595, 0.6803013031526102
0.889364955949595, 0.6803013031526102
0.889364955949595, 0.6803013031526102
0.889364955949595, 0.6803013031526102
0.889364955949595, 0.6803013031526102
0.3435167896753486, 0.49646977256856417
0.3435167896753486, 0.49646977256856417
0.3435167896753486, 0.49646977256856417
0.3435167896753486, 0.49646977256856417
0.3435167896753486, 0.49646977256856417
0.3435167896753486, 0.49646977256856417
0.3435167896753486, 0.49646977256856417
0.3435167896753486, 0.49646977256856417
0.3435167896753486, 0.49646977256856417
0.3435167896753486, 0.49646977256856417
0.9448530796109312, 0.6688056254655396
0.9448530796109312, 0.6688056254655396
0.9448530796109312, 0.6688056254655396
0.9448530796109312, 0.6688056254655396
0.9448530796109312, 0.6688056254655396
0.9448530796109312, 0.6688056254655396
0.9448530796109312, 0.6688056254655396
0.9448530796109312, 0.6688056254655396
0.9448530796109312, 0.6688056254655396
0.9448530796109312, 0.6688056254655396
0.14708085325313702, 0.5454126724639294
0.14708085325313702, 0.5454126724639294
0.14708085325313702, 0.5454126724639294
0.14708085325313702, 0.5454126724639294
0.14708085325313702, 0.5454126724639294
0.14708085325313702, 0.5454126724639294
0.14708085325313702, 0.5454126724639294
0.14708085325313702, 0.5454126724639294
0.14708085325313702, 0.5454126724639294
0.14708085325313702, 0.5454126724639294
0.4834694162734664, 0.583748373206164
0.4834694162734664, 0.583748373206164
0.4834694162734664, 0.583748373206164
0.4834694162734664, 0.583748373206164
0.4834694162734664, 0.583748373206164
0.4834694162734664, 0.583748373206164
0.4834694162734664, 0.583748373206164
0.4834694162734664, 0.583748373206164
0.4834694162734664, 0.583748373206164
0.4834694162734664, 0.583748373206164
0.26589420236926453, 0.6145144363576641
0.26589420236926453, 0.6145144363576641
0.26589420236926453, 0.6145144363576641
0.26589420236926453, 0.6145144363576641
0.26589420236926453, 0.6145144363576641
0.26589420236926453, 0.6145144363576641
0.26589420236926453, 0.6145144363576641
0.26589420236926453, 0.6145144363576641
0.26589420236926453, 0.6145144363576641
0.26589420236926453, 0.6145144363576641
0.46149216500811296, 0.535360776300099
0.46149216500811296, 0.535360776300099
0.46149216500811296, 0.535360776300099
0.46149216500811296, 0.535360776300099
0.46149216500811296, 0.535360776300099
0.46149216500811296, 0.535360776300099
0.46149216500811296, 0.535360776300099
0.46149216500811296, 0.535360776300099
0.46149216500811296, 0.535360776300099
0.46149216500811296, 0.535360776300099
0.31364327887977694, 0.7692844457193883
0.31364327887977694, 0.7692844457193883
0.31364327887977694, 0.7692844457193883
0.31364327887977694, 0.7692844457193883
0.31364327887977694, 0.7692844457193883
0.31364327887977694, 0.7692844457193883
0.31364327887977694, 0.7692844457193883
0.31364327887977694, 0.7692844457193883
0.31364327887977694, 0.7692844457193883
0.31364327887977694, 0.7692844457193883
