1e-05
0.20758057674116737, 0.8389148958260191
0.20758057674116737, 0.8389148958260191
0.20758057674116737, 0.8389148958260191
0.20758057674116737, 0.8389148958260191
0.20758057674116737, 0.8389148958260191
0.20758057674116737, 0.8389148958260191
0.20758057674116737, 0.8389148958260191
0.20758057674116737, 0.8389148958260191
0.20758057674116737, 0.8389148958260191
0.20758057674116737, 0.8389148958260191
0.9278802500804901, 0.7091645226870468
0.9278802500804901, 0.7091645226870468
0.9278802500804901, 0.7091645226870468
0.9278802500804901, 0.7091645226870468
0.9278802500804901, 0.7091645226870468
0.9278802500804901, 0.7091645226870468
0.9278802500804901, 0.7091645226870468
0.9278802500804901, 0.7091645226870468
0.9278802500804901, 0.7091645226870468
0.9278802500804901, 0.7091645226870468
0.9782562638932181, 0.6230429028913896
0.9782562638932181, 0.6230429028913896
0.9782562638932181, 0.6230429028913896
0.9782562638932181, 0.6230429028913896
0.9782562638932181, 0.6230429028913896
0.9782562638932181, 0.6230429028913896
0.9782562638932181, 0.6230429028913896
0.9782562638932181, 0.6230429028913896
0.9782562638932181, 0.6230429028913896
0.9782562638932181, 0.6230429028913896
0.5033281320163436, 0.04028246827843929
0.5033281320163436, 0.04028246827843929
0.5033281320163436, 0.04028246827843929
0.5033281320163436, 0.04028246827843929
0.5033281320163436, 0.04028246827843929
0.5033281320163436, 0.04028246827843929
0.5033281320163436, 0.04028246827843929
0.5033281320163436, 0.04028246827843929
0.5033281320163436, 0.04028246827843929
0.5033281320163436, 0.04028246827843929
0.17086825732614608, 0.03387299757731865
0.17086825732614608, 0.03387299757731865
0.17086825732614608, 0.03387299757731865
0.17086825732614608, 0.03387299757731865
0.17086825732614608, 0.03387299757731865
0.17086825732614608, 0.03387299757731865
0.17086825732614608, 0.03387299757731865
0.17086825732614608, 0.03387299757731865
0.17086825732614608, 0.03387299757731865
0.17086825732614608, 0.03387299757731865
0.03777985469367595, 0.7228067094927016
0.03777985469367595, 0.7228067094927016
0.03777985469367595, 0.7228067094927016
0.03777985469367595, 0.7228067094927016
0.03777985469367595, 0.7228067094927016
0.03777985469367595, 0.7228067094927016
0.03777985469367595, 0.7228067094927016
0.03777985469367595, 0.7228067094927016
0.03777985469367595, 0.7228067094927016
0.03777985469367595, 0.7228067094927016
0.5835596008175932, 0.7528523522571783
0.5835596008175932, 0.7528523522571783
0.5835596008175932, 0.7528523522571783
0.5835596008175932, 0.7528523522571783
0.5835596008175932, 0.7528523522571783
0.5835596008175932, 0.7528523522571783
0.5835596008175932, 0.7528523522571783
0.5835596008175932, 0.7528523522571783
0.5835596008175932, 0.7528523522571783
0.5835596008175932, 0.7528523522571783
0.9914703137865162, 0.4796612099060453
0.9914703137865162, 0.4796612099060453
0.9914703137865162, 0.4796612099060453
0.9914703137865162, 0.4796612099060453
0.9914703137865162, 0.4796612099060453
0.9914703137865162, 0.4796612099060453
0.9914703137865162, 0.4796612099060453
0.9914703137865162, 0.4796612099060453
0.9914703137865162, 0.4796612099060453
0.9914703137865162, 0.4796612099060453
0.8107569371980883, 0.6973715603114906
0.8107569371980883, 0.6973715603114906
0.8107569371980883, 0.6973715603114906
0.8107569371980883, 0.6973715603114906
0.8107569371980883, 0.6973715603114906
0.8107569371980883, 0.6973715603114906
0.8107569371980883, 0.6973715603114906
0.8107569371980883, 0.6973715603114906
0.8107569371980883, 0.6973715603114906
0.8107569371980883, 0.6973715603114906
0.5558282493027609, 0.20330463729828474
0.5558282493027609, 0.20330463729828474
0.5558282493027609, 0.20330463729828474
0.5558282493027609, 0.20330463729828474
0.5558282493027609, 0.20330463729828474
0.5558282493027609, 0.20330463729828474
0.5558282493027609, 0.20330463729828474
0.5558282493027609, 0.20330463729828474
0.5558282493027609, 0.20330463729828474
0.5558282493027609, 0.20330463729828474
