0.1
0.889340211403382, 0.08366949718278771
0.6768825035900603, 0.4508201968169595
0.2349330461052156, 0.45814126773773167
0.37511164067164415, 0.5873334791887795
0.6631851388269764, 0.3857764318392074
0.7023925699672495, 0.19641048385045135
0.5164955304182919, 0.3058192724027816
0.5834807642089191, 0.4257293114367685
0.9673127750527144, 0.5808031336547167
0.6250450459962885, 0.5185033275841311
0.7110142454840436, 0.554919579954537
0.22013576266603363, 0.32482664596130817
0.18108823481686176, 0.20654886456275445
0.2416252012641853, 0.6503413628957534
0.7239541596718704, 0.2072776993657678
0.6249986948554643, 0.8343210744040772
0.8924217751413929, 0.7047342487120909
0.34040298309899386, 0.23777909644583484
0.4925531450594448, 0.06488135274499673
0.25310316656137144, 0.32487535486819363
0.7859327104647761, 0.2546231383741998
0.5339452054182828, 0.8690585488189869
0.6930059688861658, 0.5184939102934669
0.9146233773546992, 0.5764611760242061
0.2679942551171949, 0.5161872865164913
0.8029253754041169, 0.6912706979144818
0.8235468479921378, 0.22258245292801238
0.14837369226269403, 0.3877308623389034
0.2643363830575143, 0.5802040999973996
0.9689551130485963, 0.6820640479952813
0.22318354484137237, 0.038065303140844
0.29758924902077977, 0.961710000912678
0.8254769249989428, 0.07930657965869947
0.9790239682863546, 0.8741306781907306
0.75710090994571, 0.4290853773313742
0.2663269354862511, 0.5011696112081457
0.6862600795202468, 0.9338771520201269
0.2981815092146951, 0.7712644201367347
0.9668924020799783, 0.23591861513586565
0.38816280095548394, 0.7426272513537339
0.7727025756129418, 0.8827672350918426
0.6614781324946265, 0.40637675513102
0.0063694159608792544, 0.37590948938528856
0.06911108145558242, 0.17899623391911612
0.21719215423495453, 0.12021008870529437
0.32354344350570585, 0.22546734292487658
0.1133283403251899, 0.6316209535553682
0.29392667610513123, 0.016092895286939135
0.6175282619344342, 0.8934706091061937
0.4869280471613546, 0.23577376082004609
0.443821992586906, 0.8414331421078916
0.011510966649745602, 0.211528960542395
0.4175064300554515, 0.8526253863142831
0.9731207807926251, 0.7292538365650845
0.9700496174407403, 0.7286140225481237
0.9583129005194406, 0.277342256528733
0.009977324233539364, 0.6549672604539574
0.7811751967189822, 0.5785910555882209
0.3197317160672295, 0.2801096466057703
0.15025965973353284, 0.46376951499584074
0.12194711675999093, 0.45695648164606884
0.22555303077615463, 0.383563077540206
0.19435979211992904, 0.5799983590949266
0.26559926569180514, 0.3544628241007919
0.9685109366387126, 0.8469383338531877
0.8129786997091162, 0.12109249855698656
0.259435493004449, 0.4590990011510534
0.31732991236638153, 0.08461225323819954
0.4856097261375173, 0.1598342702586525
0.12388284220500034, 0.04437420062175412
0.8138751840980999, 0.8648652657563345
0.43521428897206027, 0.4881623507226841
0.1798341083161652, 0.5226385728156165
0.8998797308620866, 0.14274292335731442
0.8524473248521929, 0.8135237014679807
0.4484235345140103, 0.3239064446977775
0.5874207052591889, 0.2717602830198178
0.31017983724756815, 0.7502853495995125
0.2785939956482375, 0.7677227769867527
0.23679181057295118, 0.8178876154188974
0.7080998973686279, 0.12737857197612223
0.34436106350345674, 0.6788352885614652
