1e-05
0.49491088565886, 0.4303237852345274
0.49491088565886, 0.4303237852345274
0.49491088565886, 0.4303237852345274
0.49491088565886, 0.4303237852345274
0.49491088565886, 0.4303237852345274
0.49491088565886, 0.4303237852345274
0.49491088565886, 0.4303237852345274
0.49491088565886, 0.4303237852345274
0.49491088565886, 0.4303237852345274
0.49491088565886, 0.4303237852345274
0.09561954968407105, 0.158513987576119
0.09561954968407105, 0.158513987576119
0.09561954968407105, 0.158513987576119
0.09561954968407105, 0.158513987576119
0.09561954968407105, 0.158513987576119
0.09561954968407105, 0.158513987576119
0.09561954968407105, 0.158513987576119
0.09561954968407105, 0.158513987576119
0.09561954968407105, 0.158513987576119
0.09561954968407105, 0.158513987576119
0.31498283918194003, 0.24434419672837449
0.31498283918194003, 0.24434419672837449
0.31498283918194003, 0.24434419672837449
0.31498283918194003, 0.24434419672837449
0.31498283918194003, 0.24434419672837449
0.31498283918194003, 0.24434419672837449
0.31498283918194003, 0.24434419672837449
0.31498283918194003, 0.24434419672837449
0.31498283918194003, 0.24434419672837449
0.31498283918194003, 0.24434419672837449
0.21264464783193449, 0.33697130127898445
0.21264464783193449, 0.33697130127898445
0.21264464783193449, 0.33697130127898445
0.21264464783193449, 0.33697130127898445
0.21264464783193449, 0.33697130127898445
0.21264464783193449, 0.33697130127898445
0.21264464783193449, 0.33697130127898445
0.21264464783193449, 0.33697130127898445
0.21264464783193449, 0.33697130127898445
0.21264464783193449, 0.33697130127898445
0.919056352057599, 0.004849271408848832
0.919056352057599, 0.004849271408848832
0.919056352057599, 0.004849271408848832
0.919056352057599, 0.004849271408848832
0.919056352057599, 0.004849271408848832
0.919056352057599, 0.004849271408848832
0.919056352057599, 0.004849271408848832
0.919056352057599, 0.004849271408848832
0.919056352057599, 0.004849271408848832
0.919056352057599, 0.004849271408848832
0.2561278818907141, 0.6152118396809627
0.2561278818907141, 0.6152118396809627
0.2561278818907141, 0.6152118396809627
0.2561278818907141, 0.6152118396809627
0.2561278818907141, 0.6152118396809627
0.2561278818907141, 0.6152118396809627
0.2561278818907141, 0.6152118396809627
0.2561278818907141, 0.6152118396809627
0.2561278818907141, 0.6152118396809627
0.2561278818907141, 0.6152118396809627
0.0030928957932208068, 0.5111474492531523
0.0030928957932208068, 0.5111474492531523
0.0030928957932208068, 0.5111474492531523
0.0030928957932208068, 0.5111474492531523
0.0030928957932208068, 0.5111474492531523
0.0030928957932208068, 0.5111474492531523
0.0030928957932208068, 0.5111474492531523
0.0030928957932208068, 0.5111474492531523
0.0030928957932208068, 0.5111474492531523
0.0030928957932208068, 0.5111474492531523
0.5027514314855495, 0.6314003468349859
0.5027514314855495, 0.6314003468349859
0.5027514314855495, 0.6314003468349859
0.5027514314855495, 0.6314003468349859
0.5027514314855495, 0.6314003468349859
0.5027514314855495, 0.6314003468349859
0.5027514314855495, 0.6314003468349859
0.5027514314855495, 0.6314003468349859
0.5027514314855495, 0.6314003468349859
0.5027514314855495, 0.6314003468349859
0.9584509920111612, 0.1771058612916684
0.9584509920111612, 0.1771058612916684
0.9584509920111612, 0.1771058612916684
0.9584509920111612, 0.1771058612916684
0.9584509920111612, 0.1771058612916684
0.9584509920111612, 0.1771058612916684
0.9584509920111612, 0.1771058612916684
0.9584509920111612, 0.1771058612916684
0.9584509920111612, 0.1771058612916684
0.9584509920111612, 0.1771058612916684
0.8364481444769706, 0.5356999573459631
0.8364481444769706, 0.5356999573459631
0.8364481444769706, 0.5356999573459631
0.8364481444769706, 0.5356999573459631
0.8364481444769706, 0.5356999573459631
0.8364481444769706, 0.5356999573459631
0.8364481444769706, 0.5356999573459631
0.8364481444769706, 0.5356999573459631
0.8364481444769706, 0.5356999573459631
0.8364481444769706, 0.5356999573459631
