1e-05
0.8474583140914907, 0.9753059751411428
0.8474583140914907, 0.9753059751411428
0.8474583140914907, 0.9753059751411428
0.8474583140914907, 0.9753059751411428
0.8474583140914907, 0.9753059751411428
0.8474583140914907, 0.9753059751411428
0.8474583140914907, 0.9753059751411428
0.8474583140914907, 0.9753059751411428
0.8474583140914907, 0.9753059751411428
0.8474583140914907, 0.9753059751411428
0.7342002479935494, 0.6296712221802453
0.7342002479935494, 0.6296712221802453
0.7342002479935494, 0.6296712221802453
0.7342002479935494, 0.6296712221802453
0.7342002479935494, 0.6296712221802453
0.7342002479935494, 0.6296712221802453
0.7342002479935494, 0.6296712221802453
0.7342002479935494, 0.6296712221802453
0.7342002479935494, 0.6296712221802453
0.7342002479935494, 0.6296712221802453
0.5678376763245266, 0.36700868363486805
0.5678376763245266, 0.36700868363486805
0.5678376763245266, 0.36700868363486805
0.5678376763245266, 0.36700868363486805
0.5678376763245266, 0.36700868363486805
0.5678376763245266, 0.36700868363486805
0.5678376763245266, 0.36700868363486805
0.5678376763245266, 0.36700868363486805
0.5678376763245266, 0.36700868363486805
0.5678376763245266, 0.36700868363486805
0.8527195938640442, 0.846802925196228
0.8527195938640442, 0.846802925196228
0.8527195938640442, 0.846802925196228
0.8527195938640442, 0.846802925196228
0.8527195938640442, 0.846802925196228
0.8527195938640442, 0.846802925196228
0.8527195938640442, 0.846802925196228
0.8527195938640442, 0.846802925196228
0.8527195938640442, 0.846802925196228
0.8527195938640442, 0.846802925196228
0.5351865712496611, 0.5681641894575401
0.5351865712496611, 0.5681641894575401
0.5351865712496611, 0.5681641894575401
0.5351865712496611, 0.5681641894575401
0.5351865712496611, 0.5681641894575401
0.5351865712496611, 0.5681641894575401
0.5351865712496611, 0.5681641894575401
0.5351865712496611, 0.5681641894575401
0.5351865712496611, 0.5681641894575401
0.5351865712496611, 0.5681641894575401
0.5697411977605661, 0.7915731962371125
0.5697411977605661, 0.7915731962371125
0.5697411977605661, 0.7915731962371125
0.5697411977605661, 0.7915731962371125
0.5697411977605661, 0.7915731962371125
0.5697411977605661, 0.7915731962371125
0.5697411977605661, 0.7915731962371125
0.5697411977605661, 0.7915731962371125
0.5697411977605661, 0.7915731962371125
0.5697411977605661, 0.7915731962371125
0.09948447770636548, 0.8818741235456496
0.09948447770636548, 0.8818741235456496
0.09948447770636548, 0.8818741235456496
0.09948447770636548, 0.8818741235456496
0.09948447770636548, 0.8818741235456496
0.09948447770636548, 0.8818741235456496
0.09948447770636548, 0.8818741235456496
0.09948447770636548, 0.8818741235456496
0.09948447770636548, 0.8818741235456496
0.09948447770636548, 0.8818741235456496
0.15897370288706802, 0.03755955505709785
0.15897370288706802, 0.03755955505709785
0.15897370288706802, 0.03755955505709785
0.15897370288706802, 0.03755955505709785
0.15897370288706802, 0.03755955505709785
0.15897370288706802, 0.03755955505709785
0.15897370288706802, 0.03755955505709785
0.15897370288706802, 0.03755955505709785
0.15897370288706802, 0.03755955505709785
0.15897370288706802, 0.03755955505709785
0.2266469697394754, 0.13577821386307565
0.2266469697394754, 0.13577821386307565
0.2266469697394754, 0.13577821386307565
0.2266469697394754, 0.13577821386307565
0.2266469697394754, 0.13577821386307565
0.2266469697394754, 0.13577821386307565
0.2266469697394754, 0.13577821386307565
0.2266469697394754, 0.13577821386307565
0.2266469697394754, 0.13577821386307565
0.2266469697394754, 0.13577821386307565
0.9805563982316509, 0.7882225977915502
0.9805563982316509, 0.7882225977915502
0.9805563982316509, 0.7882225977915502
0.9805563982316509, 0.7882225977915502
0.9805563982316509, 0.7882225977915502
0.9805563982316509, 0.7882225977915502
0.9805563982316509, 0.7882225977915502
0.9805563982316509, 0.7882225977915502
0.9805563982316509, 0.7882225977915502
0.9805563982316509, 0.7882225977915502
