1e-05
0.8897953255309251, 0.1482252676954111
0.8897953255309251, 0.1482252676954111
0.8897953255309251, 0.1482252676954111
0.8897953255309251, 0.1482252676954111
0.8897953255309251, 0.1482252676954111
0.8897953255309251, 0.1482252676954111
0.8897953255309251, 0.1482252676954111
0.8897953255309251, 0.1482252676954111
0.8897953255309251, 0.1482252676954111
0.8897953255309251, 0.1482252676954111
0.5687151281602373, 0.3911259514991826
0.5687151281602373, 0.3911259514991826
0.5687151281602373, 0.3911259514991826
0.5687151281602373, 0.3911259514991826
0.5687151281602373, 0.3911259514991826
0.5687151281602373, 0.3911259514991826
0.5687151281602373, 0.3911259514991826
0.5687151281602373, 0.3911259514991826
0.5687151281602373, 0.3911259514991826
0.5687151281602373, 0.3911259514991826
0.16362765947047764, 0.05214963516618509
0.16362765947047764, 0.05214963516618509
0.16362765947047764, 0.05214963516618509
0.16362765947047764, 0.05214963516618509
0.16362765947047764, 0.05214963516618509
0.16362765947047764, 0.05214963516618509
0.16362765947047764, 0.05214963516618509
0.16362765947047764, 0.05214963516618509
0.16362765947047764, 0.05214963516618509
0.16362765947047764, 0.05214963516618509
0.43482403901168265, 0.3587297982326072
0.43482403901168265, 0.3587297982326072
0.43482403901168265, 0.3587297982326072
0.43482403901168265, 0.3587297982326072
0.43482403901168265, 0.3587297982326072
0.43482403901168265, 0.3587297982326072
0.43482403901168265, 0.3587297982326072
0.43482403901168265, 0.3587297982326072
0.43482403901168265, 0.3587297982326072
0.43482403901168265, 0.3587297982326072
0.9886550801385684, 0.39258233965268075
0.9886550801385684, 0.39258233965268075
0.9886550801385684, 0.39258233965268075
0.9886550801385684, 0.39258233965268075
0.9886550801385684, 0.39258233965268075
0.9886550801385684, 0.39258233965268075
0.9886550801385684, 0.39258233965268075
0.9886550801385684, 0.39258233965268075
0.9886550801385684, 0.39258233965268075
0.9886550801385684, 0.39258233965268075
0.5509177766566057, 0.6930986085583167
0.5509177766566057, 0.6930986085583167
0.5509177766566057, 0.6930986085583167
0.5509177766566057, 0.6930986085583167
0.5509177766566057, 0.6930986085583167
0.5509177766566057, 0.6930986085583167
0.5509177766566057, 0.6930986085583167
0.5509177766566057, 0.6930986085583167
0.5509177766566057, 0.6930986085583167
0.5509177766566057, 0.6930986085583167
0.5386063793159068, 0.3678852457935494
0.5386063793159068, 0.3678852457935494
0.5386063793159068, 0.3678852457935494
0.5386063793159068, 0.3678852457935494
0.5386063793159068, 0.3678852457935494
0.5386063793159068, 0.3678852457935494
0.5386063793159068, 0.3678852457935494
0.5386063793159068, 0.3678852457935494
0.5386063793159068, 0.3678852457935494
0.5386063793159068, 0.3678852457935494
0.4453598751057457, 0.5494651559502703
0.4453598751057457, 0.5494651559502703
0.4453598751057457, 0.5494651559502703
0.4453598751057457, 0.5494651559502703
0.4453598751057457, 0.5494651559502703
0.4453598751057457, 0.5494651559502703
0.4453598751057457, 0.5494651559502703
0.4453598751057457, 0.5494651559502703
0.4453598751057457, 0.5494651559502703
0.4453598751057457, 0.5494651559502703
0.6884771597849653, 0.8522887151548308
0.6884771597849653, 0.8522887151548308
0.6884771597849653, 0.8522887151548308
0.6884771597849653, 0.8522887151548308
0.6884771597849653, 0.8522887151548308
0.6884771597849653, 0.8522887151548308
0.6884771597849653, 0.8522887151548308
0.6884771597849653, 0.8522887151548308
0.6884771597849653, 0.8522887151548308
0.6884771597849653, 0.8522887151548308
0.022541625249697383, 0.18832140364797223
0.022541625249697383, 0.18832140364797223
0.022541625249697383, 0.18832140364797223
0.022541625249697383, 0.18832140364797223
0.022541625249697383, 0.18832140364797223
0.022541625249697383, 0.18832140364797223
0.022541625249697383, 0.18832140364797223
0.022541625249697383, 0.18832140364797223
0.022541625249697383, 0.18832140364797223
0.022541625249697383, 0.18832140364797223
