1e-05
0.4023935741041582, 0.832421391824938
0.4023935741041582, 0.832421391824938
0.4023935741041582, 0.832421391824938
0.4023935741041582, 0.832421391824938
0.4023935741041582, 0.832421391824938
0.4023935741041582, 0.832421391824938
0.4023935741041582, 0.832421391824938
0.4023935741041582, 0.832421391824938
0.4023935741041582, 0.832421391824938
0.4023935741041582, 0.832421391824938
0.419389433104591, 0.9591297379448716
0.419389433104591, 0.9591297379448716
0.419389433104591, 0.9591297379448716
0.419389433104591, 0.9591297379448716
0.419389433104591, 0.9591297379448716
0.419389433104591, 0.9591297379448716
0.419389433104591, 0.9591297379448716
0.419389433104591, 0.9591297379448716
0.419389433104591, 0.9591297379448716
0.419389433104591, 0.9591297379448716
0.5330297328232447, 0.2776199904537132
0.5330297328232447, 0.2776199904537132
0.5330297328232447, 0.2776199904537132
0.5330297328232447, 0.2776199904537132
0.5330297328232447, 0.2776199904537132
0.5330297328232447, 0.2776199904537132
0.5330297328232447, 0.2776199904537132
0.5330297328232447, 0.2776199904537132
0.5330297328232447, 0.2776199904537132
0.5330297328232447, 0.2776199904537132
0.36809811587943564, 0.7976820281619236
0.36809811587943564, 0.7976820281619236
0.36809811587943564, 0.7976820281619236
0.36809811587943564, 0.7976820281619236
0.36809811587943564, 0.7976820281619236
0.36809811587943564, 0.7976820281619236
0.36809811587943564, 0.7976820281619236
0.36809811587943564, 0.7976820281619236
0.36809811587943564, 0.7976820281619236
0.36809811587943564, 0.7976820281619236
0.8103088727831981, 0.09513477066740794
0.8103088727831981, 0.09513477066740794
0.8103088727831981, 0.09513477066740794
0.8103088727831981, 0.09513477066740794
0.8103088727831981, 0.09513477066740794
0.8103088727831981, 0.09513477066740794
0.8103088727831981, 0.09513477066740794
0.8103088727831981, 0.09513477066740794
0.8103088727831981, 0.09513477066740794
0.8103088727831981, 0.09513477066740794
0.05755145803350459, 0.5998064157325111
0.05755145803350459, 0.5998064157325111
0.05755145803350459, 0.5998064157325111
0.05755145803350459, 0.5998064157325111
0.05755145803350459, 0.5998064157325111
0.05755145803350459, 0.5998064157325111
0.05755145803350459, 0.5998064157325111
0.05755145803350459, 0.5998064157325111
0.05755145803350459, 0.5998064157325111
0.05755145803350459, 0.5998064157325111
0.46453339488632595, 0.8877521915674558
0.46453339488632595, 0.8877521915674558
0.46453339488632595, 0.8877521915674558
0.46453339488632595, 0.8877521915674558
0.46453339488632595, 0.8877521915674558
0.46453339488632595, 0.8877521915674558
0.46453339488632595, 0.8877521915674558
0.46453339488632595, 0.8877521915674558
0.46453339488632595, 0.8877521915674558
0.46453339488632595, 0.8877521915674558
0.7285378812047246, 0.6413955483510171
0.7285378812047246, 0.6413955483510171
0.7285378812047246, 0.6413955483510171
0.7285378812047246, 0.6413955483510171
0.7285378812047246, 0.6413955483510171
0.7285378812047246, 0.6413955483510171
0.7285378812047246, 0.6413955483510171
0.7285378812047246, 0.6413955483510171
0.7285378812047246, 0.6413955483510171
0.7285378812047246, 0.6413955483510171
0.5058374251887262, 0.008379444328079688
0.5058374251887262, 0.008379444328079688
0.5058374251887262, 0.008379444328079688
0.5058374251887262, 0.008379444328079688
0.5058374251887262, 0.008379444328079688
0.5058374251887262, 0.008379444328079688
0.5058374251887262, 0.008379444328079688
0.5058374251887262, 0.008379444328079688
0.5058374251887262, 0.008379444328079688
0.5058374251887262, 0.008379444328079688
0.47928878960298127, 0.5468885027818825
0.47928878960298127, 0.5468885027818825
0.47928878960298127, 0.5468885027818825
0.47928878960298127, 0.5468885027818825
0.47928878960298127, 0.5468885027818825
0.47928878960298127, 0.5468885027818825
0.47928878960298127, 0.5468885027818825
0.47928878960298127, 0.5468885027818825
0.47928878960298127, 0.5468885027818825
0.47928878960298127, 0.5468885027818825
