1e-05
0.5076492470885701, 0.13833875282036912
0.8700828839784386, 0.2797426158160836
0.6589199941831746, 0.20819426454158052
0.38694065224724816, 0.3577538943707287
0.4381622692638738, 0.46332038889982863
0.7178019465411432, 0.9335538171320306
0.7846675451866385, 0.2205841157766154
0.9074839055285602, 0.5390388885166586
0.7217240703536133, 0.1248041107527208
0.601892174921012, 0.917890561421932
0.63521188978631, 0.386252749769476
0.21565524048730877, 0.5190461424421148
0.8017549037125082, 0.04410059115777487
0.4029683441898986, 0.7951778650405561
0.31342662542214483, 0.9429205942425308
0.21252327738722, 0.9375731963904856
0.9311875968073235, 0.6747260880865112
0.5468359881911891, 0.8255950498609174
0.24481017076648093, 0.8147848041417275
0.1872815966099899, 0.7436407129807814
0.9469959700826261, 0.7915646337536408
0.6187756786799931, 0.5417393089775879
0.829749651092079, 0.8668707164549764
0.18149358317416564, 0.8677779061517475
0.19963524523888154, 0.008854480797369724
0.9023951905953068, 0.07563924442879622
0.4998583082895969, 0.7257028643842888
0.20435676075497822, 0.5116450550007853
0.041779040549893676, 0.7278704868887653
0.2971966338373534, 0.6950664146850133
0.3526838180991827, 0.0863875044754866
0.7341708775984315, 0.37410818882985697
0.8294889530442116, 0.8539630166804753
0.6176460870786382, 0.46098074127897604
0.6822556768580965, 0.5638950421907164
0.6532218688456504, 0.17301484073651263
0.9195757798909956, 0.07318295288542365
0.7648896546486063, 0.31560937570064906
0.6073622825698868, 0.44810574997857666
0.19100840019304366, 0.8378336163791655
0.9314514452332137, 0.3497370049918528
0.8056254157793101, 0.2855872235280156
0.46594066904834486, 0.07118009349686627
0.10584537139306871, 0.7636033525231322
0.19370724936936579, 0.11210393749141834
0.6233532122929271, 0.653553721008109
0.6868347772023865, 0.08057265169296324
0.5954330179728036, 0.16557413070157534
0.09887357896953164, 0.28575941943789473
0.7198957054995788, 0.4979717726717158
0.27632290678157445, 0.5855559481755491
0.7751220358863949, 0.7533877329742656
0.6587526269569212, 0.7734103637708349
0.6970639557146032, 0.454100480365921
0.5200883123179714, 0.8646756194117033
0.5901207271341138, 0.9239470418440339
0.8441312330592174, 0.8253601601002987
0.5735023270881057, 0.049687011687555294
0.3124937377020127, 0.9658431189827262
0.4125832931769724, 0.5229139750067662
0.32735353784236665, 0.32008544881199563
0.8327544664022125, 0.37264488404742846
0.7054210997901278, 0.012487957273986772
0.08953189827661612, 0.0026039422842899507
0.2747273128019755, 0.909118451397654
0.752546817077779, 0.2925079117541831
0.01943084756057456, 0.6691750697931953
0.16734132711914718, 0.6568958020521406
0.21499745284587368, 0.9915184200536424
0.08269983598164243, 0.4390141950871089
0.6904615835487325, 0.554520998200563
0.15690064034011586, 0.02199472775255995
0.08939442310346946, 0.08784578874563576
0.2290491802304091, 0.814224999897985
0.8404971490483825, 0.7389912833103269
0.7000767580321433, 0.5005520697310067
0.7906161322612942, 0.31694431070590323
0.40462464467395354, 0.7875396960169913
0.9049466618777459, 0.7433612772904304
0.058330653205156846, 0.8316742972618514
0.3958845820612428, 0.9603583101359614
0.5793136576468402, 0.9686825310396651
0.3369252993561517, 0.6373563070449582
0.5903834053785451, 0.48782123627306095
0.48376375279947037, 0.8454435750345055
0.25839819000251707, 0.26274424923338535
0.20451106387949702, 0.7245394291040896
0.8830858237908732, 0.26347084948460087
0.6749470022115373, 0.8531680441493147
0.8956829487781279, 0.33720804615738686
0.44466857043408314, 0.6553353325118225
0.4837147136230334, 0.7579443371443251
0.19087315668403937, 0.9729953590141427
0.5864908925156807, 0.20696130906380916
0.37711016588879187, 0.6144482860449024
0.9708991745044302, 0.9994061833963681
0.8483672029349989, 0.263508444790162
0.14086715852519438, 0.5647036729280565
0.11230308504254638, 0.8639270025667163
0.5928420828840195, 0.38170351546824355
