1e-05
0.8749830176517378, 0.04460995125586964
0.8749830176517378, 0.04460995125586964
0.8749830176517378, 0.04460995125586964
0.8749830176517378, 0.04460995125586964
0.8749830176517378, 0.04460995125586964
0.8749830176517378, 0.04460995125586964
0.8749830176517378, 0.04460995125586964
0.8749830176517378, 0.04460995125586964
0.8749830176517378, 0.04460995125586964
0.8749830176517378, 0.04460995125586964
0.9712820308879117, 0.9845941111761419
0.9712820308879117, 0.9845941111761419
0.9712820308879117, 0.9845941111761419
0.9712820308879117, 0.9845941111761419
0.9712820308879117, 0.9845941111761419
0.9712820308879117, 0.9845941111761419
0.9712820308879117, 0.9845941111761419
0.9712820308879117, 0.9845941111761419
0.9712820308879117, 0.9845941111761419
0.9712820308879117, 0.9845941111761419
0.24959186531066146, 0.8948044843901553
0.24959186531066146, 0.8948044843901553
0.24959186531066146, 0.8948044843901553
0.24959186531066146, 0.8948044843901553
0.24959186531066146, 0.8948044843901553
0.24959186531066146, 0.8948044843901553
0.24959186531066146, 0.8948044843901553
0.24959186531066146, 0.8948044843901553
0.24959186531066146, 0.8948044843901553
0.24959186531066146, 0.8948044843901553
0.760299084288863, 0.384280505107223
0.760299084288863, 0.384280505107223
0.760299084288863, 0.384280505107223
0.760299084288863, 0.384280505107223
0.760299084288863, 0.384280505107223
0.760299084288863, 0.384280505107223
0.760299084288863, 0.384280505107223
0.760299084288863, 0.384280505107223
0.760299084288863, 0.384280505107223
0.760299084288863, 0.384280505107223
0.20059955642270955, 0.2462719211515506
0.20059955642270955, 0.2462719211515506
0.20059955642270955, 0.2462719211515506
0.20059955642270955, 0.2462719211515506
0.20059955642270955, 0.2462719211515506
0.20059955642270955, 0.2462719211515506
0.20059955642270955, 0.2462719211515506
0.20059955642270955, 0.2462719211515506
0.20059955642270955, 0.2462719211515506
0.20059955642270955, 0.2462719211515506
0.8877640230907792, 0.8776549737854615
0.8877640230907792, 0.8776549737854615
0.8877640230907792, 0.8776549737854615
0.8877640230907792, 0.8776549737854615
0.8877640230907792, 0.8776549737854615
0.8877640230907792, 0.8776549737854615
0.8877640230907792, 0.8776549737854615
0.8877640230907792, 0.8776549737854615
0.8877640230907792, 0.8776549737854615
0.8877640230907792, 0.8776549737854615
0.4885745206918066, 0.5714852890047379
0.4885745206918066, 0.5714852890047379
0.4885745206918066, 0.5714852890047379
0.4885745206918066, 0.5714852890047379
0.4885745206918066, 0.5714852890047379
0.4885745206918066, 0.5714852890047379
0.4885745206918066, 0.5714852890047379
0.4885745206918066, 0.5714852890047379
0.4885745206918066, 0.5714852890047379
0.4885745206918066, 0.5714852890047379
0.316884090760406, 0.9448455095021858
0.316884090760406, 0.9448455095021858
0.316884090760406, 0.9448455095021858
0.316884090760406, 0.9448455095021858
0.316884090760406, 0.9448455095021858
0.316884090760406, 0.9448455095021858
0.316884090760406, 0.9448455095021858
0.316884090760406, 0.9448455095021858
0.316884090760406, 0.9448455095021858
0.316884090760406, 0.9448455095021858
0.45039852390844315, 0.3601050705863741
0.45039852390844315, 0.3601050705863741
0.45039852390844315, 0.3601050705863741
0.45039852390844315, 0.3601050705863741
0.45039852390844315, 0.3601050705863741
0.45039852390844315, 0.3601050705863741
0.45039852390844315, 0.3601050705863741
0.45039852390844315, 0.3601050705863741
0.45039852390844315, 0.3601050705863741
0.45039852390844315, 0.3601050705863741
0.28656496970775247, 0.5811313582416203
0.28656496970775247, 0.5811313582416203
0.28656496970775247, 0.5811313582416203
0.28656496970775247, 0.5811313582416203
0.28656496970775247, 0.5811313582416203
0.28656496970775247, 0.5811313582416203
0.28656496970775247, 0.5811313582416203
0.28656496970775247, 0.5811313582416203
0.28656496970775247, 0.5811313582416203
0.28656496970775247, 0.5811313582416203
