1e-05
0.0904284913141592, 0.5665837591924119
0.0904284913141592, 0.5665837591924119
0.0904284913141592, 0.5665837591924119
0.0904284913141592, 0.5665837591924119
0.0904284913141592, 0.5665837591924119
0.0904284913141592, 0.5665837591924119
0.0904284913141592, 0.5665837591924119
0.0904284913141592, 0.5665837591924119
0.0904284913141592, 0.5665837591924119
0.0904284913141592, 0.5665837591924119
0.48768500973354445, 0.29257458832493066
0.48768500973354445, 0.29257458832493066
0.48768500973354445, 0.29257458832493066
0.48768500973354445, 0.29257458832493066
0.48768500973354445, 0.29257458832493066
0.48768500973354445, 0.29257458832493066
0.48768500973354445, 0.29257458832493066
0.48768500973354445, 0.29257458832493066
0.48768500973354445, 0.29257458832493066
0.48768500973354445, 0.29257458832493066
0.5778769542328817, 0.8725380999160368
0.5778769542328817, 0.8725380999160368
0.5778769542328817, 0.8725380999160368
0.5778769542328817, 0.8725380999160368
0.5778769542328817, 0.8725380999160368
0.5778769542328817, 0.8725380999160368
0.5778769542328817, 0.8725380999160368
0.5778769542328817, 0.8725380999160368
0.5778769542328817, 0.8725380999160368
0.5778769542328817, 0.8725380999160368
0.456168660395197, 0.5359602568904798
0.456168660395197, 0.5359602568904798
0.456168660395197, 0.5359602568904798
0.456168660395197, 0.5359602568904798
0.456168660395197, 0.5359602568904798
0.456168660395197, 0.5359602568904798
0.456168660395197, 0.5359602568904798
0.456168660395197, 0.5359602568904798
0.456168660395197, 0.5359602568904798
0.456168660395197, 0.5359602568904798
0.4251093501499753, 0.35105750506996813
0.4251093501499753, 0.35105750506996813
0.4251093501499753, 0.35105750506996813
0.4251093501499753, 0.35105750506996813
0.4251093501499753, 0.35105750506996813
0.4251093501499753, 0.35105750506996813
0.4251093501499753, 0.35105750506996813
0.4251093501499753, 0.35105750506996813
0.4251093501499753, 0.35105750506996813
0.4251093501499753, 0.35105750506996813
0.8624174229478719, 0.8513666473607459
0.8624174229478719, 0.8513666473607459
0.8624174229478719, 0.8513666473607459
0.8624174229478719, 0.8513666473607459
0.8624174229478719, 0.8513666473607459
0.8624174229478719, 0.8513666473607459
0.8624174229478719, 0.8513666473607459
0.8624174229478719, 0.8513666473607459
0.8624174229478719, 0.8513666473607459
0.8624174229478719, 0.8513666473607459
0.2705727033404919, 0.09729449270500123
0.2705727033404919, 0.09729449270500123
0.2705727033404919, 0.09729449270500123
0.2705727033404919, 0.09729449270500123
0.2705727033404919, 0.09729449270500123
0.2705727033404919, 0.09729449270500123
0.2705727033404919, 0.09729449270500123
0.2705727033404919, 0.09729449270500123
0.2705727033404919, 0.09729449270500123
0.2705727033404919, 0.09729449270500123
0.540194075439438, 0.4111113323910872
0.540194075439438, 0.4111113323910872
0.540194075439438, 0.4111113323910872
0.540194075439438, 0.4111113323910872
0.540194075439438, 0.4111113323910872
0.540194075439438, 0.4111113323910872
0.540194075439438, 0.4111113323910872
0.540194075439438, 0.4111113323910872
0.540194075439438, 0.4111113323910872
0.540194075439438, 0.4111113323910872
0.8084794887716971, 0.06413673625032401
0.8084794887716971, 0.06413673625032401
0.8084794887716971, 0.06413673625032401
0.8084794887716971, 0.06413673625032401
0.8084794887716971, 0.06413673625032401
0.8084794887716971, 0.06413673625032401
0.8084794887716971, 0.06413673625032401
0.8084794887716971, 0.06413673625032401
0.8084794887716971, 0.06413673625032401
0.8084794887716971, 0.06413673625032401
0.17852185761606498, 0.4639207862783806
0.17852185761606498, 0.4639207862783806
0.17852185761606498, 0.4639207862783806
0.17852185761606498, 0.4639207862783806
0.17852185761606498, 0.4639207862783806
0.17852185761606498, 0.4639207862783806
0.17852185761606498, 0.4639207862783806
0.17852185761606498, 0.4639207862783806
0.17852185761606498, 0.4639207862783806
0.17852185761606498, 0.4639207862783806
