1e-05
0.8436723962742942, 0.03789454770116718
0.8436723962742942, 0.03789454770116718
0.8436723962742942, 0.03789454770116718
0.8436723962742942, 0.03789454770116718
0.8436723962742942, 0.03789454770116718
0.8436723962742942, 0.03789454770116718
0.8436723962742942, 0.03789454770116718
0.8436723962742942, 0.03789454770116718
0.8436723962742942, 0.03789454770116718
0.8436723962742942, 0.03789454770116718
0.5717185071812108, 0.1746785509316029
0.5717185071812108, 0.1746785509316029
0.5717185071812108, 0.1746785509316029
0.5717185071812108, 0.1746785509316029
0.5717185071812108, 0.1746785509316029
0.5717185071812108, 0.1746785509316029
0.5717185071812108, 0.1746785509316029
0.5717185071812108, 0.1746785509316029
0.5717185071812108, 0.1746785509316029
0.5717185071812108, 0.1746785509316029
0.43363160082784646, 0.7397638429528055
0.43363160082784646, 0.7397638429528055
0.43363160082784646, 0.7397638429528055
0.43363160082784646, 0.7397638429528055
0.43363160082784646, 0.7397638429528055
0.43363160082784646, 0.7397638429528055
0.43363160082784646, 0.7397638429528055
0.43363160082784646, 0.7397638429528055
0.43363160082784646, 0.7397638429528055
0.43363160082784646, 0.7397638429528055
0.9536095317618848, 0.2280049122159582
0.9536095317618848, 0.2280049122159582
0.9536095317618848, 0.2280049122159582
0.9536095317618848, 0.2280049122159582
0.9536095317618848, 0.2280049122159582
0.9536095317618848, 0.2280049122159582
0.9536095317618848, 0.2280049122159582
0.9536095317618848, 0.2280049122159582
0.9536095317618848, 0.2280049122159582
0.9536095317618848, 0.2280049122159582
0.9696338432538982, 0.9059659133387432
0.9696338432538982, 0.9059659133387432
0.9696338432538982, 0.9059659133387432
0.9696338432538982, 0.9059659133387432
0.9696338432538982, 0.9059659133387432
0.9696338432538982, 0.9059659133387432
0.9696338432538982, 0.9059659133387432
0.9696338432538982, 0.9059659133387432
0.9696338432538982, 0.9059659133387432
0.9696338432538982, 0.9059659133387432
0.31277077291339517, 0.1404493924198965
0.31277077291339517, 0.1404493924198965
0.31277077291339517, 0.1404493924198965
0.31277077291339517, 0.1404493924198965
0.31277077291339517, 0.1404493924198965
0.31277077291339517, 0.1404493924198965
0.31277077291339517, 0.1404493924198965
0.31277077291339517, 0.1404493924198965
0.31277077291339517, 0.1404493924198965
0.31277077291339517, 0.1404493924198965
0.5891008613322956, 0.9386192797979384
0.5891008613322956, 0.9386192797979384
0.5891008613322956, 0.9386192797979384
0.5891008613322956, 0.9386192797979384
0.5891008613322956, 0.9386192797979384
0.5891008613322956, 0.9386192797979384
0.5891008613322956, 0.9386192797979384
0.5891008613322956, 0.9386192797979384
0.5891008613322956, 0.9386192797979384
0.5891008613322956, 0.9386192797979384
0.458679069461866, 0.18663133222084016
0.458679069461866, 0.18663133222084016
0.458679069461866, 0.18663133222084016
0.458679069461866, 0.18663133222084016
0.458679069461866, 0.18663133222084016
0.458679069461866, 0.18663133222084016
0.458679069461866, 0.18663133222084016
0.458679069461866, 0.18663133222084016
0.458679069461866, 0.18663133222084016
0.458679069461866, 0.18663133222084016
0.5577043797748625, 0.016227161340655605
0.5577043797748625, 0.016227161340655605
0.5577043797748625, 0.016227161340655605
0.5577043797748625, 0.016227161340655605
0.5577043797748625, 0.016227161340655605
0.5577043797748625, 0.016227161340655605
0.5577043797748625, 0.016227161340655605
0.5577043797748625, 0.016227161340655605
0.5577043797748625, 0.016227161340655605
0.5577043797748625, 0.016227161340655605
0.9493708204116921, 0.36423545856916895
0.9493708204116921, 0.36423545856916895
0.9493708204116921, 0.36423545856916895
0.9493708204116921, 0.36423545856916895
0.9493708204116921, 0.36423545856916895
0.9493708204116921, 0.36423545856916895
0.9493708204116921, 0.36423545856916895
0.9493708204116921, 0.36423545856916895
0.9493708204116921, 0.36423545856916895
0.9493708204116921, 0.36423545856916895
