1e-05
0.319587079929477, 0.36656391943892486
0.319587079929477, 0.36656391943892486
0.319587079929477, 0.36656391943892486
0.319587079929477, 0.36656391943892486
0.319587079929477, 0.36656391943892486
0.319587079929477, 0.36656391943892486
0.319587079929477, 0.36656391943892486
0.319587079929477, 0.36656391943892486
0.319587079929477, 0.36656391943892486
0.319587079929477, 0.36656391943892486
0.6155920773194432, 0.03195844709812046
0.6155920773194432, 0.03195844709812046
0.6155920773194432, 0.03195844709812046
0.6155920773194432, 0.03195844709812046
0.6155920773194432, 0.03195844709812046
0.6155920773194432, 0.03195844709812046
0.6155920773194432, 0.03195844709812046
0.6155920773194432, 0.03195844709812046
0.6155920773194432, 0.03195844709812046
0.6155920773194432, 0.03195844709812046
0.42598195901031277, 0.899958777988227
0.42598195901031277, 0.899958777988227
0.42598195901031277, 0.899958777988227
0.42598195901031277, 0.899958777988227
0.42598195901031277, 0.899958777988227
0.42598195901031277, 0.899958777988227
0.42598195901031277, 0.899958777988227
0.42598195901031277, 0.899958777988227
0.42598195901031277, 0.899958777988227
0.42598195901031277, 0.899958777988227
0.13905409689154802, 0.31069194785510235
0.13905409689154802, 0.31069194785510235
0.13905409689154802, 0.31069194785510235
0.13905409689154802, 0.31069194785510235
0.13905409689154802, 0.31069194785510235
0.13905409689154802, 0.31069194785510235
0.13905409689154802, 0.31069194785510235
0.13905409689154802, 0.31069194785510235
0.13905409689154802, 0.31069194785510235
0.13905409689154802, 0.31069194785510235
0.578588425367886, 0.041324833983757636
0.578588425367886, 0.041324833983757636
0.578588425367886, 0.041324833983757636
0.578588425367886, 0.041324833983757636
0.578588425367886, 0.041324833983757636
0.578588425367886, 0.041324833983757636
0.578588425367886, 0.041324833983757636
0.578588425367886, 0.041324833983757636
0.578588425367886, 0.041324833983757636
0.578588425367886, 0.041324833983757636
0.6851418435871669, 0.18318088524368914
0.6851418435871669, 0.18318088524368914
0.6851418435871669, 0.18318088524368914
0.6851418435871669, 0.18318088524368914
0.6851418435871669, 0.18318088524368914
0.6851418435871669, 0.18318088524368914
0.6851418435871669, 0.18318088524368914
0.6851418435871669, 0.18318088524368914
0.6851418435871669, 0.18318088524368914
0.6851418435871669, 0.18318088524368914
0.8740273028533387, 0.1459107915642428
0.8740273028533387, 0.1459107915642428
0.8740273028533387, 0.1459107915642428
0.8740273028533387, 0.1459107915642428
0.8740273028533387, 0.1459107915642428
0.8740273028533387, 0.1459107915642428
0.8740273028533387, 0.1459107915642428
0.8740273028533387, 0.1459107915642428
0.8740273028533387, 0.1459107915642428
0.8740273028533387, 0.1459107915642428
0.9310690599572531, 0.288117564236966
0.9310690599572531, 0.288117564236966
0.9310690599572531, 0.288117564236966
0.9310690599572531, 0.288117564236966
0.9310690599572531, 0.288117564236966
0.9310690599572531, 0.288117564236966
0.9310690599572531, 0.288117564236966
0.9310690599572531, 0.288117564236966
0.9310690599572531, 0.288117564236966
0.9310690599572531, 0.288117564236966
0.1282055421375714, 0.5142442128855211
0.1282055421375714, 0.5142442128855211
0.1282055421375714, 0.5142442128855211
0.1282055421375714, 0.5142442128855211
0.1282055421375714, 0.5142442128855211
0.1282055421375714, 0.5142442128855211
0.1282055421375714, 0.5142442128855211
0.1282055421375714, 0.5142442128855211
0.1282055421375714, 0.5142442128855211
0.1282055421375714, 0.5142442128855211
0.7445101146111, 0.323763134084055
0.7445101146111, 0.323763134084055
0.7445101146111, 0.323763134084055
0.7445101146111, 0.323763134084055
0.7445101146111, 0.323763134084055
0.7445101146111, 0.323763134084055
0.7445101146111, 0.323763134084055
0.7445101146111, 0.323763134084055
0.7445101146111, 0.323763134084055
0.7445101146111, 0.323763134084055
