1e-05
0.7424396323665574, 0.1695315536839861
0.7424396323665574, 0.1695315536839861
0.7424396323665574, 0.1695315536839861
0.7424396323665574, 0.1695315536839861
0.7424396323665574, 0.1695315536839861
0.7424396323665574, 0.1695315536839861
0.7424396323665574, 0.1695315536839861
0.7424396323665574, 0.1695315536839861
0.7424396323665574, 0.1695315536839861
0.7424396323665574, 0.1695315536839861
0.35936797456669645, 0.0880251957567878
0.35936797456669645, 0.0880251957567878
0.35936797456669645, 0.0880251957567878
0.35936797456669645, 0.0880251957567878
0.35936797456669645, 0.0880251957567878
0.35936797456669645, 0.0880251957567878
0.35936797456669645, 0.0880251957567878
0.35936797456669645, 0.0880251957567878
0.35936797456669645, 0.0880251957567878
0.35936797456669645, 0.0880251957567878
0.1205883881240637, 0.5908258295500803
0.1205883881240637, 0.5908258295500803
0.1205883881240637, 0.5908258295500803
0.1205883881240637, 0.5908258295500803
0.1205883881240637, 0.5908258295500803
0.1205883881240637, 0.5908258295500803
0.1205883881240637, 0.5908258295500803
0.1205883881240637, 0.5908258295500803
0.1205883881240637, 0.5908258295500803
0.1205883881240637, 0.5908258295500803
0.463571570673463, 0.7825248007969536
0.463571570673463, 0.7825248007969536
0.463571570673463, 0.7825248007969536
0.463571570673463, 0.7825248007969536
0.463571570673463, 0.7825248007969536
0.463571570673463, 0.7825248007969536
0.463571570673463, 0.7825248007969536
0.463571570673463, 0.7825248007969536
0.463571570673463, 0.7825248007969536
0.463571570673463, 0.7825248007969536
0.3682206369763976, 0.7727825303045853
0.3682206369763976, 0.7727825303045853
0.3682206369763976, 0.7727825303045853
0.3682206369763976, 0.7727825303045853
0.3682206369763976, 0.7727825303045853
0.3682206369763976, 0.7727825303045853
0.3682206369763976, 0.7727825303045853
0.3682206369763976, 0.7727825303045853
0.3682206369763976, 0.7727825303045853
0.3682206369763976, 0.7727825303045853
0.3956356670126867, 0.10965848275664436
0.3956356670126867, 0.10965848275664436
0.3956356670126867, 0.10965848275664436
0.3956356670126867, 0.10965848275664436
0.3956356670126867, 0.10965848275664436
0.3956356670126867, 0.10965848275664436
0.3956356670126867, 0.10965848275664436
0.3956356670126867, 0.10965848275664436
0.3956356670126867, 0.10965848275664436
0.3956356670126867, 0.10965848275664436
0.47623955708712074, 0.24458871823067563
0.47623955708712074, 0.24458871823067563
0.47623955708712074, 0.24458871823067563
0.47623955708712074, 0.24458871823067563
0.47623955708712074, 0.24458871823067563
0.47623955708712074, 0.24458871823067563
0.47623955708712074, 0.24458871823067563
0.47623955708712074, 0.24458871823067563
0.47623955708712074, 0.24458871823067563
0.47623955708712074, 0.24458871823067563
0.9589072345928942, 0.5006458218090495
0.9589072345928942, 0.5006458218090495
0.9589072345928942, 0.5006458218090495
0.9589072345928942, 0.5006458218090495
0.9589072345928942, 0.5006458218090495
0.9589072345928942, 0.5006458218090495
0.9589072345928942, 0.5006458218090495
0.9589072345928942, 0.5006458218090495
0.9589072345928942, 0.5006458218090495
0.9589072345928942, 0.5006458218090495
0.9321654217669624, 0.06750454146432705
0.9321654217669624, 0.06750454146432705
0.9321654217669624, 0.06750454146432705
0.9321654217669624, 0.06750454146432705
0.9321654217669624, 0.06750454146432705
0.9321654217669624, 0.06750454146432705
0.9321654217669624, 0.06750454146432705
0.9321654217669624, 0.06750454146432705
0.9321654217669624, 0.06750454146432705
0.9321654217669624, 0.06750454146432705
0.23352406270451675, 0.8140772943405155
0.23352406270451675, 0.8140772943405155
0.23352406270451675, 0.8140772943405155
0.23352406270451675, 0.8140772943405155
0.23352406270451675, 0.8140772943405155
0.23352406270451675, 0.8140772943405155
0.23352406270451675, 0.8140772943405155
0.23352406270451675, 0.8140772943405155
0.23352406270451675, 0.8140772943405155
0.23352406270451675, 0.8140772943405155
