1e-05
0.596069827128085, 0.0091017223196177
0.596069827128085, 0.0091017223196177
0.596069827128085, 0.0091017223196177
0.596069827128085, 0.0091017223196177
0.596069827128085, 0.0091017223196177
0.596069827128085, 0.0091017223196177
0.596069827128085, 0.0091017223196177
0.596069827128085, 0.0091017223196177
0.596069827128085, 0.0091017223196177
0.596069827128085, 0.0091017223196177
0.6079807550400154, 0.0032259080785373984
0.6079807550400154, 0.0032259080785373984
0.6079807550400154, 0.0032259080785373984
0.6079807550400154, 0.0032259080785373984
0.6079807550400154, 0.0032259080785373984
0.6079807550400154, 0.0032259080785373984
0.6079807550400154, 0.0032259080785373984
0.6079807550400154, 0.0032259080785373984
0.6079807550400154, 0.0032259080785373984
0.6079807550400154, 0.0032259080785373984
0.9002314873643968, 0.5046924557339949
0.9002314873643968, 0.5046924557339949
0.9002314873643968, 0.5046924557339949
0.9002314873643968, 0.5046924557339949
0.9002314873643968, 0.5046924557339949
0.9002314873643968, 0.5046924557339949
0.9002314873643968, 0.5046924557339949
0.9002314873643968, 0.5046924557339949
0.9002314873643968, 0.5046924557339949
0.9002314873643968, 0.5046924557339949
0.1207955512797868, 0.46855010816735576
0.1207955512797868, 0.46855010816735576
0.1207955512797868, 0.46855010816735576
0.1207955512797868, 0.46855010816735576
0.1207955512797868, 0.46855010816735576
0.1207955512797868, 0.46855010816735576
0.1207955512797868, 0.46855010816735576
0.1207955512797868, 0.46855010816735576
0.1207955512797868, 0.46855010816735576
0.1207955512797868, 0.46855010816735576
0.2840540521693852, 0.36664769829981714
0.2840540521693852, 0.36664769829981714
0.2840540521693852, 0.36664769829981714
0.2840540521693852, 0.36664769829981714
0.2840540521693852, 0.36664769829981714
0.2840540521693852, 0.36664769829981714
0.2840540521693852, 0.36664769829981714
0.2840540521693852, 0.36664769829981714
0.2840540521693852, 0.36664769829981714
0.2840540521693852, 0.36664769829981714
0.23908354865614168, 0.5012725611218265
0.23908354865614168, 0.5012725611218265
0.23908354865614168, 0.5012725611218265
0.23908354865614168, 0.5012725611218265
0.23908354865614168, 0.5012725611218265
0.23908354865614168, 0.5012725611218265
0.23908354865614168, 0.5012725611218265
0.23908354865614168, 0.5012725611218265
0.23908354865614168, 0.5012725611218265
0.23908354865614168, 0.5012725611218265
0.4026912348281696, 0.5586468126116054
0.4026912348281696, 0.5586468126116054
0.4026912348281696, 0.5586468126116054
0.4026912348281696, 0.5586468126116054
0.4026912348281696, 0.5586468126116054
0.4026912348281696, 0.5586468126116054
0.4026912348281696, 0.5586468126116054
0.4026912348281696, 0.5586468126116054
0.4026912348281696, 0.5586468126116054
0.4026912348281696, 0.5586468126116054
0.8836461686749608, 0.44626588653605925
0.8836461686749608, 0.44626588653605925
0.8836461686749608, 0.44626588653605925
0.8836461686749608, 0.44626588653605925
0.8836461686749608, 0.44626588653605925
0.8836461686749608, 0.44626588653605925
0.8836461686749608, 0.44626588653605925
0.8836461686749608, 0.44626588653605925
0.8836461686749608, 0.44626588653605925
0.8836461686749608, 0.44626588653605925
0.7338249663089077, 0.8138796755673353
0.7338249663089077, 0.8138796755673353
0.7338249663089077, 0.8138796755673353
0.7338249663089077, 0.8138796755673353
0.7338249663089077, 0.8138796755673353
0.7338249663089077, 0.8138796755673353
0.7338249663089077, 0.8138796755673353
0.7338249663089077, 0.8138796755673353
0.7338249663089077, 0.8138796755673353
0.7338249663089077, 0.8138796755673353
0.21381567020307213, 0.3031900092131219
0.21381567020307213, 0.3031900092131219
0.21381567020307213, 0.3031900092131219
0.21381567020307213, 0.3031900092131219
0.21381567020307213, 0.3031900092131219
0.21381567020307213, 0.3031900092131219
0.21381567020307213, 0.3031900092131219
0.21381567020307213, 0.3031900092131219
0.21381567020307213, 0.3031900092131219
0.21381567020307213, 0.3031900092131219
