1e-05
0.22107112710263677, 0.32777293382352035
0.22107112710263677, 0.32777293382352035
0.22107112710263677, 0.32777293382352035
0.22107112710263677, 0.32777293382352035
0.22107112710263677, 0.32777293382352035
0.22107112710263677, 0.32777293382352035
0.22107112710263677, 0.32777293382352035
0.22107112710263677, 0.32777293382352035
0.22107112710263677, 0.32777293382352035
0.22107112710263677, 0.32777293382352035
0.591887165241265, 0.4918450582902332
0.591887165241265, 0.4918450582902332
0.591887165241265, 0.4918450582902332
0.591887165241265, 0.4918450582902332
0.591887165241265, 0.4918450582902332
0.591887165241265, 0.4918450582902332
0.591887165241265, 0.4918450582902332
0.591887165241265, 0.4918450582902332
0.591887165241265, 0.4918450582902332
0.591887165241265, 0.4918450582902332
0.009405853394530261, 0.9383055243444137
0.009405853394530261, 0.9383055243444137
0.009405853394530261, 0.9383055243444137
0.009405853394530261, 0.9383055243444137
0.009405853394530261, 0.9383055243444137
0.009405853394530261, 0.9383055243444137
0.009405853394530261, 0.9383055243444137
0.009405853394530261, 0.9383055243444137
0.009405853394530261, 0.9383055243444137
0.009405853394530261, 0.9383055243444137
0.7805806039907871, 0.9558870098767701
0.7805806039907871, 0.9558870098767701
0.7805806039907871, 0.9558870098767701
0.7805806039907871, 0.9558870098767701
0.7805806039907871, 0.9558870098767701
0.7805806039907871, 0.9558870098767701
0.7805806039907871, 0.9558870098767701
0.7805806039907871, 0.9558870098767701
0.7805806039907871, 0.9558870098767701
0.7805806039907871, 0.9558870098767701
0.25104896629462425, 0.5992983082580436
0.25104896629462425, 0.5992983082580436
0.25104896629462425, 0.5992983082580436
0.25104896629462425, 0.5992983082580436
0.25104896629462425, 0.5992983082580436
0.25104896629462425, 0.5992983082580436
0.25104896629462425, 0.5992983082580436
0.25104896629462425, 0.5992983082580436
0.25104896629462425, 0.5992983082580436
0.25104896629462425, 0.5992983082580436
0.2865433391303861, 0.8981386050609342
0.2865433391303861, 0.8981386050609342
0.2865433391303861, 0.8981386050609342
0.2865433391303861, 0.8981386050609342
0.2865433391303861, 0.8981386050609342
0.2865433391303861, 0.8981386050609342
0.2865433391303861, 0.8981386050609342
0.2865433391303861, 0.8981386050609342
0.2865433391303861, 0.8981386050609342
0.2865433391303861, 0.8981386050609342
0.8095710086268406, 0.298791752380007
0.8095710086268406, 0.298791752380007
0.8095710086268406, 0.298791752380007
0.8095710086268406, 0.298791752380007
0.8095710086268406, 0.298791752380007
0.8095710086268406, 0.298791752380007
0.8095710086268406, 0.298791752380007
0.8095710086268406, 0.298791752380007
0.8095710086268406, 0.298791752380007
0.8095710086268406, 0.298791752380007
0.8969320550375639, 0.18254029534422578
0.8969320550375639, 0.18254029534422578
0.8969320550375639, 0.18254029534422578
0.8969320550375639, 0.18254029534422578
0.8969320550375639, 0.18254029534422578
0.8969320550375639, 0.18254029534422578
0.8969320550375639, 0.18254029534422578
0.8969320550375639, 0.18254029534422578
0.8969320550375639, 0.18254029534422578
0.8969320550375639, 0.18254029534422578
0.4058438921255618, 0.16074880249477286
0.4058438921255618, 0.16074880249477286
0.4058438921255618, 0.16074880249477286
0.4058438921255618, 0.16074880249477286
0.4058438921255618, 0.16074880249477286
0.4058438921255618, 0.16074880249477286
0.4058438921255618, 0.16074880249477286
0.4058438921255618, 0.16074880249477286
0.4058438921255618, 0.16074880249477286
0.4058438921255618, 0.16074880249477286
0.9167640937071408, 0.7906909780246251
0.9167640937071408, 0.7906909780246251
0.9167640937071408, 0.7906909780246251
0.9167640937071408, 0.7906909780246251
0.9167640937071408, 0.7906909780246251
0.9167640937071408, 0.7906909780246251
0.9167640937071408, 0.7906909780246251
0.9167640937071408, 0.7906909780246251
0.9167640937071408, 0.7906909780246251
0.9167640937071408, 0.7906909780246251
