1e-05
0.5434357961574404, 0.5729658751707251
0.5434357961574404, 0.5729658751707251
0.5434357961574404, 0.5729658751707251
0.5434357961574404, 0.5729658751707251
0.5434357961574404, 0.5729658751707251
0.5434357961574404, 0.5729658751707251
0.5434357961574404, 0.5729658751707251
0.5434357961574404, 0.5729658751707251
0.5434357961574404, 0.5729658751707251
0.5434357961574404, 0.5729658751707251
0.40695568411702354, 0.3076303615885271
0.40695568411702354, 0.3076303615885271
0.40695568411702354, 0.3076303615885271
0.40695568411702354, 0.3076303615885271
0.40695568411702354, 0.3076303615885271
0.40695568411702354, 0.3076303615885271
0.40695568411702354, 0.3076303615885271
0.40695568411702354, 0.3076303615885271
0.40695568411702354, 0.3076303615885271
0.40695568411702354, 0.3076303615885271
0.32058883996733356, 0.22569216657829383
0.32058883996733356, 0.22569216657829383
0.32058883996733356, 0.22569216657829383
0.32058883996733356, 0.22569216657829383
0.32058883996733356, 0.22569216657829383
0.32058883996733356, 0.22569216657829383
0.32058883996733356, 0.22569216657829383
0.32058883996733356, 0.22569216657829383
0.32058883996733356, 0.22569216657829383
0.32058883996733356, 0.22569216657829383
0.7318412762444695, 0.07920638035147554
0.7318412762444695, 0.07920638035147554
0.7318412762444695, 0.07920638035147554
0.7318412762444695, 0.07920638035147554
0.7318412762444695, 0.07920638035147554
0.7318412762444695, 0.07920638035147554
0.7318412762444695, 0.07920638035147554
0.7318412762444695, 0.07920638035147554
0.7318412762444695, 0.07920638035147554
0.7318412762444695, 0.07920638035147554
0.6391860778232891, 0.9491552094552629
0.6391860778232891, 0.9491552094552629
0.6391860778232891, 0.9491552094552629
0.6391860778232891, 0.9491552094552629
0.6391860778232891, 0.9491552094552629
0.6391860778232891, 0.9491552094552629
0.6391860778232891, 0.9491552094552629
0.6391860778232891, 0.9491552094552629
0.6391860778232891, 0.9491552094552629
0.6391860778232891, 0.9491552094552629
0.24638425068855996, 0.3038248079743413
0.24638425068855996, 0.3038248079743413
0.24638425068855996, 0.3038248079743413
0.24638425068855996, 0.3038248079743413
0.24638425068855996, 0.3038248079743413
0.24638425068855996, 0.3038248079743413
0.24638425068855996, 0.3038248079743413
0.24638425068855996, 0.3038248079743413
0.24638425068855996, 0.3038248079743413
0.24638425068855996, 0.3038248079743413
0.7065931433416277, 0.32460846941129806
0.7065931433416277, 0.32460846941129806
0.7065931433416277, 0.32460846941129806
0.7065931433416277, 0.32460846941129806
0.7065931433416277, 0.32460846941129806
0.7065931433416277, 0.32460846941129806
0.7065931433416277, 0.32460846941129806
0.7065931433416277, 0.32460846941129806
0.7065931433416277, 0.32460846941129806
0.7065931433416277, 0.32460846941129806
0.44672707004734535, 0.7130519474950013
0.44672707004734535, 0.7130519474950013
0.44672707004734535, 0.7130519474950013
0.44672707004734535, 0.7130519474950013
0.44672707004734535, 0.7130519474950013
0.44672707004734535, 0.7130519474950013
0.44672707004734535, 0.7130519474950013
0.44672707004734535, 0.7130519474950013
0.44672707004734535, 0.7130519474950013
0.44672707004734535, 0.7130519474950013
0.989282221627009, 0.010246955006327219
0.989282221627009, 0.010246955006327219
0.989282221627009, 0.010246955006327219
0.989282221627009, 0.010246955006327219
0.989282221627009, 0.010246955006327219
0.989282221627009, 0.010246955006327219
0.989282221627009, 0.010246955006327219
0.989282221627009, 0.010246955006327219
0.989282221627009, 0.010246955006327219
0.989282221627009, 0.010246955006327219
0.7139258366911732, 0.41073667785134393
0.7139258366911732, 0.41073667785134393
0.7139258366911732, 0.41073667785134393
0.7139258366911732, 0.41073667785134393
0.7139258366911732, 0.41073667785134393
0.7139258366911732, 0.41073667785134393
0.7139258366911732, 0.41073667785134393
0.7139258366911732, 0.41073667785134393
0.7139258366911732, 0.41073667785134393
0.7139258366911732, 0.41073667785134393
