1e-05
0.09163915651807342, 0.2502862799514888
0.09163915651807342, 0.2502862799514888
0.09163915651807342, 0.2502862799514888
0.09163915651807342, 0.2502862799514888
0.09163915651807342, 0.2502862799514888
0.09163915651807342, 0.2502862799514888
0.09163915651807342, 0.2502862799514888
0.09163915651807342, 0.2502862799514888
0.09163915651807342, 0.2502862799514888
0.09163915651807342, 0.2502862799514888
0.48451398217864405, 0.8848860576582025
0.48451398217864405, 0.8848860576582025
0.48451398217864405, 0.8848860576582025
0.48451398217864405, 0.8848860576582025
0.48451398217864405, 0.8848860576582025
0.48451398217864405, 0.8848860576582025
0.48451398217864405, 0.8848860576582025
0.48451398217864405, 0.8848860576582025
0.48451398217864405, 0.8848860576582025
0.48451398217864405, 0.8848860576582025
0.9866230952871674, 0.32130174997831185
0.9866230952871674, 0.32130174997831185
0.9866230952871674, 0.32130174997831185
0.9866230952871674, 0.32130174997831185
0.9866230952871674, 0.32130174997831185
0.9866230952871674, 0.32130174997831185
0.9866230952871674, 0.32130174997831185
0.9866230952871674, 0.32130174997831185
0.9866230952871674, 0.32130174997831185
0.9866230952871674, 0.32130174997831185
0.3555164725590222, 0.7470088951933419
0.3555164725590222, 0.7470088951933419
0.3555164725590222, 0.7470088951933419
0.3555164725590222, 0.7470088951933419
0.3555164725590222, 0.7470088951933419
0.3555164725590222, 0.7470088951933419
0.3555164725590222, 0.7470088951933419
0.3555164725590222, 0.7470088951933419
0.3555164725590222, 0.7470088951933419
0.3555164725590222, 0.7470088951933419
0.32521483582661836, 0.7948602421781441
0.32521483582661836, 0.7948602421781441
0.32521483582661836, 0.7948602421781441
0.32521483582661836, 0.7948602421781441
0.32521483582661836, 0.7948602421781441
0.32521483582661836, 0.7948602421781441
0.32521483582661836, 0.7948602421781441
0.32521483582661836, 0.7948602421781441
0.32521483582661836, 0.7948602421781441
0.32521483582661836, 0.7948602421781441
0.5629073982370337, 0.7805506451328933
0.5629073982370337, 0.7805506451328933
0.5629073982370337, 0.7805506451328933
0.5629073982370337, 0.7805506451328933
0.5629073982370337, 0.7805506451328933
0.5629073982370337, 0.7805506451328933
0.5629073982370337, 0.7805506451328933
0.5629073982370337, 0.7805506451328933
0.5629073982370337, 0.7805506451328933
0.5629073982370337, 0.7805506451328933
0.3745777054473073, 0.9254102055727044
0.3745777054473073, 0.9254102055727044
0.3745777054473073, 0.9254102055727044
0.3745777054473073, 0.9254102055727044
0.3745777054473073, 0.9254102055727044
0.3745777054473073, 0.9254102055727044
0.3745777054473073, 0.9254102055727044
0.3745777054473073, 0.9254102055727044
0.3745777054473073, 0.9254102055727044
0.3745777054473073, 0.9254102055727044
0.08596016996414979, 0.8892490534958234
0.08596016996414979, 0.8892490534958234
0.08596016996414979, 0.8892490534958234
0.08596016996414979, 0.8892490534958234
0.08596016996414979, 0.8892490534958234
0.08596016996414979, 0.8892490534958234
0.08596016996414979, 0.8892490534958234
0.08596016996414979, 0.8892490534958234
0.08596016996414979, 0.8892490534958234
0.08596016996414979, 0.8892490534958234
0.5442415539792528, 0.5055602919643617
0.5442415539792528, 0.5055602919643617
0.5442415539792528, 0.5055602919643617
0.5442415539792528, 0.5055602919643617
0.5442415539792528, 0.5055602919643617
0.5442415539792528, 0.5055602919643617
0.5442415539792528, 0.5055602919643617
0.5442415539792528, 0.5055602919643617
0.5442415539792528, 0.5055602919643617
0.5442415539792528, 0.5055602919643617
0.5166262272753033, 0.8152327341586482
0.5166262272753033, 0.8152327341586482
0.5166262272753033, 0.8152327341586482
0.5166262272753033, 0.8152327341586482
0.5166262272753033, 0.8152327341586482
0.5166262272753033, 0.8152327341586482
0.5166262272753033, 0.8152327341586482
0.5166262272753033, 0.8152327341586482
0.5166262272753033, 0.8152327341586482
0.5166262272753033, 0.8152327341586482
