1e-05
0.3992101694755026, 0.5685167280682624
0.3992101694755026, 0.5685167280682624
0.3992101694755026, 0.5685167280682624
0.3992101694755026, 0.5685167280682624
0.3992101694755026, 0.5685167280682624
0.3992101694755026, 0.5685167280682624
0.3992101694755026, 0.5685167280682624
0.3992101694755026, 0.5685167280682624
0.3992101694755026, 0.5685167280682624
0.3992101694755026, 0.5685167280682624
0.0525149453508964, 0.5666094394717061
0.0525149453508964, 0.5666094394717061
0.0525149453508964, 0.5666094394717061
0.0525149453508964, 0.5666094394717061
0.0525149453508964, 0.5666094394717061
0.0525149453508964, 0.5666094394717061
0.0525149453508964, 0.5666094394717061
0.0525149453508964, 0.5666094394717061
0.0525149453508964, 0.5666094394717061
0.0525149453508964, 0.5666094394717061
0.5419900310965008, 0.8172811785788
0.5419900310965008, 0.8172811785788
0.5419900310965008, 0.8172811785788
0.5419900310965008, 0.8172811785788
0.5419900310965008, 0.8172811785788
0.5419900310965008, 0.8172811785788
0.5419900310965008, 0.8172811785788
0.5419900310965008, 0.8172811785788
0.5419900310965008, 0.8172811785788
0.5419900310965008, 0.8172811785788
0.14988876690393216, 0.9987440381754675
0.14988876690393216, 0.9987440381754675
0.14988876690393216, 0.9987440381754675
0.14988876690393216, 0.9987440381754675
0.14988876690393216, 0.9987440381754675
0.14988876690393216, 0.9987440381754675
0.14988876690393216, 0.9987440381754675
0.14988876690393216, 0.9987440381754675
0.14988876690393216, 0.9987440381754675
0.14988876690393216, 0.9987440381754675
0.1297928397570557, 0.5343412582829502
0.1297928397570557, 0.5343412582829502
0.1297928397570557, 0.5343412582829502
0.1297928397570557, 0.5343412582829502
0.1297928397570557, 0.5343412582829502
0.1297928397570557, 0.5343412582829502
0.1297928397570557, 0.5343412582829502
0.1297928397570557, 0.5343412582829502
0.1297928397570557, 0.5343412582829502
0.1297928397570557, 0.5343412582829502
0.970899563027715, 0.1664886365129632
0.970899563027715, 0.1664886365129632
0.970899563027715, 0.1664886365129632
0.970899563027715, 0.1664886365129632
0.970899563027715, 0.1664886365129632
0.970899563027715, 0.1664886365129632
0.970899563027715, 0.1664886365129632
0.970899563027715, 0.1664886365129632
0.970899563027715, 0.1664886365129632
0.970899563027715, 0.1664886365129632
0.16877414807501534, 0.0988822386495094
0.16877414807501534, 0.0988822386495094
0.16877414807501534, 0.0988822386495094
0.16877414807501534, 0.0988822386495094
0.16877414807501534, 0.0988822386495094
0.16877414807501534, 0.0988822386495094
0.16877414807501534, 0.0988822386495094
0.16877414807501534, 0.0988822386495094
0.16877414807501534, 0.0988822386495094
0.16877414807501534, 0.0988822386495094
0.46384582540744423, 0.910676005942806
0.46384582540744423, 0.910676005942806
0.46384582540744423, 0.910676005942806
0.46384582540744423, 0.910676005942806
0.46384582540744423, 0.910676005942806
0.46384582540744423, 0.910676005942806
0.46384582540744423, 0.910676005942806
0.46384582540744423, 0.910676005942806
0.46384582540744423, 0.910676005942806
0.46384582540744423, 0.910676005942806
0.82257966296078, 0.3173418154041383
0.82257966296078, 0.3173418154041383
0.82257966296078, 0.3173418154041383
0.82257966296078, 0.3173418154041383
0.82257966296078, 0.3173418154041383
0.82257966296078, 0.3173418154041383
0.82257966296078, 0.3173418154041383
0.82257966296078, 0.3173418154041383
0.82257966296078, 0.3173418154041383
0.82257966296078, 0.3173418154041383
0.5266254929413922, 0.17241287246988823
0.5266254929413922, 0.17241287246988823
0.5266254929413922, 0.17241287246988823
0.5266254929413922, 0.17241287246988823
0.5266254929413922, 0.17241287246988823
0.5266254929413922, 0.17241287246988823
0.5266254929413922, 0.17241287246988823
0.5266254929413922, 0.17241287246988823
0.5266254929413922, 0.17241287246988823
0.5266254929413922, 0.17241287246988823
