1e-05
0.6526450607130754, 0.6487385128924699
0.6526450607130754, 0.6487385128924699
0.6526450607130754, 0.6487385128924699
0.6526450607130754, 0.6487385128924699
0.6526450607130754, 0.6487385128924699
0.6526450607130754, 0.6487385128924699
0.6526450607130754, 0.6487385128924699
0.6526450607130754, 0.6487385128924699
0.6526450607130754, 0.6487385128924699
0.6526450607130754, 0.6487385128924699
0.758426084624712, 0.7231892761965714
0.758426084624712, 0.7231892761965714
0.758426084624712, 0.7231892761965714
0.758426084624712, 0.7231892761965714
0.758426084624712, 0.7231892761965714
0.758426084624712, 0.7231892761965714
0.758426084624712, 0.7231892761965714
0.758426084624712, 0.7231892761965714
0.758426084624712, 0.7231892761965714
0.758426084624712, 0.7231892761965714
0.7058193155804164, 0.4822393620869724
0.7058193155804164, 0.4822393620869724
0.7058193155804164, 0.4822393620869724
0.7058193155804164, 0.4822393620869724
0.7058193155804164, 0.4822393620869724
0.7058193155804164, 0.4822393620869724
0.7058193155804164, 0.4822393620869724
0.7058193155804164, 0.4822393620869724
0.7058193155804164, 0.4822393620869724
0.7058193155804164, 0.4822393620869724
0.006325348527806196, 0.9121409238116522
0.006325348527806196, 0.9121409238116522
0.006325348527806196, 0.9121409238116522
0.006325348527806196, 0.9121409238116522
0.006325348527806196, 0.9121409238116522
0.006325348527806196, 0.9121409238116522
0.006325348527806196, 0.9121409238116522
0.006325348527806196, 0.9121409238116522
0.006325348527806196, 0.9121409238116522
0.006325348527806196, 0.9121409238116522
0.3563010685151099, 0.866201236564758
0.3563010685151099, 0.866201236564758
0.3563010685151099, 0.866201236564758
0.3563010685151099, 0.866201236564758
0.3563010685151099, 0.866201236564758
0.3563010685151099, 0.866201236564758
0.3563010685151099, 0.866201236564758
0.3563010685151099, 0.866201236564758
0.3563010685151099, 0.866201236564758
0.3563010685151099, 0.866201236564758
0.6735143514648341, 0.3581745434995709
0.6735143514648341, 0.3581745434995709
0.6735143514648341, 0.3581745434995709
0.6735143514648341, 0.3581745434995709
0.6735143514648341, 0.3581745434995709
0.6735143514648341, 0.3581745434995709
0.6735143514648341, 0.3581745434995709
0.6735143514648341, 0.3581745434995709
0.6735143514648341, 0.3581745434995709
0.6735143514648341, 0.3581745434995709
0.4702208310678784, 0.5691310064019083
0.4702208310678784, 0.5691310064019083
0.4702208310678784, 0.5691310064019083
0.4702208310678784, 0.5691310064019083
0.4702208310678784, 0.5691310064019083
0.4702208310678784, 0.5691310064019083
0.4702208310678784, 0.5691310064019083
0.4702208310678784, 0.5691310064019083
0.4702208310678784, 0.5691310064019083
0.4702208310678784, 0.5691310064019083
0.7475888361802319, 0.15368622800208154
0.7475888361802319, 0.15368622800208154
0.7475888361802319, 0.15368622800208154
0.7475888361802319, 0.15368622800208154
0.7475888361802319, 0.15368622800208154
0.7475888361802319, 0.15368622800208154
0.7475888361802319, 0.15368622800208154
0.7475888361802319, 0.15368622800208154
0.7475888361802319, 0.15368622800208154
0.7475888361802319, 0.15368622800208154
0.536852524026239, 0.9400614691947184
0.536852524026239, 0.9400614691947184
0.536852524026239, 0.9400614691947184
0.536852524026239, 0.9400614691947184
0.536852524026239, 0.9400614691947184
0.536852524026239, 0.9400614691947184
0.536852524026239, 0.9400614691947184
0.536852524026239, 0.9400614691947184
0.536852524026239, 0.9400614691947184
0.536852524026239, 0.9400614691947184
0.359644542082593, 0.1826667184191587
0.359644542082593, 0.1826667184191587
0.359644542082593, 0.1826667184191587
0.359644542082593, 0.1826667184191587
0.359644542082593, 0.1826667184191587
0.359644542082593, 0.1826667184191587
0.359644542082593, 0.1826667184191587
0.359644542082593, 0.1826667184191587
0.359644542082593, 0.1826667184191587
0.359644542082593, 0.1826667184191587
