1e-05
0.07930582631323979, 0.06980289045203669
0.07930582631323979, 0.06980289045203669
0.07930582631323979, 0.06980289045203669
0.07930582631323979, 0.06980289045203669
0.07930582631323979, 0.06980289045203669
0.07930582631323979, 0.06980289045203669
0.07930582631323979, 0.06980289045203669
0.07930582631323979, 0.06980289045203669
0.07930582631323979, 0.06980289045203669
0.07930582631323979, 0.06980289045203669
0.5593297979880546, 0.38993225377301854
0.5593297979880546, 0.38993225377301854
0.5593297979880546, 0.38993225377301854
0.5593297979880546, 0.38993225377301854
0.5593297979880546, 0.38993225377301854
0.5593297979880546, 0.38993225377301854
0.5593297979880546, 0.38993225377301854
0.5593297979880546, 0.38993225377301854
0.5593297979880546, 0.38993225377301854
0.5593297979880546, 0.38993225377301854
0.49047481295301043, 0.04297209057381113
0.49047481295301043, 0.04297209057381113
0.49047481295301043, 0.04297209057381113
0.49047481295301043, 0.04297209057381113
0.49047481295301043, 0.04297209057381113
0.49047481295301043, 0.04297209057381113
0.49047481295301043, 0.04297209057381113
0.49047481295301043, 0.04297209057381113
0.49047481295301043, 0.04297209057381113
0.49047481295301043, 0.04297209057381113
0.7120206299765293, 0.2547879609273275
0.7120206299765293, 0.2547879609273275
0.7120206299765293, 0.2547879609273275
0.7120206299765293, 0.2547879609273275
0.7120206299765293, 0.2547879609273275
0.7120206299765293, 0.2547879609273275
0.7120206299765293, 0.2547879609273275
0.7120206299765293, 0.2547879609273275
0.7120206299765293, 0.2547879609273275
0.7120206299765293, 0.2547879609273275
0.17905994389683177, 0.18587691275349938
0.17905994389683177, 0.18587691275349938
0.17905994389683177, 0.18587691275349938
0.17905994389683177, 0.18587691275349938
0.17905994389683177, 0.18587691275349938
0.17905994389683177, 0.18587691275349938
0.17905994389683177, 0.18587691275349938
0.17905994389683177, 0.18587691275349938
0.17905994389683177, 0.18587691275349938
0.17905994389683177, 0.18587691275349938
0.0973202194194952, 0.6326633811695673
0.0973202194194952, 0.6326633811695673
0.0973202194194952, 0.6326633811695673
0.0973202194194952, 0.6326633811695673
0.0973202194194952, 0.6326633811695673
0.0973202194194952, 0.6326633811695673
0.0973202194194952, 0.6326633811695673
0.0973202194194952, 0.6326633811695673
0.0973202194194952, 0.6326633811695673
0.0973202194194952, 0.6326633811695673
0.46963188132718114, 0.021511701664681193
0.46963188132718114, 0.021511701664681193
0.46963188132718114, 0.021511701664681193
0.46963188132718114, 0.021511701664681193
0.46963188132718114, 0.021511701664681193
0.46963188132718114, 0.021511701664681193
0.46963188132718114, 0.021511701664681193
0.46963188132718114, 0.021511701664681193
0.46963188132718114, 0.021511701664681193
0.46963188132718114, 0.021511701664681193
0.08867471802770355, 0.7110444635842812
0.08867471802770355, 0.7110444635842812
0.08867471802770355, 0.7110444635842812
0.08867471802770355, 0.7110444635842812
0.08867471802770355, 0.7110444635842812
0.08867471802770355, 0.7110444635842812
0.08867471802770355, 0.7110444635842812
0.08867471802770355, 0.7110444635842812
0.08867471802770355, 0.7110444635842812
0.08867471802770355, 0.7110444635842812
0.4212542910686631, 0.665035838496871
0.4212542910686631, 0.665035838496871
0.4212542910686631, 0.665035838496871
0.4212542910686631, 0.665035838496871
0.4212542910686631, 0.665035838496871
0.4212542910686631, 0.665035838496871
0.4212542910686631, 0.665035838496871
0.4212542910686631, 0.665035838496871
0.4212542910686631, 0.665035838496871
0.4212542910686631, 0.665035838496871
0.5397701660402783, 0.22769716243431815
0.5397701660402783, 0.22769716243431815
0.5397701660402783, 0.22769716243431815
0.5397701660402783, 0.22769716243431815
0.5397701660402783, 0.22769716243431815
0.5397701660402783, 0.22769716243431815
0.5397701660402783, 0.22769716243431815
0.5397701660402783, 0.22769716243431815
0.5397701660402783, 0.22769716243431815
0.5397701660402783, 0.22769716243431815
