1e-05
0.15152167054356602, 0.8820161058476992
0.038856967425892286, 0.27340601464866277
0.6165149949894452, 0.06419659951352408
0.6585607003181019, 0.9481070488727674
0.6038637181503475, 0.13039433448971138
0.38482093829119357, 0.5075008232565541
0.9982463019404376, 0.41600560318892
0.6855727908627931, 0.9377807197394734
0.7100488704943577, 0.9062511500776805
0.553476896609939, 0.02247270399151846
0.2934946054035914, 0.00016491880002389436
0.11388366986374854, 0.8991511043737855
0.22146702129837526, 0.6625190112919113
0.8539562018365978, 0.20049692821855414
0.6380132260552991, 0.998532082432451
0.6727729657399594, 0.21209063693717067
0.004686789837091476, 0.47491331839654405
0.4612709600818242, 0.76382827682219
0.7187701386720841, 0.45910040193885227
0.3813653210031128, 0.7713280115836536
0.46484399843086865, 0.1881139337114336
0.5670093370117892, 0.7358584048148995
0.12985314537892545, 0.4937789114394945
0.7708666563610316, 0.8345919732673014
0.6080712981633491, 0.31059200130999065
0.7383610938668994, 0.7686323123545349
0.7214761839232601, 0.9383357723330359
0.6853362662282384, 0.7760134471583098
0.14404387280257436, 0.05533434387508973
0.9440722604584567, 0.500418565773103
0.38930414841435046, 0.45067081536645026
0.8316078117571358, 0.1707553980422266
0.5081450478810429, 0.6927923347859859
0.33071814322929227, 0.3207121668901016
0.8413271170816132, 0.6004309008164881
0.3302204747957268, 0.9264045728562166
0.7198723185280332, 0.3347946981157707
0.3733358923629335, 0.07064754054202338
0.8749185503200413, 0.4279303589732205
0.3552753882167754, 0.3465354259834902
0.5510551570205644, 0.6012399945991104
0.010312499547274312, 0.06298499009399594
0.26808434877207366, 0.5940129685558172
0.28898489679525285, 0.3495378520823288
0.37807955946469873, 0.7462362413092792
0.09406031854709418, 0.11390358618641638
0.3394725592472101, 0.8770094824794299
0.4309538664609248, 0.9154825752346024
0.18387858882411312, 0.15301571476257847
0.988555616643384, 0.976666514485097
0.6488492771303935, 0.752324442801363
0.3757299777350763, 0.6110381514302555
0.7955050489972296, 0.9274245609125724
0.4756763267162263, 0.42845814244011415
0.25103245218819814, 0.6425246137030646
0.4933313121149614, 0.11220139793547435
0.8584614035578819, 0.6124431586176903
0.2612364400778191, 0.37289626369249307
0.8467401723166538, 0.32862274710518324
0.865675105103637, 0.6885118394589032
0.46717100420541147, 0.6093123453438344
0.8613481480752017, 0.31828038639052936
0.8819070673119418, 0.01703424481301563
0.2698445108343005, 0.7638520276950683
0.48966449293544934, 0.14249863627826653
0.8436895905293343, 0.12679107686899826
0.1367553312590971, 0.7135215471677403
0.9970786058363477, 0.3446502065147764
0.3344880466764757, 0.2346109344239341
0.5596231262401491, 0.39369649688487696
0.9111201343162789, 0.6953309911886824
0.005295201263601723, 0.48719727370286414
0.5281832405185375, 0.5312842952881548
0.3342692472594667, 0.009227434821366454
0.592924220534548, 0.5541564483575901
0.3958180839890191, 0.680059060914306
0.21227828361116086, 0.24994355722671335
0.8919000039975621, 0.9076398630582246
0.6641538999777004, 0.7421680244653114
0.11209870920461029, 0.20216870115296925
0.8029403856560033, 0.3336577620014507
0.4336389700121557, 0.7750321758523702
0.6380518604990719, 0.0020082553413106607
0.43823420595746565, 0.12088335641602743
0.7091277455635565, 0.4476356226821421
0.8469164918608411, 0.9995627498948477
0.2568610268365312, 0.8786383453830272
0.5786063040240367, 0.8460048746677395
0.3912809152680228, 0.5594138127366476
0.5598439415591878, 0.3089651248127724
0.4262905670615247, 0.09327232074184455
0.8495279089819531, 0.41937012404300644
0.4529316796638784, 0.8802237311135567
0.6949567204519186, 0.6470914323231094
0.030341769840710353, 0.8463933486411058
0.6612616852245413, 0.9042396762266883
0.2507582055009866, 0.4513589688437535
0.7511621503200605, 0.6574042383203778
0.9561593535754912, 0.5300808887727636
0.4242784205338821, 0.9456430276223098
