1e-05
0.36380722731212145, 0.5379173047782692
0.36380722731212145, 0.5379173047782692
0.36380722731212145, 0.5379173047782692
0.36380722731212145, 0.5379173047782692
0.36380722731212145, 0.5379173047782692
0.36380722731212145, 0.5379173047782692
0.36380722731212145, 0.5379173047782692
0.36380722731212145, 0.5379173047782692
0.36380722731212145, 0.5379173047782692
0.36380722731212145, 0.5379173047782692
0.8473845735926453, 0.9936708634788322
0.8473845735926453, 0.9936708634788322
0.8473845735926453, 0.9936708634788322
0.8473845735926453, 0.9936708634788322
0.8473845735926453, 0.9936708634788322
0.8473845735926453, 0.9936708634788322
0.8473845735926453, 0.9936708634788322
0.8473845735926453, 0.9936708634788322
0.8473845735926453, 0.9936708634788322
0.8473845735926453, 0.9936708634788322
0.19442708727701596, 0.27990035229925314
0.19442708727701596, 0.27990035229925314
0.19442708727701596, 0.27990035229925314
0.19442708727701596, 0.27990035229925314
0.19442708727701596, 0.27990035229925314
0.19442708727701596, 0.27990035229925314
0.19442708727701596, 0.27990035229925314
0.19442708727701596, 0.27990035229925314
0.19442708727701596, 0.27990035229925314
0.19442708727701596, 0.27990035229925314
0.8094894380273723, 0.7753401980226385
0.8094894380273723, 0.7753401980226385
0.8094894380273723, 0.7753401980226385
0.8094894380273723, 0.7753401980226385
0.8094894380273723, 0.7753401980226385
0.8094894380273723, 0.7753401980226385
0.8094894380273723, 0.7753401980226385
0.8094894380273723, 0.7753401980226385
0.8094894380273723, 0.7753401980226385
0.8094894380273723, 0.7753401980226385
0.02638695171601224, 0.7680483393848928
0.02638695171601224, 0.7680483393848928
0.02638695171601224, 0.7680483393848928
0.02638695171601224, 0.7680483393848928
0.02638695171601224, 0.7680483393848928
0.02638695171601224, 0.7680483393848928
0.02638695171601224, 0.7680483393848928
0.02638695171601224, 0.7680483393848928
0.02638695171601224, 0.7680483393848928
0.02638695171601224, 0.7680483393848928
0.7108238800887852, 0.20545822081653375
0.7108238800887852, 0.20545822081653375
0.7108238800887852, 0.20545822081653375
0.7108238800887852, 0.20545822081653375
0.7108238800887852, 0.20545822081653375
0.7108238800887852, 0.20545822081653375
0.7108238800887852, 0.20545822081653375
0.7108238800887852, 0.20545822081653375
0.7108238800887852, 0.20545822081653375
0.7108238800887852, 0.20545822081653375
0.6358544866103306, 0.9813023645335601
0.6358544866103306, 0.9813023645335601
0.6358544866103306, 0.9813023645335601
0.6358544866103306, 0.9813023645335601
0.6358544866103306, 0.9813023645335601
0.6358544866103306, 0.9813023645335601
0.6358544866103306, 0.9813023645335601
0.6358544866103306, 0.9813023645335601
0.6358544866103306, 0.9813023645335601
0.6358544866103306, 0.9813023645335601
0.6419454297755, 0.818768603211656
0.6419454297755, 0.818768603211656
0.6419454297755, 0.818768603211656
0.6419454297755, 0.818768603211656
0.6419454297755, 0.818768603211656
0.6419454297755, 0.818768603211656
0.6419454297755, 0.818768603211656
0.6419454297755, 0.818768603211656
0.6419454297755, 0.818768603211656
0.6419454297755, 0.818768603211656
0.6811167673219705, 0.9617232586951374
0.6811167673219705, 0.9617232586951374
0.6811167673219705, 0.9617232586951374
0.6811167673219705, 0.9617232586951374
0.6811167673219705, 0.9617232586951374
0.6811167673219705, 0.9617232586951374
0.6811167673219705, 0.9617232586951374
0.6811167673219705, 0.9617232586951374
0.6811167673219705, 0.9617232586951374
0.6811167673219705, 0.9617232586951374
0.22029194111284578, 0.17730720948111867
0.22029194111284578, 0.17730720948111867
0.22029194111284578, 0.17730720948111867
0.22029194111284578, 0.17730720948111867
0.22029194111284578, 0.17730720948111867
0.22029194111284578, 0.17730720948111867
0.22029194111284578, 0.17730720948111867
0.22029194111284578, 0.17730720948111867
0.22029194111284578, 0.17730720948111867
0.22029194111284578, 0.17730720948111867
