1e-05
0.7418008453457657, 0.07184636627425034
0.7418008453457657, 0.07184636627425034
0.7418008453457657, 0.07184636627425034
0.7418008453457657, 0.07184636627425034
0.7418008453457657, 0.07184636627425034
0.7418008453457657, 0.07184636627425034
0.7418008453457657, 0.07184636627425034
0.7418008453457657, 0.07184636627425034
0.7418008453457657, 0.07184636627425034
0.7418008453457657, 0.07184636627425034
0.5509454049838087, 0.5087755633879336
0.5509454049838087, 0.5087755633879336
0.5509454049838087, 0.5087755633879336
0.5509454049838087, 0.5087755633879336
0.5509454049838087, 0.5087755633879336
0.5509454049838087, 0.5087755633879336
0.5509454049838087, 0.5087755633879336
0.5509454049838087, 0.5087755633879336
0.5509454049838087, 0.5087755633879336
0.5509454049838087, 0.5087755633879336
0.22919112393389662, 0.5431629787153506
0.22919112393389662, 0.5431629787153506
0.22919112393389662, 0.5431629787153506
0.22919112393389662, 0.5431629787153506
0.22919112393389662, 0.5431629787153506
0.22919112393389662, 0.5431629787153506
0.22919112393389662, 0.5431629787153506
0.22919112393389662, 0.5431629787153506
0.22919112393389662, 0.5431629787153506
0.22919112393389662, 0.5431629787153506
0.3976734313995276, 0.032469077583415995
0.3976734313995276, 0.032469077583415995
0.3976734313995276, 0.032469077583415995
0.3976734313995276, 0.032469077583415995
0.3976734313995276, 0.032469077583415995
0.3976734313995276, 0.032469077583415995
0.3976734313995276, 0.032469077583415995
0.3976734313995276, 0.032469077583415995
0.3976734313995276, 0.032469077583415995
0.3976734313995276, 0.032469077583415995
0.6349465123861143, 0.4836631149027171
0.6349465123861143, 0.4836631149027171
0.6349465123861143, 0.4836631149027171
0.6349465123861143, 0.4836631149027171
0.6349465123861143, 0.4836631149027171
0.6349465123861143, 0.4836631149027171
0.6349465123861143, 0.4836631149027171
0.6349465123861143, 0.4836631149027171
0.6349465123861143, 0.4836631149027171
0.6349465123861143, 0.4836631149027171
0.5031618773201694, 0.2757893254025122
0.5031618773201694, 0.2757893254025122
0.5031618773201694, 0.2757893254025122
0.5031618773201694, 0.2757893254025122
0.5031618773201694, 0.2757893254025122
0.5031618773201694, 0.2757893254025122
0.5031618773201694, 0.2757893254025122
0.5031618773201694, 0.2757893254025122
0.5031618773201694, 0.2757893254025122
0.5031618773201694, 0.2757893254025122
0.9942945356217255, 0.017597146018206278
0.9942945356217255, 0.017597146018206278
0.9942945356217255, 0.017597146018206278
0.9942945356217255, 0.017597146018206278
0.9942945356217255, 0.017597146018206278
0.9942945356217255, 0.017597146018206278
0.9942945356217255, 0.017597146018206278
0.9942945356217255, 0.017597146018206278
0.9942945356217255, 0.017597146018206278
0.9942945356217255, 0.017597146018206278
0.46756841420793693, 0.9955221399193807
0.46756841420793693, 0.9955221399193807
0.46756841420793693, 0.9955221399193807
0.46756841420793693, 0.9955221399193807
0.46756841420793693, 0.9955221399193807
0.46756841420793693, 0.9955221399193807
0.46756841420793693, 0.9955221399193807
0.46756841420793693, 0.9955221399193807
0.46756841420793693, 0.9955221399193807
0.46756841420793693, 0.9955221399193807
0.8398977772064997, 0.23758445687453866
0.8398977772064997, 0.23758445687453866
0.8398977772064997, 0.23758445687453866
0.8398977772064997, 0.23758445687453866
0.8398977772064997, 0.23758445687453866
0.8398977772064997, 0.23758445687453866
0.8398977772064997, 0.23758445687453866
0.8398977772064997, 0.23758445687453866
0.8398977772064997, 0.23758445687453866
0.8398977772064997, 0.23758445687453866
0.3643973584697199, 0.5128732038755744
0.3643973584697199, 0.5128732038755744
0.3643973584697199, 0.5128732038755744
0.3643973584697199, 0.5128732038755744
0.3643973584697199, 0.5128732038755744
0.3643973584697199, 0.5128732038755744
0.3643973584697199, 0.5128732038755744
0.3643973584697199, 0.5128732038755744
0.3643973584697199, 0.5128732038755744
0.3643973584697199, 0.5128732038755744
