1e-05
0.22267113932073013, 0.8861523570751031
0.22267113932073013, 0.8861523570751031
0.22267113932073013, 0.8861523570751031
0.22267113932073013, 0.8861523570751031
0.22267113932073013, 0.8861523570751031
0.22267113932073013, 0.8861523570751031
0.22267113932073013, 0.8861523570751031
0.22267113932073013, 0.8861523570751031
0.22267113932073013, 0.8861523570751031
0.22267113932073013, 0.8861523570751031
0.14464249158470288, 0.23721297499077487
0.14464249158470288, 0.23721297499077487
0.14464249158470288, 0.23721297499077487
0.14464249158470288, 0.23721297499077487
0.14464249158470288, 0.23721297499077487
0.14464249158470288, 0.23721297499077487
0.14464249158470288, 0.23721297499077487
0.14464249158470288, 0.23721297499077487
0.14464249158470288, 0.23721297499077487
0.14464249158470288, 0.23721297499077487
0.22843058023656237, 0.705729370489191
0.22843058023656237, 0.705729370489191
0.22843058023656237, 0.705729370489191
0.22843058023656237, 0.705729370489191
0.22843058023656237, 0.705729370489191
0.22843058023656237, 0.705729370489191
0.22843058023656237, 0.705729370489191
0.22843058023656237, 0.705729370489191
0.22843058023656237, 0.705729370489191
0.22843058023656237, 0.705729370489191
0.10504227872549643, 0.3021386337236829
0.10504227872549643, 0.3021386337236829
0.10504227872549643, 0.3021386337236829
0.10504227872549643, 0.3021386337236829
0.10504227872549643, 0.3021386337236829
0.10504227872549643, 0.3021386337236829
0.10504227872549643, 0.3021386337236829
0.10504227872549643, 0.3021386337236829
0.10504227872549643, 0.3021386337236829
0.10504227872549643, 0.3021386337236829
0.007878992902729975, 0.10155503806431143
0.007878992902729975, 0.10155503806431143
0.007878992902729975, 0.10155503806431143
0.007878992902729975, 0.10155503806431143
0.007878992902729975, 0.10155503806431143
0.007878992902729975, 0.10155503806431143
0.007878992902729975, 0.10155503806431143
0.007878992902729975, 0.10155503806431143
0.007878992902729975, 0.10155503806431143
0.007878992902729975, 0.10155503806431143
0.5200711577403813, 0.2260117170456687
0.5200711577403813, 0.2260117170456687
0.5200711577403813, 0.2260117170456687
0.5200711577403813, 0.2260117170456687
0.5200711577403813, 0.2260117170456687
0.5200711577403813, 0.2260117170456687
0.5200711577403813, 0.2260117170456687
0.5200711577403813, 0.2260117170456687
0.5200711577403813, 0.2260117170456687
0.5200711577403813, 0.2260117170456687
0.09648581722376681, 0.3856671267941295
0.09648581722376681, 0.3856671267941295
0.09648581722376681, 0.3856671267941295
0.09648581722376681, 0.3856671267941295
0.09648581722376681, 0.3856671267941295
0.09648581722376681, 0.3856671267941295
0.09648581722376681, 0.3856671267941295
0.09648581722376681, 0.3856671267941295
0.09648581722376681, 0.3856671267941295
0.09648581722376681, 0.3856671267941295
0.6500028917144943, 0.9206206964826608
0.6500028917144943, 0.9206206964826608
0.6500028917144943, 0.9206206964826608
0.6500028917144943, 0.9206206964826608
0.6500028917144943, 0.9206206964826608
0.6500028917144943, 0.9206206964826608
0.6500028917144943, 0.9206206964826608
0.6500028917144943, 0.9206206964826608
0.6500028917144943, 0.9206206964826608
0.6500028917144943, 0.9206206964826608
0.2093384488462332, 0.16366270421706308
0.2093384488462332, 0.16366270421706308
0.2093384488462332, 0.16366270421706308
0.2093384488462332, 0.16366270421706308
0.2093384488462332, 0.16366270421706308
0.2093384488462332, 0.16366270421706308
0.2093384488462332, 0.16366270421706308
0.2093384488462332, 0.16366270421706308
0.2093384488462332, 0.16366270421706308
0.2093384488462332, 0.16366270421706308
0.24786689913566762, 0.8795781442390435
0.24786689913566762, 0.8795781442390435
0.24786689913566762, 0.8795781442390435
0.24786689913566762, 0.8795781442390435
0.24786689913566762, 0.8795781442390435
0.24786689913566762, 0.8795781442390435
0.24786689913566762, 0.8795781442390435
0.24786689913566762, 0.8795781442390435
0.24786689913566762, 0.8795781442390435
0.24786689913566762, 0.8795781442390435
