1e-05
0.9083544910709175, 0.6362186667916567
0.9083544910709175, 0.6362186667916567
0.9083544910709175, 0.6362186667916567
0.9083544910709175, 0.6362186667916567
0.9083544910709175, 0.6362186667916567
0.9083544910709175, 0.6362186667916567
0.9083544910709175, 0.6362186667916567
0.9083544910709175, 0.6362186667916567
0.9083544910709175, 0.6362186667916567
0.9083544910709175, 0.6362186667916567
0.36013554160771133, 0.5538805889497509
0.36013554160771133, 0.5538805889497509
0.36013554160771133, 0.5538805889497509
0.36013554160771133, 0.5538805889497509
0.36013554160771133, 0.5538805889497509
0.36013554160771133, 0.5538805889497509
0.36013554160771133, 0.5538805889497509
0.36013554160771133, 0.5538805889497509
0.36013554160771133, 0.5538805889497509
0.36013554160771133, 0.5538805889497509
0.28120967792206075, 0.2484845903139219
0.28120967792206075, 0.2484845903139219
0.28120967792206075, 0.2484845903139219
0.28120967792206075, 0.2484845903139219
0.28120967792206075, 0.2484845903139219
0.28120967792206075, 0.2484845903139219
0.28120967792206075, 0.2484845903139219
0.28120967792206075, 0.2484845903139219
0.28120967792206075, 0.2484845903139219
0.28120967792206075, 0.2484845903139219
0.28025595373984924, 0.29363349372686376
0.28025595373984924, 0.29363349372686376
0.28025595373984924, 0.29363349372686376
0.28025595373984924, 0.29363349372686376
0.28025595373984924, 0.29363349372686376
0.28025595373984924, 0.29363349372686376
0.28025595373984924, 0.29363349372686376
0.28025595373984924, 0.29363349372686376
0.28025595373984924, 0.29363349372686376
0.28025595373984924, 0.29363349372686376
0.8793288480220703, 0.7135070560289082
0.8793288480220703, 0.7135070560289082
0.8793288480220703, 0.7135070560289082
0.8793288480220703, 0.7135070560289082
0.8793288480220703, 0.7135070560289082
0.8793288480220703, 0.7135070560289082
0.8793288480220703, 0.7135070560289082
0.8793288480220703, 0.7135070560289082
0.8793288480220703, 0.7135070560289082
0.8793288480220703, 0.7135070560289082
0.7466362973194367, 0.7416939068709677
0.7466362973194367, 0.7416939068709677
0.7466362973194367, 0.7416939068709677
0.7466362973194367, 0.7416939068709677
0.7466362973194367, 0.7416939068709677
0.7466362973194367, 0.7416939068709677
0.7466362973194367, 0.7416939068709677
0.7466362973194367, 0.7416939068709677
0.7466362973194367, 0.7416939068709677
0.7466362973194367, 0.7416939068709677
0.38737810881645696, 0.29327144790199633
0.38737810881645696, 0.29327144790199633
0.38737810881645696, 0.29327144790199633
0.38737810881645696, 0.29327144790199633
0.38737810881645696, 0.29327144790199633
0.38737810881645696, 0.29327144790199633
0.38737810881645696, 0.29327144790199633
0.38737810881645696, 0.29327144790199633
0.38737810881645696, 0.29327144790199633
0.38737810881645696, 0.29327144790199633
0.5733390645425079, 0.19915081523017442
0.5733390645425079, 0.19915081523017442
0.5733390645425079, 0.19915081523017442
0.5733390645425079, 0.19915081523017442
0.5733390645425079, 0.19915081523017442
0.5733390645425079, 0.19915081523017442
0.5733390645425079, 0.19915081523017442
0.5733390645425079, 0.19915081523017442
0.5733390645425079, 0.19915081523017442
0.5733390645425079, 0.19915081523017442
0.6311711798053664, 0.9451854551984203
0.6311711798053664, 0.9451854551984203
0.6311711798053664, 0.9451854551984203
0.6311711798053664, 0.9451854551984203
0.6311711798053664, 0.9451854551984203
0.6311711798053664, 0.9451854551984203
0.6311711798053664, 0.9451854551984203
0.6311711798053664, 0.9451854551984203
0.6311711798053664, 0.9451854551984203
0.6311711798053664, 0.9451854551984203
0.5459215924042353, 0.6333230602077692
0.5459215924042353, 0.6333230602077692
0.5459215924042353, 0.6333230602077692
0.5459215924042353, 0.6333230602077692
0.5459215924042353, 0.6333230602077692
0.5459215924042353, 0.6333230602077692
0.5459215924042353, 0.6333230602077692
0.5459215924042353, 0.6333230602077692
0.5459215924042353, 0.6333230602077692
0.5459215924042353, 0.6333230602077692
