1e-05
0.529485513503301, 0.6820409954184334
0.529485513503301, 0.6820409954184334
0.529485513503301, 0.6820409954184334
0.529485513503301, 0.6820409954184334
0.529485513503301, 0.6820409954184334
0.529485513503301, 0.6820409954184334
0.529485513503301, 0.6820409954184334
0.529485513503301, 0.6820409954184334
0.529485513503301, 0.6820409954184334
0.529485513503301, 0.6820409954184334
0.9967551756885574, 0.27496601471225857
0.9967551756885574, 0.27496601471225857
0.9967551756885574, 0.27496601471225857
0.9967551756885574, 0.27496601471225857
0.9967551756885574, 0.27496601471225857
0.9967551756885574, 0.27496601471225857
0.9967551756885574, 0.27496601471225857
0.9967551756885574, 0.27496601471225857
0.9967551756885574, 0.27496601471225857
0.9967551756885574, 0.27496601471225857
0.8817920823099074, 0.6213679663828147
0.8817920823099074, 0.6213679663828147
0.8817920823099074, 0.6213679663828147
0.8817920823099074, 0.6213679663828147
0.8817920823099074, 0.6213679663828147
0.8817920823099074, 0.6213679663828147
0.8817920823099074, 0.6213679663828147
0.8817920823099074, 0.6213679663828147
0.8817920823099074, 0.6213679663828147
0.8817920823099074, 0.6213679663828147
0.540156874652655, 0.9597055938704516
0.540156874652655, 0.9597055938704516
0.540156874652655, 0.9597055938704516
0.540156874652655, 0.9597055938704516
0.540156874652655, 0.9597055938704516
0.540156874652655, 0.9597055938704516
0.540156874652655, 0.9597055938704516
0.540156874652655, 0.9597055938704516
0.540156874652655, 0.9597055938704516
0.540156874652655, 0.9597055938704516
0.5125187890486923, 0.8163331640967374
0.5125187890486923, 0.8163331640967374
0.5125187890486923, 0.8163331640967374
0.5125187890486923, 0.8163331640967374
0.5125187890486923, 0.8163331640967374
0.5125187890486923, 0.8163331640967374
0.5125187890486923, 0.8163331640967374
0.5125187890486923, 0.8163331640967374
0.5125187890486923, 0.8163331640967374
0.5125187890486923, 0.8163331640967374
0.4674116239578655, 0.1454005498696901
0.4674116239578655, 0.1454005498696901
0.4674116239578655, 0.1454005498696901
0.4674116239578655, 0.1454005498696901
0.4674116239578655, 0.1454005498696901
0.4674116239578655, 0.1454005498696901
0.4674116239578655, 0.1454005498696901
0.4674116239578655, 0.1454005498696901
0.4674116239578655, 0.1454005498696901
0.4674116239578655, 0.1454005498696901
0.5529337501147484, 0.3563216143834258
0.5529337501147484, 0.3563216143834258
0.5529337501147484, 0.3563216143834258
0.5529337501147484, 0.3563216143834258
0.5529337501147484, 0.3563216143834258
0.5529337501147484, 0.3563216143834258
0.5529337501147484, 0.3563216143834258
0.5529337501147484, 0.3563216143834258
0.5529337501147484, 0.3563216143834258
0.5529337501147484, 0.3563216143834258
0.09218341115718487, 0.6686469200738079
0.09218341115718487, 0.6686469200738079
0.09218341115718487, 0.6686469200738079
0.09218341115718487, 0.6686469200738079
0.09218341115718487, 0.6686469200738079
0.09218341115718487, 0.6686469200738079
0.09218341115718487, 0.6686469200738079
0.09218341115718487, 0.6686469200738079
0.09218341115718487, 0.6686469200738079
0.09218341115718487, 0.6686469200738079
0.6526669627600701, 0.43388353804639423
0.6526669627600701, 0.43388353804639423
0.6526669627600701, 0.43388353804639423
0.6526669627600701, 0.43388353804639423
0.6526669627600701, 0.43388353804639423
0.6526669627600701, 0.43388353804639423
0.6526669627600701, 0.43388353804639423
0.6526669627600701, 0.43388353804639423
0.6526669627600701, 0.43388353804639423
0.6526669627600701, 0.43388353804639423
0.6176223521780807, 0.434873295973649
0.6176223521780807, 0.434873295973649
0.6176223521780807, 0.434873295973649
0.6176223521780807, 0.434873295973649
0.6176223521780807, 0.434873295973649
0.6176223521780807, 0.434873295973649
0.6176223521780807, 0.434873295973649
0.6176223521780807, 0.434873295973649
0.6176223521780807, 0.434873295973649
0.6176223521780807, 0.434873295973649
