0.1
0.4137233785943436, 0.18090331753320288
0.17648162595317474, 0.8191964401445397
0.3246372847972093, 0.8456245639204373
0.04448492253870062, 0.40499695624181453
0.545237657375173, 0.7887009473656541
0.8788022964442798, 0.9539588583428604
0.06881490402568846, 0.7882166852299904
0.47685220988176735, 0.3512512523500194
0.37916967215282227, 0.22011100880673662
0.9877561942529481, 0.7047925295788147
0.49101029808491414, 0.2877083763190613
0.28295094178871616, 0.5541434385808923
0.30346569805225143, 0.03125141150575539
0.19501080302909057, 0.34338688643318094
0.8671157918479208, 0.2795264439392098
0.06114568422967659, 0.20335550536171876
0.047964063945375446, 0.3282882571479808
0.14966361909203874, 0.9456217024157091
0.05249125541397237, 0.13813727263692
0.3219069829160579, 0.6136605406373735
0.13025293176925967, 0.9980242017602048
0.36461192543158505, 0.004428981575270052
0.1283816631711282, 0.7296484332686725
0.9847477458826505, 0.4766636619537783
0.435592255306695, 0.1658702834578274
0.9857924388842985, 0.13467105195457585
0.7777053228834969, 0.32467650888939137
0.9263309116980349, 0.852168257321314
0.9835412044122996, 0.15517818897720603
0.9702845754555368, 0.9722367320196815
0.26414042912396896, 0.9169211356200996
0.47485012400460014, 0.952975073031133
0.26260683611204805, 0.8832970565853215
0.5311210693604972, 0.03721592144855146
0.707561598682542, 0.7224604932312619
0.4097551019957506, 0.9542821016533721
0.776121003759272, 0.44120830731103144
0.7514829194237768, 0.3430492250853019
0.9017400755537436, 0.6350336415251802
0.9036644334930021, 0.8699696436375309
0.6734776813339509, 0.5587286361184722
0.20193579453036015, 0.8240296677679017
0.9474977553614297, 0.984563150081634
0.9479878769247209, 0.5725173257026852
0.3261984452360299, 0.8475264783642025
0.4877247567512424, 0.1754194325424696
0.868059279661303, 0.7712383227940509
0.8546645419797563, 0.7226602088712254
0.8068221367693083, 0.6100332054664126
0.3775571388030097, 0.7388523613605904
0.13413278366550274, 0.1344415302246731
0.6698671799182915, 0.9431798111454569
0.7258681656211715, 0.738688317184183
0.6287000779250211, 0.749239799696859
0.1640402609147248, 0.7692634299112578
0.18682509194876273, 0.7540075893244493
0.1819971291459227, 0.5503757050761133
0.21152691742585394, 0.4816942783871768
0.7700785244927786, 0.7135973059039924
0.5400071383235323, 0.7970396967651495
0.5717195606112065, 0.8208129271107214
0.049340121075918564, 0.787202389729938
0.6185628110441167, 0.11677444005101634
0.27901719779290046, 0.48002634601221483
0.48842143830506246, 0.7305510924187073
0.7869435927900659, 0.702810397776503
0.06454726641334496, 0.8191288950980237
0.28666963944726753, 0.43688122223163595
0.014557522999614214, 0.22887134788163788
0.8341776523992148, 0.8441975506392867
0.7217908091693188, 0.502729071938684
0.13485154468903682, 0.8193847340859258
0.2803829442495469, 0.16513035133193987
0.6956301985405304, 0.708560386720631
0.0757547543069228, 0.5475867782509315
0.7822354525432272, 0.31162172091516915
0.363024109642354, 0.9683909706809065
0.915052651793938, 0.9815701431840609
0.36746431215630637, 0.8299804226110461
0.5718778498111754, 0.22934141207817715
0.1356326489600771, 0.6084208598785769
0.6735625013258633, 0.7080966146232216
