0.001
0.12529987304869983, 0.9873436512150733
0.5885010307130932, 0.9046060383267521
0.7896545007160123, 0.8425503670878017
0.3970386864957899, 0.6758377023941115
0.1936225280060314, 0.9001567289635475
0.17428438915832467, 0.49295737805213224
0.44504180558504813, 0.16936934730362985
0.0859648028164195, 0.3994662213298259
0.03777947611638033, 0.3463629300695227
0.5005132458646041, 0.4824087913737358
0.37111452515837307, 0.1922573646145772
0.8377038948021382, 0.3198691089201535
0.4935197701306985, 0.6008331852581966
0.5757101914942435, 0.6181525661250217
0.12499007052342714, 0.9133171921055079
0.3173236846771863, 0.5193799485208893
0.20442082468175027, 0.751141186798104
