1e-05
0.6033450760507395, 0.35509406933937404
0.6033450760507395, 0.35509406933937404
0.6033450760507395, 0.35509406933937404
0.6033450760507395, 0.35509406933937404
0.6033450760507395, 0.35509406933937404
0.6033450760507395, 0.35509406933937404
0.6033450760507395, 0.35509406933937404
0.6033450760507395, 0.35509406933937404
0.6033450760507395, 0.35509406933937404
0.6033450760507395, 0.35509406933937404
0.144397253315649, 0.3936029006725832
0.144397253315649, 0.3936029006725832
0.144397253315649, 0.3936029006725832
0.144397253315649, 0.3936029006725832
0.144397253315649, 0.3936029006725832
0.144397253315649, 0.3936029006725832
0.144397253315649, 0.3936029006725832
0.144397253315649, 0.3936029006725832
0.144397253315649, 0.3936029006725832
0.144397253315649, 0.3936029006725832
0.9512368153081425, 0.9609230641239754
0.9512368153081425, 0.9609230641239754
0.9512368153081425, 0.9609230641239754
0.9512368153081425, 0.9609230641239754
0.9512368153081425, 0.9609230641239754
0.9512368153081425, 0.9609230641239754
0.9512368153081425, 0.9609230641239754
0.9512368153081425, 0.9609230641239754
0.9512368153081425, 0.9609230641239754
0.9512368153081425, 0.9609230641239754
0.4734617401804214, 0.09911143539046663
0.4734617401804214, 0.09911143539046663
0.4734617401804214, 0.09911143539046663
0.4734617401804214, 0.09911143539046663
0.4734617401804214, 0.09911143539046663
0.4734617401804214, 0.09911143539046663
0.4734617401804214, 0.09911143539046663
0.4734617401804214, 0.09911143539046663
0.4734617401804214, 0.09911143539046663
0.4734617401804214, 0.09911143539046663
0.8605999208434194, 0.12912307305155235
0.8605999208434194, 0.12912307305155235
0.8605999208434194, 0.12912307305155235
0.8605999208434194, 0.12912307305155235
0.8605999208434194, 0.12912307305155235
0.8605999208434194, 0.12912307305155235
0.8605999208434194, 0.12912307305155235
0.8605999208434194, 0.12912307305155235
0.8605999208434194, 0.12912307305155235
0.8605999208434194, 0.12912307305155235
0.9063712997738332, 0.20870274314456994
0.9063712997738332, 0.20870274314456994
0.9063712997738332, 0.20870274314456994
0.9063712997738332, 0.20870274314456994
0.9063712997738332, 0.20870274314456994
0.9063712997738332, 0.20870274314456994
0.9063712997738332, 0.20870274314456994
0.9063712997738332, 0.20870274314456994
0.9063712997738332, 0.20870274314456994
0.9063712997738332, 0.20870274314456994
0.18641587533306636, 0.6391133980805624
0.18641587533306636, 0.6391133980805624
0.18641587533306636, 0.6391133980805624
0.18641587533306636, 0.6391133980805624
0.18641587533306636, 0.6391133980805624
0.18641587533306636, 0.6391133980805624
0.18641587533306636, 0.6391133980805624
0.18641587533306636, 0.6391133980805624
0.18641587533306636, 0.6391133980805624
0.18641587533306636, 0.6391133980805624
0.5665286999065157, 0.12863508951010505
0.5665286999065157, 0.12863508951010505
0.5665286999065157, 0.12863508951010505
0.5665286999065157, 0.12863508951010505
0.5665286999065157, 0.12863508951010505
0.5665286999065157, 0.12863508951010505
0.5665286999065157, 0.12863508951010505
0.5665286999065157, 0.12863508951010505
0.5665286999065157, 0.12863508951010505
0.5665286999065157, 0.12863508951010505
0.5727539122766753, 0.9648576569882892
0.5727539122766753, 0.9648576569882892
0.5727539122766753, 0.9648576569882892
0.5727539122766753, 0.9648576569882892
0.5727539122766753, 0.9648576569882892
0.5727539122766753, 0.9648576569882892
0.5727539122766753, 0.9648576569882892
0.5727539122766753, 0.9648576569882892
0.5727539122766753, 0.9648576569882892
0.5727539122766753, 0.9648576569882892
0.34318671010967616, 0.7990392176247946
0.34318671010967616, 0.7990392176247946
0.34318671010967616, 0.7990392176247946
0.34318671010967616, 0.7990392176247946
0.34318671010967616, 0.7990392176247946
0.34318671010967616, 0.7990392176247946
0.34318671010967616, 0.7990392176247946
0.34318671010967616, 0.7990392176247946
0.34318671010967616, 0.7990392176247946
0.34318671010967616, 0.7990392176247946
