1e-05
0.31942671055693894, 0.4806051352932833
0.31942671055693894, 0.4806051352932833
0.31942671055693894, 0.4806051352932833
0.31942671055693894, 0.4806051352932833
0.31942671055693894, 0.4806051352932833
0.31942671055693894, 0.4806051352932833
0.31942671055693894, 0.4806051352932833
0.31942671055693894, 0.4806051352932833
0.31942671055693894, 0.4806051352932833
0.31942671055693894, 0.4806051352932833
0.15476366310198308, 0.662516823932697
0.15476366310198308, 0.662516823932697
0.15476366310198308, 0.662516823932697
0.15476366310198308, 0.662516823932697
0.15476366310198308, 0.662516823932697
0.15476366310198308, 0.662516823932697
0.15476366310198308, 0.662516823932697
0.15476366310198308, 0.662516823932697
0.15476366310198308, 0.662516823932697
0.15476366310198308, 0.662516823932697
0.5882638843967174, 0.8257584320099361
0.5882638843967174, 0.8257584320099361
0.5882638843967174, 0.8257584320099361
0.5882638843967174, 0.8257584320099361
0.5882638843967174, 0.8257584320099361
0.5882638843967174, 0.8257584320099361
0.5882638843967174, 0.8257584320099361
0.5882638843967174, 0.8257584320099361
0.5882638843967174, 0.8257584320099361
0.5882638843967174, 0.8257584320099361
0.03249469854579201, 0.9259005027068472
0.03249469854579201, 0.9259005027068472
0.03249469854579201, 0.9259005027068472
0.03249469854579201, 0.9259005027068472
0.03249469854579201, 0.9259005027068472
0.03249469854579201, 0.9259005027068472
0.03249469854579201, 0.9259005027068472
0.03249469854579201, 0.9259005027068472
0.03249469854579201, 0.9259005027068472
0.03249469854579201, 0.9259005027068472
0.8979241339347591, 0.6248756212915332
0.8979241339347591, 0.6248756212915332
0.8979241339347591, 0.6248756212915332
0.8979241339347591, 0.6248756212915332
0.8979241339347591, 0.6248756212915332
0.8979241339347591, 0.6248756212915332
0.8979241339347591, 0.6248756212915332
0.8979241339347591, 0.6248756212915332
0.8979241339347591, 0.6248756212915332
0.8979241339347591, 0.6248756212915332
0.4924323649168092, 0.4725214820748552
0.4924323649168092, 0.4725214820748552
0.4924323649168092, 0.4725214820748552
0.4924323649168092, 0.4725214820748552
0.4924323649168092, 0.4725214820748552
0.4924323649168092, 0.4725214820748552
0.4924323649168092, 0.4725214820748552
0.4924323649168092, 0.4725214820748552
0.4924323649168092, 0.4725214820748552
0.4924323649168092, 0.4725214820748552
0.654993290402032, 0.02157512025395092
0.654993290402032, 0.02157512025395092
0.654993290402032, 0.02157512025395092
0.654993290402032, 0.02157512025395092
0.654993290402032, 0.02157512025395092
0.654993290402032, 0.02157512025395092
0.654993290402032, 0.02157512025395092
0.654993290402032, 0.02157512025395092
0.654993290402032, 0.02157512025395092
0.654993290402032, 0.02157512025395092
0.07943324936308271, 0.20891416501291515
0.07943324936308271, 0.20891416501291515
0.07943324936308271, 0.20891416501291515
0.07943324936308271, 0.20891416501291515
0.07943324936308271, 0.20891416501291515
0.07943324936308271, 0.20891416501291515
0.07943324936308271, 0.20891416501291515
0.07943324936308271, 0.20891416501291515
0.07943324936308271, 0.20891416501291515
0.07943324936308271, 0.20891416501291515
0.5466888506845868, 0.20448755971862131
0.5466888506845868, 0.20448755971862131
0.5466888506845868, 0.20448755971862131
0.5466888506845868, 0.20448755971862131
0.5466888506845868, 0.20448755971862131
0.5466888506845868, 0.20448755971862131
0.5466888506845868, 0.20448755971862131
0.5466888506845868, 0.20448755971862131
0.5466888506845868, 0.20448755971862131
0.5466888506845868, 0.20448755971862131
0.672911781350976, 0.861090545732492
0.672911781350976, 0.861090545732492
0.672911781350976, 0.861090545732492
0.672911781350976, 0.861090545732492
0.672911781350976, 0.861090545732492
0.672911781350976, 0.861090545732492
0.672911781350976, 0.861090545732492
0.672911781350976, 0.861090545732492
0.672911781350976, 0.861090545732492
0.672911781350976, 0.861090545732492
