1e-05
0.8203232416139477, 0.8087318514015437
0.8203232416139477, 0.8087318514015437
0.8203232416139477, 0.8087318514015437
0.8203232416139477, 0.8087318514015437
0.8203232416139477, 0.8087318514015437
0.8203232416139477, 0.8087318514015437
0.8203232416139477, 0.8087318514015437
0.8203232416139477, 0.8087318514015437
0.8203232416139477, 0.8087318514015437
0.8203232416139477, 0.8087318514015437
0.28436623243704906, 0.05088841293111812
0.28436623243704906, 0.05088841293111812
0.28436623243704906, 0.05088841293111812
0.28436623243704906, 0.05088841293111812
0.28436623243704906, 0.05088841293111812
0.28436623243704906, 0.05088841293111812
0.28436623243704906, 0.05088841293111812
0.28436623243704906, 0.05088841293111812
0.28436623243704906, 0.05088841293111812
0.28436623243704906, 0.05088841293111812
0.7363996206834647, 0.5820920539225166
0.7363996206834647, 0.5820920539225166
0.7363996206834647, 0.5820920539225166
0.7363996206834647, 0.5820920539225166
0.7363996206834647, 0.5820920539225166
0.7363996206834647, 0.5820920539225166
0.7363996206834647, 0.5820920539225166
0.7363996206834647, 0.5820920539225166
0.7363996206834647, 0.5820920539225166
0.7363996206834647, 0.5820920539225166
0.4191880535186694, 0.15533795725451116
0.4191880535186694, 0.15533795725451116
0.4191880535186694, 0.15533795725451116
0.4191880535186694, 0.15533795725451116
0.4191880535186694, 0.15533795725451116
0.4191880535186694, 0.15533795725451116
0.4191880535186694, 0.15533795725451116
0.4191880535186694, 0.15533795725451116
0.4191880535186694, 0.15533795725451116
0.4191880535186694, 0.15533795725451116
0.3876145250440296, 0.6413630051499414
0.3876145250440296, 0.6413630051499414
0.3876145250440296, 0.6413630051499414
0.3876145250440296, 0.6413630051499414
0.3876145250440296, 0.6413630051499414
0.3876145250440296, 0.6413630051499414
0.3876145250440296, 0.6413630051499414
0.3876145250440296, 0.6413630051499414
0.3876145250440296, 0.6413630051499414
0.3876145250440296, 0.6413630051499414
0.6785213192574463, 0.49156307070738003
0.6785213192574463, 0.49156307070738003
0.6785213192574463, 0.49156307070738003
0.6785213192574463, 0.49156307070738003
0.6785213192574463, 0.49156307070738003
0.6785213192574463, 0.49156307070738003
0.6785213192574463, 0.49156307070738003
0.6785213192574463, 0.49156307070738003
0.6785213192574463, 0.49156307070738003
0.6785213192574463, 0.49156307070738003
0.16965076600252604, 0.4223177653585589
0.16965076600252604, 0.4223177653585589
0.16965076600252604, 0.4223177653585589
0.16965076600252604, 0.4223177653585589
0.16965076600252604, 0.4223177653585589
0.16965076600252604, 0.4223177653585589
0.16965076600252604, 0.4223177653585589
0.16965076600252604, 0.4223177653585589
0.16965076600252604, 0.4223177653585589
0.16965076600252604, 0.4223177653585589
0.8061185470535241, 0.2615883886303264
0.8061185470535241, 0.2615883886303264
0.8061185470535241, 0.2615883886303264
0.8061185470535241, 0.2615883886303264
0.8061185470535241, 0.2615883886303264
0.8061185470535241, 0.2615883886303264
0.8061185470535241, 0.2615883886303264
0.8061185470535241, 0.2615883886303264
0.8061185470535241, 0.2615883886303264
0.8061185470535241, 0.2615883886303264
0.4101744895870353, 0.9931672711975847
0.4101744895870353, 0.9931672711975847
0.4101744895870353, 0.9931672711975847
0.4101744895870353, 0.9931672711975847
0.4101744895870353, 0.9931672711975847
0.4101744895870353, 0.9931672711975847
0.4101744895870353, 0.9931672711975847
0.4101744895870353, 0.9931672711975847
0.4101744895870353, 0.9931672711975847
0.4101744895870353, 0.9931672711975847
0.3979770095423334, 0.8922842779420355
0.3979770095423334, 0.8922842779420355
0.3979770095423334, 0.8922842779420355
0.3979770095423334, 0.8922842779420355
0.3979770095423334, 0.8922842779420355
0.3979770095423334, 0.8922842779420355
0.3979770095423334, 0.8922842779420355
0.3979770095423334, 0.8922842779420355
0.3979770095423334, 0.8922842779420355
0.3979770095423334, 0.8922842779420355
