1e-05
0.3808042005799628, 0.31712749754130176
0.3808042005799628, 0.31712749754130176
0.3808042005799628, 0.31712749754130176
0.3808042005799628, 0.31712749754130176
0.3808042005799628, 0.31712749754130176
0.3808042005799628, 0.31712749754130176
0.3808042005799628, 0.31712749754130176
0.3808042005799628, 0.31712749754130176
0.3808042005799628, 0.31712749754130176
0.3808042005799628, 0.31712749754130176
0.5511795395244663, 0.8717958452750862
0.5511795395244663, 0.8717958452750862
0.5511795395244663, 0.8717958452750862
0.5511795395244663, 0.8717958452750862
0.5511795395244663, 0.8717958452750862
0.5511795395244663, 0.8717958452750862
0.5511795395244663, 0.8717958452750862
0.5511795395244663, 0.8717958452750862
0.5511795395244663, 0.8717958452750862
0.5511795395244663, 0.8717958452750862
0.06166643070026567, 0.15652517399074106
0.06166643070026567, 0.15652517399074106
0.06166643070026567, 0.15652517399074106
0.06166643070026567, 0.15652517399074106
0.06166643070026567, 0.15652517399074106
0.06166643070026567, 0.15652517399074106
0.06166643070026567, 0.15652517399074106
0.06166643070026567, 0.15652517399074106
0.06166643070026567, 0.15652517399074106
0.06166643070026567, 0.15652517399074106
0.7427697784009544, 0.05952543392571008
0.7427697784009544, 0.05952543392571008
0.7427697784009544, 0.05952543392571008
0.7427697784009544, 0.05952543392571008
0.7427697784009544, 0.05952543392571008
0.7427697784009544, 0.05952543392571008
0.7427697784009544, 0.05952543392571008
0.7427697784009544, 0.05952543392571008
0.7427697784009544, 0.05952543392571008
0.7427697784009544, 0.05952543392571008
0.6123927962589034, 0.7821566046657848
0.6123927962589034, 0.7821566046657848
0.6123927962589034, 0.7821566046657848
0.6123927962589034, 0.7821566046657848
0.6123927962589034, 0.7821566046657848
0.6123927962589034, 0.7821566046657848
0.6123927962589034, 0.7821566046657848
0.6123927962589034, 0.7821566046657848
0.6123927962589034, 0.7821566046657848
0.6123927962589034, 0.7821566046657848
0.49142223207456504, 0.5545756242335296
0.49142223207456504, 0.5545756242335296
0.49142223207456504, 0.5545756242335296
0.49142223207456504, 0.5545756242335296
0.49142223207456504, 0.5545756242335296
0.49142223207456504, 0.5545756242335296
0.49142223207456504, 0.5545756242335296
0.49142223207456504, 0.5545756242335296
0.49142223207456504, 0.5545756242335296
0.49142223207456504, 0.5545756242335296
0.23830107506986953, 0.504488491281581
0.23830107506986953, 0.504488491281581
0.23830107506986953, 0.504488491281581
0.23830107506986953, 0.504488491281581
0.23830107506986953, 0.504488491281581
0.23830107506986953, 0.504488491281581
0.23830107506986953, 0.504488491281581
0.23830107506986953, 0.504488491281581
0.23830107506986953, 0.504488491281581
0.23830107506986953, 0.504488491281581
0.22152335902800213, 0.947379015914898
0.22152335902800213, 0.947379015914898
0.22152335902800213, 0.947379015914898
0.22152335902800213, 0.947379015914898
0.22152335902800213, 0.947379015914898
0.22152335902800213, 0.947379015914898
0.22152335902800213, 0.947379015914898
0.22152335902800213, 0.947379015914898
0.22152335902800213, 0.947379015914898
0.22152335902800213, 0.947379015914898
0.942581682002718, 0.6701229432246777
0.942581682002718, 0.6701229432246777
0.942581682002718, 0.6701229432246777
0.942581682002718, 0.6701229432246777
0.942581682002718, 0.6701229432246777
0.942581682002718, 0.6701229432246777
0.942581682002718, 0.6701229432246777
0.942581682002718, 0.6701229432246777
0.942581682002718, 0.6701229432246777
0.942581682002718, 0.6701229432246777
0.9407628505499155, 0.04205358967657713
0.9407628505499155, 0.04205358967657713
0.9407628505499155, 0.04205358967657713
0.9407628505499155, 0.04205358967657713
0.9407628505499155, 0.04205358967657713
0.9407628505499155, 0.04205358967657713
0.9407628505499155, 0.04205358967657713
0.9407628505499155, 0.04205358967657713
0.9407628505499155, 0.04205358967657713
0.9407628505499155, 0.04205358967657713
