1e-05
0.9847245739357383, 0.20678118664837053
0.9847245739357383, 0.20678118664837053
0.9847245739357383, 0.20678118664837053
0.9847245739357383, 0.20678118664837053
0.9847245739357383, 0.20678118664837053
0.9847245739357383, 0.20678118664837053
0.9847245739357383, 0.20678118664837053
0.9847245739357383, 0.20678118664837053
0.9847245739357383, 0.20678118664837053
0.9847245739357383, 0.20678118664837053
0.9036651049666511, 0.3802484348427887
0.9036651049666511, 0.3802484348427887
0.9036651049666511, 0.3802484348427887
0.9036651049666511, 0.3802484348427887
0.9036651049666511, 0.3802484348427887
0.9036651049666511, 0.3802484348427887
0.9036651049666511, 0.3802484348427887
0.9036651049666511, 0.3802484348427887
0.9036651049666511, 0.3802484348427887
0.9036651049666511, 0.3802484348427887
0.8766831672781707, 0.22521456759382408
0.8766831672781707, 0.22521456759382408
0.8766831672781707, 0.22521456759382408
0.8766831672781707, 0.22521456759382408
0.8766831672781707, 0.22521456759382408
0.8766831672781707, 0.22521456759382408
0.8766831672781707, 0.22521456759382408
0.8766831672781707, 0.22521456759382408
0.8766831672781707, 0.22521456759382408
0.8766831672781707, 0.22521456759382408
0.7262768558680358, 0.1538794553445032
0.7262768558680358, 0.1538794553445032
0.7262768558680358, 0.1538794553445032
0.7262768558680358, 0.1538794553445032
0.7262768558680358, 0.1538794553445032
0.7262768558680358, 0.1538794553445032
0.7262768558680358, 0.1538794553445032
0.7262768558680358, 0.1538794553445032
0.7262768558680358, 0.1538794553445032
0.7262768558680358, 0.1538794553445032
0.7512384575110875, 0.14048151304949785
0.7512384575110875, 0.14048151304949785
0.7512384575110875, 0.14048151304949785
0.7512384575110875, 0.14048151304949785
0.7512384575110875, 0.14048151304949785
0.7512384575110875, 0.14048151304949785
0.7512384575110875, 0.14048151304949785
0.7512384575110875, 0.14048151304949785
0.7512384575110875, 0.14048151304949785
0.7512384575110875, 0.14048151304949785
0.22301906064642463, 0.9079764916889385
0.22301906064642463, 0.9079764916889385
0.22301906064642463, 0.9079764916889385
0.22301906064642463, 0.9079764916889385
0.22301906064642463, 0.9079764916889385
0.22301906064642463, 0.9079764916889385
0.22301906064642463, 0.9079764916889385
0.22301906064642463, 0.9079764916889385
0.22301906064642463, 0.9079764916889385
0.22301906064642463, 0.9079764916889385
0.7296471561216582, 0.2947913575490402
0.7296471561216582, 0.2947913575490402
0.7296471561216582, 0.2947913575490402
0.7296471561216582, 0.2947913575490402
0.7296471561216582, 0.2947913575490402
0.7296471561216582, 0.2947913575490402
0.7296471561216582, 0.2947913575490402
0.7296471561216582, 0.2947913575490402
0.7296471561216582, 0.2947913575490402
0.7296471561216582, 0.2947913575490402
0.9417965214757524, 0.9223723950708723
0.9417965214757524, 0.9223723950708723
0.9417965214757524, 0.9223723950708723
0.9417965214757524, 0.9223723950708723
0.9417965214757524, 0.9223723950708723
0.9417965214757524, 0.9223723950708723
0.9417965214757524, 0.9223723950708723
0.9417965214757524, 0.9223723950708723
0.9417965214757524, 0.9223723950708723
0.9417965214757524, 0.9223723950708723
0.3195392699116363, 0.1368738331778767
0.3195392699116363, 0.1368738331778767
0.3195392699116363, 0.1368738331778767
0.3195392699116363, 0.1368738331778767
0.3195392699116363, 0.1368738331778767
0.3195392699116363, 0.1368738331778767
0.3195392699116363, 0.1368738331778767
0.3195392699116363, 0.1368738331778767
0.3195392699116363, 0.1368738331778767
0.3195392699116363, 0.1368738331778767
0.6797629902674099, 0.1585338775301196
0.6797629902674099, 0.1585338775301196
0.6797629902674099, 0.1585338775301196
0.6797629902674099, 0.1585338775301196
0.6797629902674099, 0.1585338775301196
0.6797629902674099, 0.1585338775301196
0.6797629902674099, 0.1585338775301196
0.6797629902674099, 0.1585338775301196
0.6797629902674099, 0.1585338775301196
0.6797629902674099, 0.1585338775301196
