1e-05
0.5881599909764248, 0.22593203633029668
0.5881599909764248, 0.22593203633029668
0.5881599909764248, 0.22593203633029668
0.5881599909764248, 0.22593203633029668
0.5881599909764248, 0.22593203633029668
0.5881599909764248, 0.22593203633029668
0.5881599909764248, 0.22593203633029668
0.5881599909764248, 0.22593203633029668
0.5881599909764248, 0.22593203633029668
0.5881599909764248, 0.22593203633029668
0.721557767983283, 0.10924624734084842
0.721557767983283, 0.10924624734084842
0.721557767983283, 0.10924624734084842
0.721557767983283, 0.10924624734084842
0.721557767983283, 0.10924624734084842
0.721557767983283, 0.10924624734084842
0.721557767983283, 0.10924624734084842
0.721557767983283, 0.10924624734084842
0.721557767983283, 0.10924624734084842
0.721557767983283, 0.10924624734084842
0.5418691999217002, 0.055368733339776655
0.5418691999217002, 0.055368733339776655
0.5418691999217002, 0.055368733339776655
0.5418691999217002, 0.055368733339776655
0.5418691999217002, 0.055368733339776655
0.5418691999217002, 0.055368733339776655
0.5418691999217002, 0.055368733339776655
0.5418691999217002, 0.055368733339776655
0.5418691999217002, 0.055368733339776655
0.5418691999217002, 0.055368733339776655
0.6117518918141416, 0.49742828922236637
0.6117518918141416, 0.49742828922236637
0.6117518918141416, 0.49742828922236637
0.6117518918141416, 0.49742828922236637
0.6117518918141416, 0.49742828922236637
0.6117518918141416, 0.49742828922236637
0.6117518918141416, 0.49742828922236637
0.6117518918141416, 0.49742828922236637
0.6117518918141416, 0.49742828922236637
0.6117518918141416, 0.49742828922236637
0.4653529982536323, 0.9780763059329496
0.4653529982536323, 0.9780763059329496
0.4653529982536323, 0.9780763059329496
0.4653529982536323, 0.9780763059329496
0.4653529982536323, 0.9780763059329496
0.4653529982536323, 0.9780763059329496
0.4653529982536323, 0.9780763059329496
0.4653529982536323, 0.9780763059329496
0.4653529982536323, 0.9780763059329496
0.4653529982536323, 0.9780763059329496
0.004439879824535531, 0.010299791758011212
0.004439879824535531, 0.010299791758011212
0.004439879824535531, 0.010299791758011212
0.004439879824535531, 0.010299791758011212
0.004439879824535531, 0.010299791758011212
0.004439879824535531, 0.010299791758011212
0.004439879824535531, 0.010299791758011212
0.004439879824535531, 0.010299791758011212
0.004439879824535531, 0.010299791758011212
0.004439879824535531, 0.010299791758011212
0.20147841787669896, 0.7660317987145969
0.20147841787669896, 0.7660317987145969
0.20147841787669896, 0.7660317987145969
0.20147841787669896, 0.7660317987145969
0.20147841787669896, 0.7660317987145969
0.20147841787669896, 0.7660317987145969
0.20147841787669896, 0.7660317987145969
0.20147841787669896, 0.7660317987145969
0.20147841787669896, 0.7660317987145969
0.20147841787669896, 0.7660317987145969
0.7031967711962712, 0.2242202457115532
0.7031967711962712, 0.2242202457115532
0.7031967711962712, 0.2242202457115532
0.7031967711962712, 0.2242202457115532
0.7031967711962712, 0.2242202457115532
0.7031967711962712, 0.2242202457115532
0.7031967711962712, 0.2242202457115532
0.7031967711962712, 0.2242202457115532
0.7031967711962712, 0.2242202457115532
0.7031967711962712, 0.2242202457115532
0.29329271113132527, 0.28769203678585553
0.29329271113132527, 0.28769203678585553
0.29329271113132527, 0.28769203678585553
0.29329271113132527, 0.28769203678585553
0.29329271113132527, 0.28769203678585553
0.29329271113132527, 0.28769203678585553
0.29329271113132527, 0.28769203678585553
0.29329271113132527, 0.28769203678585553
0.29329271113132527, 0.28769203678585553
0.29329271113132527, 0.28769203678585553
0.22017850914290082, 0.6251258938621617
0.22017850914290082, 0.6251258938621617
0.22017850914290082, 0.6251258938621617
0.22017850914290082, 0.6251258938621617
0.22017850914290082, 0.6251258938621617
0.22017850914290082, 0.6251258938621617
0.22017850914290082, 0.6251258938621617
0.22017850914290082, 0.6251258938621617
0.22017850914290082, 0.6251258938621617
0.22017850914290082, 0.6251258938621617
