1e-05
0.057276815567944284, 0.43875472939844506
0.057276815567944284, 0.43875472939844506
0.057276815567944284, 0.43875472939844506
0.057276815567944284, 0.43875472939844506
0.057276815567944284, 0.43875472939844506
0.057276815567944284, 0.43875472939844506
0.057276815567944284, 0.43875472939844506
0.057276815567944284, 0.43875472939844506
0.057276815567944284, 0.43875472939844506
0.057276815567944284, 0.43875472939844506
0.41513211084835433, 0.9545691599100959
0.41513211084835433, 0.9545691599100959
0.41513211084835433, 0.9545691599100959
0.41513211084835433, 0.9545691599100959
0.41513211084835433, 0.9545691599100959
0.41513211084835433, 0.9545691599100959
0.41513211084835433, 0.9545691599100959
0.41513211084835433, 0.9545691599100959
0.41513211084835433, 0.9545691599100959
0.41513211084835433, 0.9545691599100959
0.9583487013822719, 0.5790716224239003
0.9583487013822719, 0.5790716224239003
0.9583487013822719, 0.5790716224239003
0.9583487013822719, 0.5790716224239003
0.9583487013822719, 0.5790716224239003
0.9583487013822719, 0.5790716224239003
0.9583487013822719, 0.5790716224239003
0.9583487013822719, 0.5790716224239003
0.9583487013822719, 0.5790716224239003
0.9583487013822719, 0.5790716224239003
0.9362617637114755, 0.42331873586964397
0.9362617637114755, 0.42331873586964397
0.9362617637114755, 0.42331873586964397
0.9362617637114755, 0.42331873586964397
0.9362617637114755, 0.42331873586964397
0.9362617637114755, 0.42331873586964397
0.9362617637114755, 0.42331873586964397
0.9362617637114755, 0.42331873586964397
0.9362617637114755, 0.42331873586964397
0.9362617637114755, 0.42331873586964397
0.28706430158634, 0.8866383570681851
0.28706430158634, 0.8866383570681851
0.28706430158634, 0.8866383570681851
0.28706430158634, 0.8866383570681851
0.28706430158634, 0.8866383570681851
0.28706430158634, 0.8866383570681851
0.28706430158634, 0.8866383570681851
0.28706430158634, 0.8866383570681851
0.28706430158634, 0.8866383570681851
0.28706430158634, 0.8866383570681851
0.340606273605643, 0.08022255609409867
0.340606273605643, 0.08022255609409867
0.340606273605643, 0.08022255609409867
0.340606273605643, 0.08022255609409867
0.340606273605643, 0.08022255609409867
0.340606273605643, 0.08022255609409867
0.340606273605643, 0.08022255609409867
0.340606273605643, 0.08022255609409867
0.340606273605643, 0.08022255609409867
0.340606273605643, 0.08022255609409867
0.8511695634654256, 0.2657667924374224
0.8511695634654256, 0.2657667924374224
0.8511695634654256, 0.2657667924374224
0.8511695634654256, 0.2657667924374224
0.8511695634654256, 0.2657667924374224
0.8511695634654256, 0.2657667924374224
0.8511695634654256, 0.2657667924374224
0.8511695634654256, 0.2657667924374224
0.8511695634654256, 0.2657667924374224
0.8511695634654256, 0.2657667924374224
0.7760989550593775, 0.08653651576647681
0.7760989550593775, 0.08653651576647681
0.7760989550593775, 0.08653651576647681
0.7760989550593775, 0.08653651576647681
0.7760989550593775, 0.08653651576647681
0.7760989550593775, 0.08653651576647681
0.7760989550593775, 0.08653651576647681
0.7760989550593775, 0.08653651576647681
0.7760989550593775, 0.08653651576647681
0.7760989550593775, 0.08653651576647681
0.7293889646399458, 0.21830301596874868
0.7293889646399458, 0.21830301596874868
0.7293889646399458, 0.21830301596874868
0.7293889646399458, 0.21830301596874868
0.7293889646399458, 0.21830301596874868
0.7293889646399458, 0.21830301596874868
0.7293889646399458, 0.21830301596874868
0.7293889646399458, 0.21830301596874868
0.7293889646399458, 0.21830301596874868
0.7293889646399458, 0.21830301596874868
0.10766270508351872, 0.07479332250277482
0.10766270508351872, 0.07479332250277482
0.10766270508351872, 0.07479332250277482
0.10766270508351872, 0.07479332250277482
0.10766270508351872, 0.07479332250277482
0.10766270508351872, 0.07479332250277482
0.10766270508351872, 0.07479332250277482
0.10766270508351872, 0.07479332250277482
0.10766270508351872, 0.07479332250277482
0.10766270508351872, 0.07479332250277482
