1e-05
0.5202289443129363, 0.5598143599960135
0.5202289443129363, 0.5598143599960135
0.5202289443129363, 0.5598143599960135
0.5202289443129363, 0.5598143599960135
0.5202289443129363, 0.5598143599960135
0.5202289443129363, 0.5598143599960135
0.5202289443129363, 0.5598143599960135
0.5202289443129363, 0.5598143599960135
0.5202289443129363, 0.5598143599960135
0.5202289443129363, 0.5598143599960135
0.022303281104367523, 0.7761142761569458
0.022303281104367523, 0.7761142761569458
0.022303281104367523, 0.7761142761569458
0.022303281104367523, 0.7761142761569458
0.022303281104367523, 0.7761142761569458
0.022303281104367523, 0.7761142761569458
0.022303281104367523, 0.7761142761569458
0.022303281104367523, 0.7761142761569458
0.022303281104367523, 0.7761142761569458
0.022303281104367523, 0.7761142761569458
0.40270887952464307, 0.5468637907107123
0.40270887952464307, 0.5468637907107123
0.40270887952464307, 0.5468637907107123
0.40270887952464307, 0.5468637907107123
0.40270887952464307, 0.5468637907107123
0.40270887952464307, 0.5468637907107123
0.40270887952464307, 0.5468637907107123
0.40270887952464307, 0.5468637907107123
0.40270887952464307, 0.5468637907107123
0.40270887952464307, 0.5468637907107123
0.5464701834048835, 0.7537764664100823
0.5464701834048835, 0.7537764664100823
0.5464701834048835, 0.7537764664100823
0.5464701834048835, 0.7537764664100823
0.5464701834048835, 0.7537764664100823
0.5464701834048835, 0.7537764664100823
0.5464701834048835, 0.7537764664100823
0.5464701834048835, 0.7537764664100823
0.5464701834048835, 0.7537764664100823
0.5464701834048835, 0.7537764664100823
0.38130210129288766, 0.5888198050389504
0.38130210129288766, 0.5888198050389504
0.38130210129288766, 0.5888198050389504
0.38130210129288766, 0.5888198050389504
0.38130210129288766, 0.5888198050389504
0.38130210129288766, 0.5888198050389504
0.38130210129288766, 0.5888198050389504
0.38130210129288766, 0.5888198050389504
0.38130210129288766, 0.5888198050389504
0.38130210129288766, 0.5888198050389504
0.2707600489368923, 0.08238346438636535
0.2707600489368923, 0.08238346438636535
0.2707600489368923, 0.08238346438636535
0.2707600489368923, 0.08238346438636535
0.2707600489368923, 0.08238346438636535
0.2707600489368923, 0.08238346438636535
0.2707600489368923, 0.08238346438636535
0.2707600489368923, 0.08238346438636535
0.2707600489368923, 0.08238346438636535
0.2707600489368923, 0.08238346438636535
0.4291964437669874, 0.12862995717707293
0.4291964437669874, 0.12862995717707293
0.4291964437669874, 0.12862995717707293
0.4291964437669874, 0.12862995717707293
0.4291964437669874, 0.12862995717707293
0.4291964437669874, 0.12862995717707293
0.4291964437669874, 0.12862995717707293
0.4291964437669874, 0.12862995717707293
0.4291964437669874, 0.12862995717707293
0.4291964437669874, 0.12862995717707293
0.5097807129514365, 0.17001438822171588
0.5097807129514365, 0.17001438822171588
0.5097807129514365, 0.17001438822171588
0.5097807129514365, 0.17001438822171588
0.5097807129514365, 0.17001438822171588
0.5097807129514365, 0.17001438822171588
0.5097807129514365, 0.17001438822171588
0.5097807129514365, 0.17001438822171588
0.5097807129514365, 0.17001438822171588
0.5097807129514365, 0.17001438822171588
0.8687216938891561, 0.5969675599807033
0.8687216938891561, 0.5969675599807033
0.8687216938891561, 0.5969675599807033
0.8687216938891561, 0.5969675599807033
0.8687216938891561, 0.5969675599807033
0.8687216938891561, 0.5969675599807033
0.8687216938891561, 0.5969675599807033
0.8687216938891561, 0.5969675599807033
0.8687216938891561, 0.5969675599807033
0.8687216938891561, 0.5969675599807033
0.28269567814285057, 0.4840033974301047
0.28269567814285057, 0.4840033974301047
0.28269567814285057, 0.4840033974301047
0.28269567814285057, 0.4840033974301047
0.28269567814285057, 0.4840033974301047
0.28269567814285057, 0.4840033974301047
0.28269567814285057, 0.4840033974301047
0.28269567814285057, 0.4840033974301047
0.28269567814285057, 0.4840033974301047
0.28269567814285057, 0.4840033974301047
