1e-05
0.9241908024504599, 0.33136137282990896
0.9241908024504599, 0.33136137282990896
0.9241908024504599, 0.33136137282990896
0.9241908024504599, 0.33136137282990896
0.9241908024504599, 0.33136137282990896
0.9241908024504599, 0.33136137282990896
0.9241908024504599, 0.33136137282990896
0.9241908024504599, 0.33136137282990896
0.9241908024504599, 0.33136137282990896
0.9241908024504599, 0.33136137282990896
0.7956650226624583, 0.18108268847009623
0.7956650226624583, 0.18108268847009623
0.7956650226624583, 0.18108268847009623
0.7956650226624583, 0.18108268847009623
0.7956650226624583, 0.18108268847009623
0.7956650226624583, 0.18108268847009623
0.7956650226624583, 0.18108268847009623
0.7956650226624583, 0.18108268847009623
0.7956650226624583, 0.18108268847009623
0.7956650226624583, 0.18108268847009623
0.3469327969624799, 0.8687268133255512
0.3469327969624799, 0.8687268133255512
0.3469327969624799, 0.8687268133255512
0.3469327969624799, 0.8687268133255512
0.3469327969624799, 0.8687268133255512
0.3469327969624799, 0.8687268133255512
0.3469327969624799, 0.8687268133255512
0.3469327969624799, 0.8687268133255512
0.3469327969624799, 0.8687268133255512
0.3469327969624799, 0.8687268133255512
0.10953579282716341, 0.2426535391383675
0.10953579282716341, 0.2426535391383675
0.10953579282716341, 0.2426535391383675
0.10953579282716341, 0.2426535391383675
0.10953579282716341, 0.2426535391383675
0.10953579282716341, 0.2426535391383675
0.10953579282716341, 0.2426535391383675
0.10953579282716341, 0.2426535391383675
0.10953579282716341, 0.2426535391383675
0.10953579282716341, 0.2426535391383675
0.27243850669970304, 0.5212342784110267
0.27243850669970304, 0.5212342784110267
0.27243850669970304, 0.5212342784110267
0.27243850669970304, 0.5212342784110267
0.27243850669970304, 0.5212342784110267
0.27243850669970304, 0.5212342784110267
0.27243850669970304, 0.5212342784110267
0.27243850669970304, 0.5212342784110267
0.27243850669970304, 0.5212342784110267
0.27243850669970304, 0.5212342784110267
0.020243500127965275, 0.8453900181501969
0.020243500127965275, 0.8453900181501969
0.020243500127965275, 0.8453900181501969
0.020243500127965275, 0.8453900181501969
0.020243500127965275, 0.8453900181501969
0.020243500127965275, 0.8453900181501969
0.020243500127965275, 0.8453900181501969
0.020243500127965275, 0.8453900181501969
0.020243500127965275, 0.8453900181501969
0.020243500127965275, 0.8453900181501969
0.7262596446197502, 0.3126312451996579
0.7262596446197502, 0.3126312451996579
0.7262596446197502, 0.3126312451996579
0.7262596446197502, 0.3126312451996579
0.7262596446197502, 0.3126312451996579
0.7262596446197502, 0.3126312451996579
0.7262596446197502, 0.3126312451996579
0.7262596446197502, 0.3126312451996579
0.7262596446197502, 0.3126312451996579
0.7262596446197502, 0.3126312451996579
0.08682976993424774, 0.16384784950006093
0.08682976993424774, 0.16384784950006093
0.08682976993424774, 0.16384784950006093
0.08682976993424774, 0.16384784950006093
0.08682976993424774, 0.16384784950006093
0.08682976993424774, 0.16384784950006093
0.08682976993424774, 0.16384784950006093
0.08682976993424774, 0.16384784950006093
0.08682976993424774, 0.16384784950006093
0.08682976993424774, 0.16384784950006093
0.3508796284272536, 0.37076153408422097
0.3508796284272536, 0.37076153408422097
0.3508796284272536, 0.37076153408422097
0.3508796284272536, 0.37076153408422097
0.3508796284272536, 0.37076153408422097
0.3508796284272536, 0.37076153408422097
0.3508796284272536, 0.37076153408422097
0.3508796284272536, 0.37076153408422097
0.3508796284272536, 0.37076153408422097
0.3508796284272536, 0.37076153408422097
0.9630002878754027, 0.9754924346902651
0.9630002878754027, 0.9754924346902651
0.9630002878754027, 0.9754924346902651
0.9630002878754027, 0.9754924346902651
0.9630002878754027, 0.9754924346902651
0.9630002878754027, 0.9754924346902651
0.9630002878754027, 0.9754924346902651
0.9630002878754027, 0.9754924346902651
0.9630002878754027, 0.9754924346902651
0.9630002878754027, 0.9754924346902651
