1e-05
0.1700636682353316, 0.8385154246764438
0.1700636682353316, 0.8385154246764438
0.1700636682353316, 0.8385154246764438
0.1700636682353316, 0.8385154246764438
0.1700636682353316, 0.8385154246764438
0.1700636682353316, 0.8385154246764438
0.1700636682353316, 0.8385154246764438
0.1700636682353316, 0.8385154246764438
0.1700636682353316, 0.8385154246764438
0.1700636682353316, 0.8385154246764438
0.9000429419553018, 0.9368837415922938
0.9000429419553018, 0.9368837415922938
0.9000429419553018, 0.9368837415922938
0.9000429419553018, 0.9368837415922938
0.9000429419553018, 0.9368837415922938
0.9000429419553018, 0.9368837415922938
0.9000429419553018, 0.9368837415922938
0.9000429419553018, 0.9368837415922938
0.9000429419553018, 0.9368837415922938
0.9000429419553018, 0.9368837415922938
0.8572463305288279, 0.1904079469614699
0.8572463305288279, 0.1904079469614699
0.8572463305288279, 0.1904079469614699
0.8572463305288279, 0.1904079469614699
0.8572463305288279, 0.1904079469614699
0.8572463305288279, 0.1904079469614699
0.8572463305288279, 0.1904079469614699
0.8572463305288279, 0.1904079469614699
0.8572463305288279, 0.1904079469614699
0.8572463305288279, 0.1904079469614699
0.704272829101984, 0.31792541728222024
0.704272829101984, 0.31792541728222024
0.704272829101984, 0.31792541728222024
0.704272829101984, 0.31792541728222024
0.704272829101984, 0.31792541728222024
0.704272829101984, 0.31792541728222024
0.704272829101984, 0.31792541728222024
0.704272829101984, 0.31792541728222024
0.704272829101984, 0.31792541728222024
0.704272829101984, 0.31792541728222024
0.19108741330940104, 0.9549882919858327
0.19108741330940104, 0.9549882919858327
0.19108741330940104, 0.9549882919858327
0.19108741330940104, 0.9549882919858327
0.19108741330940104, 0.9549882919858327
0.19108741330940104, 0.9549882919858327
0.19108741330940104, 0.9549882919858327
0.19108741330940104, 0.9549882919858327
0.19108741330940104, 0.9549882919858327
0.19108741330940104, 0.9549882919858327
0.8611771761272349, 0.5322025593835658
0.8611771761272349, 0.5322025593835658
0.8611771761272349, 0.5322025593835658
0.8611771761272349, 0.5322025593835658
0.8611771761272349, 0.5322025593835658
0.8611771761272349, 0.5322025593835658
0.8611771761272349, 0.5322025593835658
0.8611771761272349, 0.5322025593835658
0.8611771761272349, 0.5322025593835658
0.8611771761272349, 0.5322025593835658
0.2523568054771643, 0.5699221457337458
0.2523568054771643, 0.5699221457337458
0.2523568054771643, 0.5699221457337458
0.2523568054771643, 0.5699221457337458
0.2523568054771643, 0.5699221457337458
0.2523568054771643, 0.5699221457337458
0.2523568054771643, 0.5699221457337458
0.2523568054771643, 0.5699221457337458
0.2523568054771643, 0.5699221457337458
0.2523568054771643, 0.5699221457337458
0.5806250348576131, 0.7823437675053786
0.5806250348576131, 0.7823437675053786
0.5806250348576131, 0.7823437675053786
0.5806250348576131, 0.7823437675053786
0.5806250348576131, 0.7823437675053786
0.5806250348576131, 0.7823437675053786
0.5806250348576131, 0.7823437675053786
0.5806250348576131, 0.7823437675053786
0.5806250348576131, 0.7823437675053786
0.5806250348576131, 0.7823437675053786
0.9884257536565896, 0.3917659134840601
0.9884257536565896, 0.3917659134840601
0.9884257536565896, 0.3917659134840601
0.9884257536565896, 0.3917659134840601
0.9884257536565896, 0.3917659134840601
0.9884257536565896, 0.3917659134840601
0.9884257536565896, 0.3917659134840601
0.9884257536565896, 0.3917659134840601
0.9884257536565896, 0.3917659134840601
0.9884257536565896, 0.3917659134840601
0.4191836079192651, 0.07260635719368513
0.4191836079192651, 0.07260635719368513
0.4191836079192651, 0.07260635719368513
0.4191836079192651, 0.07260635719368513
0.4191836079192651, 0.07260635719368513
0.4191836079192651, 0.07260635719368513
0.4191836079192651, 0.07260635719368513
0.4191836079192651, 0.07260635719368513
0.4191836079192651, 0.07260635719368513
0.4191836079192651, 0.07260635719368513
