1e-05
0.45302684589102493, 0.39746419257866217
0.45302684589102493, 0.39746419257866217
0.45302684589102493, 0.39746419257866217
0.45302684589102493, 0.39746419257866217
0.45302684589102493, 0.39746419257866217
0.45302684589102493, 0.39746419257866217
0.45302684589102493, 0.39746419257866217
0.45302684589102493, 0.39746419257866217
0.45302684589102493, 0.39746419257866217
0.45302684589102493, 0.39746419257866217
0.8547699653759981, 0.08477285375165156
0.8547699653759981, 0.08477285375165156
0.8547699653759981, 0.08477285375165156
0.8547699653759981, 0.08477285375165156
0.8547699653759981, 0.08477285375165156
0.8547699653759981, 0.08477285375165156
0.8547699653759981, 0.08477285375165156
0.8547699653759981, 0.08477285375165156
0.8547699653759981, 0.08477285375165156
0.8547699653759981, 0.08477285375165156
0.9459181248063832, 0.2632278998638752
0.9459181248063832, 0.2632278998638752
0.9459181248063832, 0.2632278998638752
0.9459181248063832, 0.2632278998638752
0.9459181248063832, 0.2632278998638752
0.9459181248063832, 0.2632278998638752
0.9459181248063832, 0.2632278998638752
0.9459181248063832, 0.2632278998638752
0.9459181248063832, 0.2632278998638752
0.9459181248063832, 0.2632278998638752
0.33345218695031187, 0.9659097920338332
0.33345218695031187, 0.9659097920338332
0.33345218695031187, 0.9659097920338332
0.33345218695031187, 0.9659097920338332
0.33345218695031187, 0.9659097920338332
0.33345218695031187, 0.9659097920338332
0.33345218695031187, 0.9659097920338332
0.33345218695031187, 0.9659097920338332
0.33345218695031187, 0.9659097920338332
0.33345218695031187, 0.9659097920338332
0.31899493751687813, 0.7949343756518523
0.31899493751687813, 0.7949343756518523
0.31899493751687813, 0.7949343756518523
0.31899493751687813, 0.7949343756518523
0.31899493751687813, 0.7949343756518523
0.31899493751687813, 0.7949343756518523
0.31899493751687813, 0.7949343756518523
0.31899493751687813, 0.7949343756518523
0.31899493751687813, 0.7949343756518523
0.31899493751687813, 0.7949343756518523
0.9759899527380186, 0.0811622115389331
0.9759899527380186, 0.0811622115389331
0.9759899527380186, 0.0811622115389331
0.9759899527380186, 0.0811622115389331
0.9759899527380186, 0.0811622115389331
0.9759899527380186, 0.0811622115389331
0.9759899527380186, 0.0811622115389331
0.9759899527380186, 0.0811622115389331
0.9759899527380186, 0.0811622115389331
0.9759899527380186, 0.0811622115389331
0.4563677406274813, 0.06861380429908648
0.4563677406274813, 0.06861380429908648
0.4563677406274813, 0.06861380429908648
0.4563677406274813, 0.06861380429908648
0.4563677406274813, 0.06861380429908648
0.4563677406274813, 0.06861380429908648
0.4563677406274813, 0.06861380429908648
0.4563677406274813, 0.06861380429908648
0.4563677406274813, 0.06861380429908648
0.4563677406274813, 0.06861380429908648
0.6157728127638392, 0.6700481900282164
0.6157728127638392, 0.6700481900282164
0.6157728127638392, 0.6700481900282164
0.6157728127638392, 0.6700481900282164
0.6157728127638392, 0.6700481900282164
0.6157728127638392, 0.6700481900282164
0.6157728127638392, 0.6700481900282164
0.6157728127638392, 0.6700481900282164
0.6157728127638392, 0.6700481900282164
0.6157728127638392, 0.6700481900282164
0.021788688557179636, 0.8437792919166368
0.021788688557179636, 0.8437792919166368
0.021788688557179636, 0.8437792919166368
0.021788688557179636, 0.8437792919166368
0.021788688557179636, 0.8437792919166368
0.021788688557179636, 0.8437792919166368
0.021788688557179636, 0.8437792919166368
0.021788688557179636, 0.8437792919166368
0.021788688557179636, 0.8437792919166368
0.021788688557179636, 0.8437792919166368
0.9191926043362573, 0.09387827617898659
0.9191926043362573, 0.09387827617898659
0.9191926043362573, 0.09387827617898659
0.9191926043362573, 0.09387827617898659
0.9191926043362573, 0.09387827617898659
0.9191926043362573, 0.09387827617898659
0.9191926043362573, 0.09387827617898659
0.9191926043362573, 0.09387827617898659
0.9191926043362573, 0.09387827617898659
0.9191926043362573, 0.09387827617898659
