1e-05
0.616498780958462, 0.8975121836453704
0.616498780958462, 0.8975121836453704
0.616498780958462, 0.8975121836453704
0.616498780958462, 0.8975121836453704
0.616498780958462, 0.8975121836453704
0.616498780958462, 0.8975121836453704
0.616498780958462, 0.8975121836453704
0.616498780958462, 0.8975121836453704
0.616498780958462, 0.8975121836453704
0.616498780958462, 0.8975121836453704
0.3607787691422877, 0.6450795695251587
0.3607787691422877, 0.6450795695251587
0.3607787691422877, 0.6450795695251587
0.3607787691422877, 0.6450795695251587
0.3607787691422877, 0.6450795695251587
0.3607787691422877, 0.6450795695251587
0.3607787691422877, 0.6450795695251587
0.3607787691422877, 0.6450795695251587
0.3607787691422877, 0.6450795695251587
0.3607787691422877, 0.6450795695251587
0.7406389023390668, 0.9336603146126644
0.7406389023390668, 0.9336603146126644
0.7406389023390668, 0.9336603146126644
0.7406389023390668, 0.9336603146126644
0.7406389023390668, 0.9336603146126644
0.7406389023390668, 0.9336603146126644
0.7406389023390668, 0.9336603146126644
0.7406389023390668, 0.9336603146126644
0.7406389023390668, 0.9336603146126644
0.7406389023390668, 0.9336603146126644
0.6815106538040715, 0.45406214246014087
0.6815106538040715, 0.45406214246014087
0.6815106538040715, 0.45406214246014087
0.6815106538040715, 0.45406214246014087
0.6815106538040715, 0.45406214246014087
0.6815106538040715, 0.45406214246014087
0.6815106538040715, 0.45406214246014087
0.6815106538040715, 0.45406214246014087
0.6815106538040715, 0.45406214246014087
0.6815106538040715, 0.45406214246014087
0.7850244806641379, 0.40348571290989554
0.7850244806641379, 0.40348571290989554
0.7850244806641379, 0.40348571290989554
0.7850244806641379, 0.40348571290989554
0.7850244806641379, 0.40348571290989554
0.7850244806641379, 0.40348571290989554
0.7850244806641379, 0.40348571290989554
0.7850244806641379, 0.40348571290989554
0.7850244806641379, 0.40348571290989554
0.7850244806641379, 0.40348571290989554
0.6081399887621014, 0.952129672128333
0.6081399887621014, 0.952129672128333
0.6081399887621014, 0.952129672128333
0.6081399887621014, 0.952129672128333
0.6081399887621014, 0.952129672128333
0.6081399887621014, 0.952129672128333
0.6081399887621014, 0.952129672128333
0.6081399887621014, 0.952129672128333
0.6081399887621014, 0.952129672128333
0.6081399887621014, 0.952129672128333
0.9790975214625492, 0.215354363380019
0.9790975214625492, 0.215354363380019
0.9790975214625492, 0.215354363380019
0.9790975214625492, 0.215354363380019
0.9790975214625492, 0.215354363380019
0.9790975214625492, 0.215354363380019
0.9790975214625492, 0.215354363380019
0.9790975214625492, 0.215354363380019
0.9790975214625492, 0.215354363380019
0.9790975214625492, 0.215354363380019
0.13871095581784287, 0.392930154884209
0.13871095581784287, 0.392930154884209
0.13871095581784287, 0.392930154884209
0.13871095581784287, 0.392930154884209
0.13871095581784287, 0.392930154884209
0.13871095581784287, 0.392930154884209
0.13871095581784287, 0.392930154884209
0.13871095581784287, 0.392930154884209
0.13871095581784287, 0.392930154884209
0.13871095581784287, 0.392930154884209
0.16916589188824704, 0.5872030796923057
0.16916589188824704, 0.5872030796923057
0.16916589188824704, 0.5872030796923057
0.16916589188824704, 0.5872030796923057
0.16916589188824704, 0.5872030796923057
0.16916589188824704, 0.5872030796923057
0.16916589188824704, 0.5872030796923057
0.16916589188824704, 0.5872030796923057
0.16916589188824704, 0.5872030796923057
0.16916589188824704, 0.5872030796923057
0.4192024098944861, 0.921356334084931
0.4192024098944861, 0.921356334084931
0.4192024098944861, 0.921356334084931
0.4192024098944861, 0.921356334084931
0.4192024098944861, 0.921356334084931
0.4192024098944861, 0.921356334084931
0.4192024098944861, 0.921356334084931
0.4192024098944861, 0.921356334084931
0.4192024098944861, 0.921356334084931
0.4192024098944861, 0.921356334084931
