1e-05
0.3099352738198836, 0.7706899557318488
0.3099352738198836, 0.7706899557318488
0.3099352738198836, 0.7706899557318488
0.3099352738198836, 0.7706899557318488
0.3099352738198836, 0.7706899557318488
0.3099352738198836, 0.7706899557318488
0.3099352738198836, 0.7706899557318488
0.3099352738198836, 0.7706899557318488
0.3099352738198836, 0.7706899557318488
0.3099352738198836, 0.7706899557318488
0.8444539041239365, 0.28581160105101
0.8444539041239365, 0.28581160105101
0.8444539041239365, 0.28581160105101
0.8444539041239365, 0.28581160105101
0.8444539041239365, 0.28581160105101
0.8444539041239365, 0.28581160105101
0.8444539041239365, 0.28581160105101
0.8444539041239365, 0.28581160105101
0.8444539041239365, 0.28581160105101
0.8444539041239365, 0.28581160105101
0.731916936510536, 0.13330480747834916
0.731916936510536, 0.13330480747834916
0.731916936510536, 0.13330480747834916
0.731916936510536, 0.13330480747834916
0.731916936510536, 0.13330480747834916
0.731916936510536, 0.13330480747834916
0.731916936510536, 0.13330480747834916
0.731916936510536, 0.13330480747834916
0.731916936510536, 0.13330480747834916
0.731916936510536, 0.13330480747834916
0.4338418874322417, 0.8090929331849258
0.4338418874322417, 0.8090929331849258
0.4338418874322417, 0.8090929331849258
0.4338418874322417, 0.8090929331849258
0.4338418874322417, 0.8090929331849258
0.4338418874322417, 0.8090929331849258
0.4338418874322417, 0.8090929331849258
0.4338418874322417, 0.8090929331849258
0.4338418874322417, 0.8090929331849258
0.4338418874322417, 0.8090929331849258
0.9734901376633959, 0.5609454880894268
0.9734901376633959, 0.5609454880894268
0.9734901376633959, 0.5609454880894268
0.9734901376633959, 0.5609454880894268
0.9734901376633959, 0.5609454880894268
0.9734901376633959, 0.5609454880894268
0.9734901376633959, 0.5609454880894268
0.9734901376633959, 0.5609454880894268
0.9734901376633959, 0.5609454880894268
0.9734901376633959, 0.5609454880894268
0.9523307049829495, 0.931126011987867
0.9523307049829495, 0.931126011987867
0.9523307049829495, 0.931126011987867
0.9523307049829495, 0.931126011987867
0.9523307049829495, 0.931126011987867
0.9523307049829495, 0.931126011987867
0.9523307049829495, 0.931126011987867
0.9523307049829495, 0.931126011987867
0.9523307049829495, 0.931126011987867
0.9523307049829495, 0.931126011987867
0.4250752586273474, 0.1501281964045208
0.4250752586273474, 0.1501281964045208
0.4250752586273474, 0.1501281964045208
0.4250752586273474, 0.1501281964045208
0.4250752586273474, 0.1501281964045208
0.4250752586273474, 0.1501281964045208
0.4250752586273474, 0.1501281964045208
0.4250752586273474, 0.1501281964045208
0.4250752586273474, 0.1501281964045208
0.4250752586273474, 0.1501281964045208
0.5017606785105463, 0.11946302413797738
0.5017606785105463, 0.11946302413797738
0.5017606785105463, 0.11946302413797738
0.5017606785105463, 0.11946302413797738
0.5017606785105463, 0.11946302413797738
0.5017606785105463, 0.11946302413797738
0.5017606785105463, 0.11946302413797738
0.5017606785105463, 0.11946302413797738
0.5017606785105463, 0.11946302413797738
0.5017606785105463, 0.11946302413797738
0.2733839963050957, 0.8733879766523505
0.2733839963050957, 0.8733879766523505
0.2733839963050957, 0.8733879766523505
0.2733839963050957, 0.8733879766523505
0.2733839963050957, 0.8733879766523505
0.2733839963050957, 0.8733879766523505
0.2733839963050957, 0.8733879766523505
0.2733839963050957, 0.8733879766523505
0.2733839963050957, 0.8733879766523505
0.2733839963050957, 0.8733879766523505
0.8278622373464816, 0.3708752427453481
0.8278622373464816, 0.3708752427453481
0.8278622373464816, 0.3708752427453481
0.8278622373464816, 0.3708752427453481
0.8278622373464816, 0.3708752427453481
0.8278622373464816, 0.3708752427453481
0.8278622373464816, 0.3708752427453481
0.8278622373464816, 0.3708752427453481
0.8278622373464816, 0.3708752427453481
0.8278622373464816, 0.3708752427453481
