1e-05
0.49653843635262873, 0.5873802491947249
0.49653843635262873, 0.5873802491947249
0.49653843635262873, 0.5873802491947249
0.49653843635262873, 0.5873802491947249
0.49653843635262873, 0.5873802491947249
0.49653843635262873, 0.5873802491947249
0.49653843635262873, 0.5873802491947249
0.49653843635262873, 0.5873802491947249
0.49653843635262873, 0.5873802491947249
0.49653843635262873, 0.5873802491947249
0.021823939472608522, 0.6231739525122646
0.021823939472608522, 0.6231739525122646
0.021823939472608522, 0.6231739525122646
0.021823939472608522, 0.6231739525122646
0.021823939472608522, 0.6231739525122646
0.021823939472608522, 0.6231739525122646
0.021823939472608522, 0.6231739525122646
0.021823939472608522, 0.6231739525122646
0.021823939472608522, 0.6231739525122646
0.021823939472608522, 0.6231739525122646
0.4658762933417586, 0.33397107437765583
0.4658762933417586, 0.33397107437765583
0.4658762933417586, 0.33397107437765583
0.4658762933417586, 0.33397107437765583
0.4658762933417586, 0.33397107437765583
0.4658762933417586, 0.33397107437765583
0.4658762933417586, 0.33397107437765583
0.4658762933417586, 0.33397107437765583
0.4658762933417586, 0.33397107437765583
0.4658762933417586, 0.33397107437765583
0.41121446038449416, 0.3649367376153706
0.41121446038449416, 0.3649367376153706
0.41121446038449416, 0.3649367376153706
0.41121446038449416, 0.3649367376153706
0.41121446038449416, 0.3649367376153706
0.41121446038449416, 0.3649367376153706
0.41121446038449416, 0.3649367376153706
0.41121446038449416, 0.3649367376153706
0.41121446038449416, 0.3649367376153706
0.41121446038449416, 0.3649367376153706
0.03982166422244082, 0.3195057400921265
0.03982166422244082, 0.3195057400921265
0.03982166422244082, 0.3195057400921265
0.03982166422244082, 0.3195057400921265
0.03982166422244082, 0.3195057400921265
0.03982166422244082, 0.3195057400921265
0.03982166422244082, 0.3195057400921265
0.03982166422244082, 0.3195057400921265
0.03982166422244082, 0.3195057400921265
0.03982166422244082, 0.3195057400921265
0.48316914305171177, 0.07512496689850867
0.48316914305171177, 0.07512496689850867
0.48316914305171177, 0.07512496689850867
0.48316914305171177, 0.07512496689850867
0.48316914305171177, 0.07512496689850867
0.48316914305171177, 0.07512496689850867
0.48316914305171177, 0.07512496689850867
0.48316914305171177, 0.07512496689850867
0.48316914305171177, 0.07512496689850867
0.48316914305171177, 0.07512496689850867
0.97879833645284, 0.8064528228459642
0.97879833645284, 0.8064528228459642
0.97879833645284, 0.8064528228459642
0.97879833645284, 0.8064528228459642
0.97879833645284, 0.8064528228459642
0.97879833645284, 0.8064528228459642
0.97879833645284, 0.8064528228459642
0.97879833645284, 0.8064528228459642
0.97879833645284, 0.8064528228459642
0.97879833645284, 0.8064528228459642
0.6244641507043308, 0.8344919372597217
0.6244641507043308, 0.8344919372597217
0.6244641507043308, 0.8344919372597217
0.6244641507043308, 0.8344919372597217
0.6244641507043308, 0.8344919372597217
0.6244641507043308, 0.8344919372597217
0.6244641507043308, 0.8344919372597217
0.6244641507043308, 0.8344919372597217
0.6244641507043308, 0.8344919372597217
0.6244641507043308, 0.8344919372597217
0.37842645550236764, 0.21765809558174987
0.37842645550236764, 0.21765809558174987
0.37842645550236764, 0.21765809558174987
0.37842645550236764, 0.21765809558174987
0.37842645550236764, 0.21765809558174987
0.37842645550236764, 0.21765809558174987
0.37842645550236764, 0.21765809558174987
0.37842645550236764, 0.21765809558174987
0.37842645550236764, 0.21765809558174987
0.37842645550236764, 0.21765809558174987
0.4360453560388111, 0.9870126492604361
0.4360453560388111, 0.9870126492604361
0.4360453560388111, 0.9870126492604361
0.4360453560388111, 0.9870126492604361
0.4360453560388111, 0.9870126492604361
0.4360453560388111, 0.9870126492604361
0.4360453560388111, 0.9870126492604361
0.4360453560388111, 0.9870126492604361
0.4360453560388111, 0.9870126492604361
0.4360453560388111, 0.9870126492604361
