0.1
0.9619392072440943, 0.18377306808270033
0.9353327756147101, 0.7360596902506095
0.8616146619790125, 0.6843899126468677
0.9419284507793068, 0.5749735076016538
0.016603903808525722, 0.18745283729748374
0.9292605139020818, 0.9908984526118989
0.07005029426751486, 0.20575069464834694
0.3877014283958332, 0.1037902728276886
0.4840741922940671, 0.46984615967963883
0.3480164305529162, 0.9665242429542861
0.8711565756472274, 0.900994716824779
0.20426855464349225, 0.43872405740467346
0.4106686093593436, 0.08036546768202835
0.25588168666683075, 0.015985774644894812
0.5635310357467679, 0.5521773526148666
0.16412330306944622, 0.1724741414484703
0.9216267141648173, 0.862245698843327
0.9475581236393447, 0.3115297895404847
0.4983398625307539, 0.26008155641208375
0.7274064997128052, 0.5961233540311401
0.5485495265438199, 0.8044001045866391
0.5629983305625951, 0.7487753559226386
0.5321059133315862, 0.4382130105698573
0.042045775983527656, 0.9285737725513963
0.9282584660708795, 0.41976042817084724
0.7845138378817259, 0.08032685254724392
0.7567464151834372, 0.31940163882678574
0.525505549915144, 0.726225871917689
0.005593538025577716, 0.7892236597064511
0.25950808819605997, 0.9333544665948532
0.7236831778038193, 0.5803352482898259
0.7137444506583434, 0.32519002112549067
0.1574222404921818, 0.8426529764111078
0.9289849852240439, 0.20062251954006538
0.8856832022362289, 0.9936461468608211
0.9872375737806482, 0.6604649557326354
0.12892846815886583, 0.13345777976498463
0.22827832463924214, 0.18637985271730806
0.08391370851573221, 0.8913842276932826
0.6507109223366752, 0.23668228273520164
0.8759392483810055, 0.3930134089693895
0.9919930098267249, 0.8694879820183083
0.17377253004051452, 0.5259217826281103
0.2765378564909663, 0.6621435355108316
0.9471896927078176, 0.2103708217903727
0.7062178955661605, 0.613349506469063
0.33004481847840106, 0.41074075905396923
0.08386350438887946, 0.6081096725629768
0.9501092226980132, 0.6737870148791634
0.7850401306030579, 0.8994820571760451
0.7157029441168932, 0.718011417296486
0.8363979870037873, 0.11666486541018284
0.8052609876289247, 0.18286005889186818
0.00055467676711074, 0.17774561661436683
0.9429552218507989, 0.5193314439916907
0.6918470662921965, 0.23688490806705675
0.6362612012480591, 0.4236273622772062
0.2355571197229327, 0.9553098265703832
0.24127755364067927, 0.7020660749172689
0.6131495053562276, 0.48515130585408284
0.13756792526860084, 0.09211449546094475
0.7971469869515434, 0.8946757588610622
0.6478544789998965, 0.5217505393416154
0.9713614141445305, 0.0977903409421883
0.001005333750504822, 0.3431381444143825
0.17248049945651367, 0.5095724223339863
0.7371710798233665, 0.04764375304756363
0.05138750945039783, 0.9522289076565733
0.02957053515722763, 0.4616726967756656
0.4117414167166893, 0.13605938528174988
