0.1
0.05914484605277126, 0.7737592429649013
0.7793357013426618, 0.9973431254161729
0.26629090494536023, 0.48038311205757234
0.5301668585678244, 0.015070676593649357
0.5472429063316187, 0.6391532143484825
0.3624744001807817, 0.7721182944383683
0.03958018793251272, 0.37009664656976027
0.4329251369032914, 0.11141210905548471
0.7506257506032836, 0.29807325552123376
0.7965035909840527, 0.46408243226892154
0.4952249960768127, 0.7616403591708527
0.7343109176622324, 0.982740408444853
0.8921406018838314, 0.24076764191299294
0.8074219892110608, 0.04654293426832079
0.7925734602335882, 0.4996881297577873
0.32103053023862693, 0.7452815697821246
0.884152278730457, 0.41231432319504857
0.11797957275882576, 0.2208754659028972
0.02685146703485619, 0.6640854143139027
0.4186710531623776, 0.4685163759924419
0.9518988245789457, 0.774266437264524
0.029930103110190842, 0.6911052533721228
0.8411411611735929, 0.05753024652763705
0.4809617038669949, 0.493332492704055
0.5129281491417016, 0.43674170521982614
0.9155607663827244, 0.4820699831774078
0.2251984140316109, 0.33024039880978007
0.5756811545279632, 0.21780900814302817
0.743254036873972, 0.7195325205749968
0.31198572079458287, 0.9186726419317718
0.5578282690832267, 0.10438232347553
0.9715920092696423, 0.8732948015577364
0.26277157822559316, 0.16789206535155465
0.7963274392614099, 0.8067812805121582
0.1647282042100333, 0.2504150596842235
0.46911244239823646, 0.7826392204039971
0.700618121297237, 0.07577421921543481
0.9700957259788929, 0.8089550333507363
0.0252139209954656, 0.14686828606231228
0.6257585335013894, 0.9008655549297914
0.7639752046845983, 0.6300022491565648
0.4871157919802819, 0.3896445397017019
0.46900032303857075, 0.6895750717016161
0.05000991263240706, 0.12629438947929505
0.19102695825907068, 0.13830716921440467
0.13086778379113817, 0.35969778720565504
0.26751256421504155, 0.918750208292699
0.11104747857407105, 0.26632537939389667
0.666926497994252, 0.6447770733983581
0.8605341931984446, 0.6244519847319281
0.7057291565186735, 0.9129630837038574
0.7724970282522808, 0.371001763559513
0.09844124846488511, 0.4485237262647239
0.10298647442856235, 0.523601369392833
0.31318889479997825, 0.4796347917548768
0.8195327144430432, 0.4511204127747419
0.6115358554473104, 0.05479175692937377
0.5632938646212415, 0.2245189383861389
0.4321196283897468, 0.44651701800217025
0.5423607932659125, 0.5611517472731461
0.8823383169410702, 0.6617566672368254
0.4670080705054147, 0.19798142936837015
0.7399271778976215, 0.9224495057799502
0.4211809413240465, 0.09089004249145871
0.7783017253921279, 0.23477034615411263
0.3730675320792153, 0.9135872926540365
0.3877929175255783, 0.5569685429224748
0.030718375964023048, 0.8697171513863905
0.7870925440199524, 0.1299168187692341
0.15636911411758525, 0.42761448420249937
0.2600548260545702, 0.9724287728536174
0.31823771789627453, 0.4670990172400721
0.6143649882523174, 0.12934243483564256
0.6927433348156795, 0.4495905470428365
0.3968771635614693, 0.4655417846140766
0.5044458611560515, 0.19265536414725182
0.8392082743628844, 0.15063571369176842
0.878930230473321, 0.987286658799161
0.46958819518947437, 0.7667741114069239
0.8870980214418671, 0.8423663042044325
0.6571777572712266, 0.8297665833613204
0.1308885236034537, 0.8602143137258418
