1e-05
0.30647225240222675, 0.9722800946047016
0.30647225240222675, 0.9722800946047016
0.30647225240222675, 0.9722800946047016
0.30647225240222675, 0.9722800946047016
0.30647225240222675, 0.9722800946047016
0.30647225240222675, 0.9722800946047016
0.30647225240222675, 0.9722800946047016
0.30647225240222675, 0.9722800946047016
0.30647225240222675, 0.9722800946047016
0.30647225240222675, 0.9722800946047016
0.7168180542447398, 0.05964545206412497
0.7168180542447398, 0.05964545206412497
0.7168180542447398, 0.05964545206412497
0.7168180542447398, 0.05964545206412497
0.7168180542447398, 0.05964545206412497
0.7168180542447398, 0.05964545206412497
0.7168180542447398, 0.05964545206412497
0.7168180542447398, 0.05964545206412497
0.7168180542447398, 0.05964545206412497
0.7168180542447398, 0.05964545206412497
0.4598490504246132, 0.7408442401487757
0.4598490504246132, 0.7408442401487757
0.4598490504246132, 0.7408442401487757
0.4598490504246132, 0.7408442401487757
0.4598490504246132, 0.7408442401487757
0.4598490504246132, 0.7408442401487757
0.4598490504246132, 0.7408442401487757
0.4598490504246132, 0.7408442401487757
0.4598490504246132, 0.7408442401487757
0.4598490504246132, 0.7408442401487757
0.003713270921926304, 0.0984814673043094
0.003713270921926304, 0.0984814673043094
0.003713270921926304, 0.0984814673043094
0.003713270921926304, 0.0984814673043094
0.003713270921926304, 0.0984814673043094
0.003713270921926304, 0.0984814673043094
0.003713270921926304, 0.0984814673043094
0.003713270921926304, 0.0984814673043094
0.003713270921926304, 0.0984814673043094
0.003713270921926304, 0.0984814673043094
0.3639773743096486, 0.3831015006317541
0.3639773743096486, 0.3831015006317541
0.3639773743096486, 0.3831015006317541
0.3639773743096486, 0.3831015006317541
0.3639773743096486, 0.3831015006317541
0.3639773743096486, 0.3831015006317541
0.3639773743096486, 0.3831015006317541
0.3639773743096486, 0.3831015006317541
0.3639773743096486, 0.3831015006317541
0.3639773743096486, 0.3831015006317541
0.6834526266105863, 0.3360579992464211
0.6834526266105863, 0.3360579992464211
0.6834526266105863, 0.3360579992464211
0.6834526266105863, 0.3360579992464211
0.6834526266105863, 0.3360579992464211
0.6834526266105863, 0.3360579992464211
0.6834526266105863, 0.3360579992464211
0.6834526266105863, 0.3360579992464211
0.6834526266105863, 0.3360579992464211
0.6834526266105863, 0.3360579992464211
0.04815368447153734, 0.49497245519001354
0.04815368447153734, 0.49497245519001354
0.04815368447153734, 0.49497245519001354
0.04815368447153734, 0.49497245519001354
0.04815368447153734, 0.49497245519001354
0.04815368447153734, 0.49497245519001354
0.04815368447153734, 0.49497245519001354
0.04815368447153734, 0.49497245519001354
0.04815368447153734, 0.49497245519001354
0.04815368447153734, 0.49497245519001354
0.9329109827797424, 0.8787409246997103
0.9329109827797424, 0.8787409246997103
0.9329109827797424, 0.8787409246997103
0.9329109827797424, 0.8787409246997103
0.9329109827797424, 0.8787409246997103
0.9329109827797424, 0.8787409246997103
0.9329109827797424, 0.8787409246997103
0.9329109827797424, 0.8787409246997103
0.9329109827797424, 0.8787409246997103
0.9329109827797424, 0.8787409246997103
0.3450786049344666, 0.5519523429235066
0.3450786049344666, 0.5519523429235066
0.3450786049344666, 0.5519523429235066
0.3450786049344666, 0.5519523429235066
0.3450786049344666, 0.5519523429235066
0.3450786049344666, 0.5519523429235066
0.3450786049344666, 0.5519523429235066
0.3450786049344666, 0.5519523429235066
0.3450786049344666, 0.5519523429235066
0.3450786049344666, 0.5519523429235066
0.04582681659266197, 0.6037670914169414
0.04582681659266197, 0.6037670914169414
0.04582681659266197, 0.6037670914169414
0.04582681659266197, 0.6037670914169414
0.04582681659266197, 0.6037670914169414
0.04582681659266197, 0.6037670914169414
0.04582681659266197, 0.6037670914169414
0.04582681659266197, 0.6037670914169414
0.04582681659266197, 0.6037670914169414
0.04582681659266197, 0.6037670914169414
