1e-05
0.3733366981264079, 0.7699268917508727
0.3733366981264079, 0.7699268917508727
0.3733366981264079, 0.7699268917508727
0.3733366981264079, 0.7699268917508727
0.3733366981264079, 0.7699268917508727
0.3733366981264079, 0.7699268917508727
0.3733366981264079, 0.7699268917508727
0.3733366981264079, 0.7699268917508727
0.3733366981264079, 0.7699268917508727
0.3733366981264079, 0.7699268917508727
0.12311906282133445, 0.9234419508891131
0.12311906282133445, 0.9234419508891131
0.12311906282133445, 0.9234419508891131
0.12311906282133445, 0.9234419508891131
0.12311906282133445, 0.9234419508891131
0.12311906282133445, 0.9234419508891131
0.12311906282133445, 0.9234419508891131
0.12311906282133445, 0.9234419508891131
0.12311906282133445, 0.9234419508891131
0.12311906282133445, 0.9234419508891131
0.5609453193224333, 0.916050091485071
0.5609453193224333, 0.916050091485071
0.5609453193224333, 0.916050091485071
0.5609453193224333, 0.916050091485071
0.5609453193224333, 0.916050091485071
0.5609453193224333, 0.916050091485071
0.5609453193224333, 0.916050091485071
0.5609453193224333, 0.916050091485071
0.5609453193224333, 0.916050091485071
0.5609453193224333, 0.916050091485071
0.3455944046703585, 0.2614285193790934
0.3455944046703585, 0.2614285193790934
0.3455944046703585, 0.2614285193790934
0.3455944046703585, 0.2614285193790934
0.3455944046703585, 0.2614285193790934
0.3455944046703585, 0.2614285193790934
0.3455944046703585, 0.2614285193790934
0.3455944046703585, 0.2614285193790934
0.3455944046703585, 0.2614285193790934
0.3455944046703585, 0.2614285193790934
0.47365185354590333, 0.285889040748902
0.47365185354590333, 0.285889040748902
0.47365185354590333, 0.285889040748902
0.47365185354590333, 0.285889040748902
0.47365185354590333, 0.285889040748902
0.47365185354590333, 0.285889040748902
0.47365185354590333, 0.285889040748902
0.47365185354590333, 0.285889040748902
0.47365185354590333, 0.285889040748902
0.47365185354590333, 0.285889040748902
0.4940277605331518, 0.45547487139539033
0.4940277605331518, 0.45547487139539033
0.4940277605331518, 0.45547487139539033
0.4940277605331518, 0.45547487139539033
0.4940277605331518, 0.45547487139539033
0.4940277605331518, 0.45547487139539033
0.4940277605331518, 0.45547487139539033
0.4940277605331518, 0.45547487139539033
0.4940277605331518, 0.45547487139539033
0.4940277605331518, 0.45547487139539033
0.2625361041257448, 0.07804790915429471
0.2625361041257448, 0.07804790915429471
0.2625361041257448, 0.07804790915429471
0.2625361041257448, 0.07804790915429471
0.2625361041257448, 0.07804790915429471
0.2625361041257448, 0.07804790915429471
0.2625361041257448, 0.07804790915429471
0.2625361041257448, 0.07804790915429471
0.2625361041257448, 0.07804790915429471
0.2625361041257448, 0.07804790915429471
0.6746375611155575, 0.6566984102507786
0.6746375611155575, 0.6566984102507786
0.6746375611155575, 0.6566984102507786
0.6746375611155575, 0.6566984102507786
0.6746375611155575, 0.6566984102507786
0.6746375611155575, 0.6566984102507786
0.6746375611155575, 0.6566984102507786
0.6746375611155575, 0.6566984102507786
0.6746375611155575, 0.6566984102507786
0.6746375611155575, 0.6566984102507786
0.5143240681997236, 0.7719841657518363
0.5143240681997236, 0.7719841657518363
0.5143240681997236, 0.7719841657518363
0.5143240681997236, 0.7719841657518363
0.5143240681997236, 0.7719841657518363
0.5143240681997236, 0.7719841657518363
0.5143240681997236, 0.7719841657518363
0.5143240681997236, 0.7719841657518363
0.5143240681997236, 0.7719841657518363
0.5143240681997236, 0.7719841657518363
0.7986346530223102, 0.6075782563277846
0.7986346530223102, 0.6075782563277846
0.7986346530223102, 0.6075782563277846
0.7986346530223102, 0.6075782563277846
0.7986346530223102, 0.6075782563277846
0.7986346530223102, 0.6075782563277846
0.7986346530223102, 0.6075782563277846
0.7986346530223102, 0.6075782563277846
0.7986346530223102, 0.6075782563277846
0.7986346530223102, 0.6075782563277846
