1e-05
0.29448789917005713, 0.35490551074985066
0.29448789917005713, 0.35490551074985066
0.29448789917005713, 0.35490551074985066
0.29448789917005713, 0.35490551074985066
0.29448789917005713, 0.35490551074985066
0.29448789917005713, 0.35490551074985066
0.29448789917005713, 0.35490551074985066
0.29448789917005713, 0.35490551074985066
0.29448789917005713, 0.35490551074985066
0.29448789917005713, 0.35490551074985066
0.34650257266444573, 0.020720130304525464
0.34650257266444573, 0.020720130304525464
0.34650257266444573, 0.020720130304525464
0.34650257266444573, 0.020720130304525464
0.34650257266444573, 0.020720130304525464
0.34650257266444573, 0.020720130304525464
0.34650257266444573, 0.020720130304525464
0.34650257266444573, 0.020720130304525464
0.34650257266444573, 0.020720130304525464
0.34650257266444573, 0.020720130304525464
0.9905548474459333, 0.8661881596252117
0.9905548474459333, 0.8661881596252117
0.9905548474459333, 0.8661881596252117
0.9905548474459333, 0.8661881596252117
0.9905548474459333, 0.8661881596252117
0.9905548474459333, 0.8661881596252117
0.9905548474459333, 0.8661881596252117
0.9905548474459333, 0.8661881596252117
0.9905548474459333, 0.8661881596252117
0.9905548474459333, 0.8661881596252117
0.067404276499895, 0.5467721874993682
0.067404276499895, 0.5467721874993682
0.067404276499895, 0.5467721874993682
0.067404276499895, 0.5467721874993682
0.067404276499895, 0.5467721874993682
0.067404276499895, 0.5467721874993682
0.067404276499895, 0.5467721874993682
0.067404276499895, 0.5467721874993682
0.067404276499895, 0.5467721874993682
0.067404276499895, 0.5467721874993682
0.6195036492920096, 0.08603554592090601
0.6195036492920096, 0.08603554592090601
0.6195036492920096, 0.08603554592090601
0.6195036492920096, 0.08603554592090601
0.6195036492920096, 0.08603554592090601
0.6195036492920096, 0.08603554592090601
0.6195036492920096, 0.08603554592090601
0.6195036492920096, 0.08603554592090601
0.6195036492920096, 0.08603554592090601
0.6195036492920096, 0.08603554592090601
0.8566910690196191, 0.6356504911676024
0.8566910690196191, 0.6356504911676024
0.8566910690196191, 0.6356504911676024
0.8566910690196191, 0.6356504911676024
0.8566910690196191, 0.6356504911676024
0.8566910690196191, 0.6356504911676024
0.8566910690196191, 0.6356504911676024
0.8566910690196191, 0.6356504911676024
0.8566910690196191, 0.6356504911676024
0.8566910690196191, 0.6356504911676024
0.6622346243466498, 0.5255136160243139
0.6622346243466498, 0.5255136160243139
0.6622346243466498, 0.5255136160243139
0.6622346243466498, 0.5255136160243139
0.6622346243466498, 0.5255136160243139
0.6622346243466498, 0.5255136160243139
0.6622346243466498, 0.5255136160243139
0.6622346243466498, 0.5255136160243139
0.6622346243466498, 0.5255136160243139
0.6622346243466498, 0.5255136160243139
0.13091916359659472, 0.09886572711146302
0.13091916359659472, 0.09886572711146302
0.13091916359659472, 0.09886572711146302
0.13091916359659472, 0.09886572711146302
0.13091916359659472, 0.09886572711146302
0.13091916359659472, 0.09886572711146302
0.13091916359659472, 0.09886572711146302
0.13091916359659472, 0.09886572711146302
0.13091916359659472, 0.09886572711146302
0.13091916359659472, 0.09886572711146302
0.6985261852412443, 0.4388555280913261
0.6985261852412443, 0.4388555280913261
0.6985261852412443, 0.4388555280913261
0.6985261852412443, 0.4388555280913261
0.6985261852412443, 0.4388555280913261
0.6985261852412443, 0.4388555280913261
0.6985261852412443, 0.4388555280913261
0.6985261852412443, 0.4388555280913261
0.6985261852412443, 0.4388555280913261
0.6985261852412443, 0.4388555280913261
0.600508031156744, 0.02109456413903188
0.600508031156744, 0.02109456413903188
0.600508031156744, 0.02109456413903188
0.600508031156744, 0.02109456413903188
0.600508031156744, 0.02109456413903188
0.600508031156744, 0.02109456413903188
0.600508031156744, 0.02109456413903188
0.600508031156744, 0.02109456413903188
0.600508031156744, 0.02109456413903188
0.600508031156744, 0.02109456413903188
