1e-05
0.16260503035875085, 0.5762314600550984
0.16260503035875085, 0.5762314600550984
0.16260503035875085, 0.5762314600550984
0.16260503035875085, 0.5762314600550984
0.16260503035875085, 0.5762314600550984
0.16260503035875085, 0.5762314600550984
0.16260503035875085, 0.5762314600550984
0.16260503035875085, 0.5762314600550984
0.16260503035875085, 0.5762314600550984
0.16260503035875085, 0.5762314600550984
0.9095688049799157, 0.09392756839773753
0.9095688049799157, 0.09392756839773753
0.9095688049799157, 0.09392756839773753
0.9095688049799157, 0.09392756839773753
0.9095688049799157, 0.09392756839773753
0.9095688049799157, 0.09392756839773753
0.9095688049799157, 0.09392756839773753
0.9095688049799157, 0.09392756839773753
0.9095688049799157, 0.09392756839773753
0.9095688049799157, 0.09392756839773753
0.050838012444731295, 0.7096562228743863
0.050838012444731295, 0.7096562228743863
0.050838012444731295, 0.7096562228743863
0.050838012444731295, 0.7096562228743863
0.050838012444731295, 0.7096562228743863
0.050838012444731295, 0.7096562228743863
0.050838012444731295, 0.7096562228743863
0.050838012444731295, 0.7096562228743863
0.050838012444731295, 0.7096562228743863
0.050838012444731295, 0.7096562228743863
0.27460558162322324, 0.7320151897006195
0.27460558162322324, 0.7320151897006195
0.27460558162322324, 0.7320151897006195
0.27460558162322324, 0.7320151897006195
0.27460558162322324, 0.7320151897006195
0.27460558162322324, 0.7320151897006195
0.27460558162322324, 0.7320151897006195
0.27460558162322324, 0.7320151897006195
0.27460558162322324, 0.7320151897006195
0.27460558162322324, 0.7320151897006195
0.6800884440685819, 0.4306347527340192
0.6800884440685819, 0.4306347527340192
0.6800884440685819, 0.4306347527340192
0.6800884440685819, 0.4306347527340192
0.6800884440685819, 0.4306347527340192
0.6800884440685819, 0.4306347527340192
0.6800884440685819, 0.4306347527340192
0.6800884440685819, 0.4306347527340192
0.6800884440685819, 0.4306347527340192
0.6800884440685819, 0.4306347527340192
0.784691058029915, 0.6026553534852067
0.784691058029915, 0.6026553534852067
0.784691058029915, 0.6026553534852067
0.784691058029915, 0.6026553534852067
0.784691058029915, 0.6026553534852067
0.784691058029915, 0.6026553534852067
0.784691058029915, 0.6026553534852067
0.784691058029915, 0.6026553534852067
0.784691058029915, 0.6026553534852067
0.784691058029915, 0.6026553534852067
0.9643636977331986, 0.5338798422943637
0.9643636977331986, 0.5338798422943637
0.9643636977331986, 0.5338798422943637
0.9643636977331986, 0.5338798422943637
0.9643636977331986, 0.5338798422943637
0.9643636977331986, 0.5338798422943637
0.9643636977331986, 0.5338798422943637
0.9643636977331986, 0.5338798422943637
0.9643636977331986, 0.5338798422943637
0.9643636977331986, 0.5338798422943637
0.7270168534246589, 0.39478645640668897
0.7270168534246589, 0.39478645640668897
0.7270168534246589, 0.39478645640668897
0.7270168534246589, 0.39478645640668897
0.7270168534246589, 0.39478645640668897
0.7270168534246589, 0.39478645640668897
0.7270168534246589, 0.39478645640668897
0.7270168534246589, 0.39478645640668897
0.7270168534246589, 0.39478645640668897
0.7270168534246589, 0.39478645640668897
0.4267352624982593, 0.9321514017819416
0.4267352624982593, 0.9321514017819416
0.4267352624982593, 0.9321514017819416
0.4267352624982593, 0.9321514017819416
0.4267352624982593, 0.9321514017819416
0.4267352624982593, 0.9321514017819416
0.4267352624982593, 0.9321514017819416
0.4267352624982593, 0.9321514017819416
0.4267352624982593, 0.9321514017819416
0.4267352624982593, 0.9321514017819416
0.73305303610581, 0.7436121147829644
0.73305303610581, 0.7436121147829644
0.73305303610581, 0.7436121147829644
0.73305303610581, 0.7436121147829644
0.73305303610581, 0.7436121147829644
0.73305303610581, 0.7436121147829644
0.73305303610581, 0.7436121147829644
0.73305303610581, 0.7436121147829644
0.73305303610581, 0.7436121147829644
0.73305303610581, 0.7436121147829644
