1e-05
0.7812088872445359, 0.6173434073667972
0.7812088872445359, 0.6173434073667972
0.7812088872445359, 0.6173434073667972
0.7812088872445359, 0.6173434073667972
0.7812088872445359, 0.6173434073667972
0.7812088872445359, 0.6173434073667972
0.7812088872445359, 0.6173434073667972
0.7812088872445359, 0.6173434073667972
0.7812088872445359, 0.6173434073667972
0.7812088872445359, 0.6173434073667972
0.8286894940258349, 0.031828432847576194
0.8286894940258349, 0.031828432847576194
0.8286894940258349, 0.031828432847576194
0.8286894940258349, 0.031828432847576194
0.8286894940258349, 0.031828432847576194
0.8286894940258349, 0.031828432847576194
0.8286894940258349, 0.031828432847576194
0.8286894940258349, 0.031828432847576194
0.8286894940258349, 0.031828432847576194
0.8286894940258349, 0.031828432847576194
0.7204711703210197, 0.07411024623257889
0.7204711703210197, 0.07411024623257889
0.7204711703210197, 0.07411024623257889
0.7204711703210197, 0.07411024623257889
0.7204711703210197, 0.07411024623257889
0.7204711703210197, 0.07411024623257889
0.7204711703210197, 0.07411024623257889
0.7204711703210197, 0.07411024623257889
0.7204711703210197, 0.07411024623257889
0.7204711703210197, 0.07411024623257889
0.45481415900535604, 0.01638218936698277
0.45481415900535604, 0.01638218936698277
0.45481415900535604, 0.01638218936698277
0.45481415900535604, 0.01638218936698277
0.45481415900535604, 0.01638218936698277
0.45481415900535604, 0.01638218936698277
0.45481415900535604, 0.01638218936698277
0.45481415900535604, 0.01638218936698277
0.45481415900535604, 0.01638218936698277
0.45481415900535604, 0.01638218936698277
0.02159590465321304, 0.9380612452726942
0.02159590465321304, 0.9380612452726942
0.02159590465321304, 0.9380612452726942
0.02159590465321304, 0.9380612452726942
0.02159590465321304, 0.9380612452726942
0.02159590465321304, 0.9380612452726942
0.02159590465321304, 0.9380612452726942
0.02159590465321304, 0.9380612452726942
0.02159590465321304, 0.9380612452726942
0.02159590465321304, 0.9380612452726942
0.3639138838508673, 0.08590271125830085
0.3639138838508673, 0.08590271125830085
0.3639138838508673, 0.08590271125830085
0.3639138838508673, 0.08590271125830085
0.3639138838508673, 0.08590271125830085
0.3639138838508673, 0.08590271125830085
0.3639138838508673, 0.08590271125830085
0.3639138838508673, 0.08590271125830085
0.3639138838508673, 0.08590271125830085
0.3639138838508673, 0.08590271125830085
0.3195843247190585, 0.27285051321385245
0.3195843247190585, 0.27285051321385245
0.3195843247190585, 0.27285051321385245
0.3195843247190585, 0.27285051321385245
0.3195843247190585, 0.27285051321385245
0.3195843247190585, 0.27285051321385245
0.3195843247190585, 0.27285051321385245
0.3195843247190585, 0.27285051321385245
0.3195843247190585, 0.27285051321385245
0.3195843247190585, 0.27285051321385245
0.4036457405992262, 0.6034328120355595
0.4036457405992262, 0.6034328120355595
0.4036457405992262, 0.6034328120355595
0.4036457405992262, 0.6034328120355595
0.4036457405992262, 0.6034328120355595
0.4036457405992262, 0.6034328120355595
0.4036457405992262, 0.6034328120355595
0.4036457405992262, 0.6034328120355595
0.4036457405992262, 0.6034328120355595
0.4036457405992262, 0.6034328120355595
0.923663218990571, 0.046245554640716224
0.923663218990571, 0.046245554640716224
0.923663218990571, 0.046245554640716224
0.923663218990571, 0.046245554640716224
0.923663218990571, 0.046245554640716224
0.923663218990571, 0.046245554640716224
0.923663218990571, 0.046245554640716224
0.923663218990571, 0.046245554640716224
0.923663218990571, 0.046245554640716224
0.923663218990571, 0.046245554640716224
0.6113007455039, 0.14407840699883911
0.6113007455039, 0.14407840699883911
0.6113007455039, 0.14407840699883911
0.6113007455039, 0.14407840699883911
0.6113007455039, 0.14407840699883911
0.6113007455039, 0.14407840699883911
0.6113007455039, 0.14407840699883911
0.6113007455039, 0.14407840699883911
0.6113007455039, 0.14407840699883911
0.6113007455039, 0.14407840699883911
