1e-05
0.21099932780127573, 0.5617906122286831
0.21099932780127573, 0.5617906122286831
0.21099932780127573, 0.5617906122286831
0.21099932780127573, 0.5617906122286831
0.21099932780127573, 0.5617906122286831
0.21099932780127573, 0.5617906122286831
0.21099932780127573, 0.5617906122286831
0.21099932780127573, 0.5617906122286831
0.21099932780127573, 0.5617906122286831
0.21099932780127573, 0.5617906122286831
0.8188296252608865, 0.33384533308629505
0.8188296252608865, 0.33384533308629505
0.8188296252608865, 0.33384533308629505
0.8188296252608865, 0.33384533308629505
0.8188296252608865, 0.33384533308629505
0.8188296252608865, 0.33384533308629505
0.8188296252608865, 0.33384533308629505
0.8188296252608865, 0.33384533308629505
0.8188296252608865, 0.33384533308629505
0.8188296252608865, 0.33384533308629505
0.14620320129932285, 0.7713708520375894
0.14620320129932285, 0.7713708520375894
0.14620320129932285, 0.7713708520375894
0.14620320129932285, 0.7713708520375894
0.14620320129932285, 0.7713708520375894
0.14620320129932285, 0.7713708520375894
0.14620320129932285, 0.7713708520375894
0.14620320129932285, 0.7713708520375894
0.14620320129932285, 0.7713708520375894
0.14620320129932285, 0.7713708520375894
0.8866410835355107, 0.21211464809141212
0.8866410835355107, 0.21211464809141212
0.8866410835355107, 0.21211464809141212
0.8866410835355107, 0.21211464809141212
0.8866410835355107, 0.21211464809141212
0.8866410835355107, 0.21211464809141212
0.8866410835355107, 0.21211464809141212
0.8866410835355107, 0.21211464809141212
0.8866410835355107, 0.21211464809141212
0.8866410835355107, 0.21211464809141212
0.8340669326288327, 0.839410475550735
0.8340669326288327, 0.839410475550735
0.8340669326288327, 0.839410475550735
0.8340669326288327, 0.839410475550735
0.8340669326288327, 0.839410475550735
0.8340669326288327, 0.839410475550735
0.8340669326288327, 0.839410475550735
0.8340669326288327, 0.839410475550735
0.8340669326288327, 0.839410475550735
0.8340669326288327, 0.839410475550735
0.06812278133196037, 0.044912567411003024
0.06812278133196037, 0.044912567411003024
0.06812278133196037, 0.044912567411003024
0.06812278133196037, 0.044912567411003024
0.06812278133196037, 0.044912567411003024
0.06812278133196037, 0.044912567411003024
0.06812278133196037, 0.044912567411003024
0.06812278133196037, 0.044912567411003024
0.06812278133196037, 0.044912567411003024
0.06812278133196037, 0.044912567411003024
0.8159917288455958, 0.7951328831143548
0.8159917288455958, 0.7951328831143548
0.8159917288455958, 0.7951328831143548
0.8159917288455958, 0.7951328831143548
0.8159917288455958, 0.7951328831143548
0.8159917288455958, 0.7951328831143548
0.8159917288455958, 0.7951328831143548
0.8159917288455958, 0.7951328831143548
0.8159917288455958, 0.7951328831143548
0.8159917288455958, 0.7951328831143548
0.6388073164443372, 0.9130547518996911
0.6388073164443372, 0.9130547518996911
0.6388073164443372, 0.9130547518996911
0.6388073164443372, 0.9130547518996911
0.6388073164443372, 0.9130547518996911
0.6388073164443372, 0.9130547518996911
0.6388073164443372, 0.9130547518996911
0.6388073164443372, 0.9130547518996911
0.6388073164443372, 0.9130547518996911
0.6388073164443372, 0.9130547518996911
0.5074722170058358, 0.3853857742163226
0.5074722170058358, 0.3853857742163226
0.5074722170058358, 0.3853857742163226
0.5074722170058358, 0.3853857742163226
0.5074722170058358, 0.3853857742163226
0.5074722170058358, 0.3853857742163226
0.5074722170058358, 0.3853857742163226
0.5074722170058358, 0.3853857742163226
0.5074722170058358, 0.3853857742163226
0.5074722170058358, 0.3853857742163226
0.016442671906973017, 0.43243716427614476
0.016442671906973017, 0.43243716427614476
0.016442671906973017, 0.43243716427614476
0.016442671906973017, 0.43243716427614476
0.016442671906973017, 0.43243716427614476
0.016442671906973017, 0.43243716427614476
0.016442671906973017, 0.43243716427614476
0.016442671906973017, 0.43243716427614476
0.016442671906973017, 0.43243716427614476
0.016442671906973017, 0.43243716427614476
