1e-05
0.05332903193536975, 0.835118548736584
0.05332903193536975, 0.835118548736584
0.05332903193536975, 0.835118548736584
0.05332903193536975, 0.835118548736584
0.05332903193536975, 0.835118548736584
0.05332903193536975, 0.835118548736584
0.05332903193536975, 0.835118548736584
0.05332903193536975, 0.835118548736584
0.05332903193536975, 0.835118548736584
0.05332903193536975, 0.835118548736584
0.8615269207292268, 0.18833333722638645
0.8615269207292268, 0.18833333722638645
0.8615269207292268, 0.18833333722638645
0.8615269207292268, 0.18833333722638645
0.8615269207292268, 0.18833333722638645
0.8615269207292268, 0.18833333722638645
0.8615269207292268, 0.18833333722638645
0.8615269207292268, 0.18833333722638645
0.8615269207292268, 0.18833333722638645
0.8615269207292268, 0.18833333722638645
0.5557104323991678, 0.12001685975732068
0.5557104323991678, 0.12001685975732068
0.5557104323991678, 0.12001685975732068
0.5557104323991678, 0.12001685975732068
0.5557104323991678, 0.12001685975732068
0.5557104323991678, 0.12001685975732068
0.5557104323991678, 0.12001685975732068
0.5557104323991678, 0.12001685975732068
0.5557104323991678, 0.12001685975732068
0.5557104323991678, 0.12001685975732068
0.10885615292109974, 0.47753646853533194
0.10885615292109974, 0.47753646853533194
0.10885615292109974, 0.47753646853533194
0.10885615292109974, 0.47753646853533194
0.10885615292109974, 0.47753646853533194
0.10885615292109974, 0.47753646853533194
0.10885615292109974, 0.47753646853533194
0.10885615292109974, 0.47753646853533194
0.10885615292109974, 0.47753646853533194
0.10885615292109974, 0.47753646853533194
0.6449252351935123, 0.5815012094649408
0.6449252351935123, 0.5815012094649408
0.6449252351935123, 0.5815012094649408
0.6449252351935123, 0.5815012094649408
0.6449252351935123, 0.5815012094649408
0.6449252351935123, 0.5815012094649408
0.6449252351935123, 0.5815012094649408
0.6449252351935123, 0.5815012094649408
0.6449252351935123, 0.5815012094649408
0.6449252351935123, 0.5815012094649408
0.6763169353760595, 0.8740275495187874
0.6763169353760595, 0.8740275495187874
0.6763169353760595, 0.8740275495187874
0.6763169353760595, 0.8740275495187874
0.6763169353760595, 0.8740275495187874
0.6763169353760595, 0.8740275495187874
0.6763169353760595, 0.8740275495187874
0.6763169353760595, 0.8740275495187874
0.6763169353760595, 0.8740275495187874
0.6763169353760595, 0.8740275495187874
0.9568428436360319, 0.7587033510886121
0.9568428436360319, 0.7587033510886121
0.9568428436360319, 0.7587033510886121
0.9568428436360319, 0.7587033510886121
0.9568428436360319, 0.7587033510886121
0.9568428436360319, 0.7587033510886121
0.9568428436360319, 0.7587033510886121
0.9568428436360319, 0.7587033510886121
0.9568428436360319, 0.7587033510886121
0.9568428436360319, 0.7587033510886121
0.07301765764843138, 0.7494443658713604
0.07301765764843138, 0.7494443658713604
0.07301765764843138, 0.7494443658713604
0.07301765764843138, 0.7494443658713604
0.07301765764843138, 0.7494443658713604
0.07301765764843138, 0.7494443658713604
0.07301765764843138, 0.7494443658713604
0.07301765764843138, 0.7494443658713604
0.07301765764843138, 0.7494443658713604
0.07301765764843138, 0.7494443658713604
0.7088421780769313, 0.40301248443541915
0.7088421780769313, 0.40301248443541915
0.7088421780769313, 0.40301248443541915
0.7088421780769313, 0.40301248443541915
0.7088421780769313, 0.40301248443541915
0.7088421780769313, 0.40301248443541915
0.7088421780769313, 0.40301248443541915
0.7088421780769313, 0.40301248443541915
0.7088421780769313, 0.40301248443541915
0.7088421780769313, 0.40301248443541915
0.24504467387099138, 0.681749919584435
0.24504467387099138, 0.681749919584435
0.24504467387099138, 0.681749919584435
0.24504467387099138, 0.681749919584435
0.24504467387099138, 0.681749919584435
0.24504467387099138, 0.681749919584435
0.24504467387099138, 0.681749919584435
0.24504467387099138, 0.681749919584435
0.24504467387099138, 0.681749919584435
0.24504467387099138, 0.681749919584435
