1e-05
0.8254669044298514, 0.07046600517643331
0.8254669044298514, 0.07046600517643331
0.8254669044298514, 0.07046600517643331
0.8254669044298514, 0.07046600517643331
0.8254669044298514, 0.07046600517643331
0.8254669044298514, 0.07046600517643331
0.8254669044298514, 0.07046600517643331
0.8254669044298514, 0.07046600517643331
0.8254669044298514, 0.07046600517643331
0.8254669044298514, 0.07046600517643331
0.605901003064009, 0.061896221117182515
0.605901003064009, 0.061896221117182515
0.605901003064009, 0.061896221117182515
0.605901003064009, 0.061896221117182515
0.605901003064009, 0.061896221117182515
0.605901003064009, 0.061896221117182515
0.605901003064009, 0.061896221117182515
0.605901003064009, 0.061896221117182515
0.605901003064009, 0.061896221117182515
0.605901003064009, 0.061896221117182515
0.2923309369488848, 0.7808283534280476
0.2923309369488848, 0.7808283534280476
0.2923309369488848, 0.7808283534280476
0.2923309369488848, 0.7808283534280476
0.2923309369488848, 0.7808283534280476
0.2923309369488848, 0.7808283534280476
0.2923309369488848, 0.7808283534280476
0.2923309369488848, 0.7808283534280476
0.2923309369488848, 0.7808283534280476
0.2923309369488848, 0.7808283534280476
0.015501467972659277, 0.7075474351912338
0.015501467972659277, 0.7075474351912338
0.015501467972659277, 0.7075474351912338
0.015501467972659277, 0.7075474351912338
0.015501467972659277, 0.7075474351912338
0.015501467972659277, 0.7075474351912338
0.015501467972659277, 0.7075474351912338
0.015501467972659277, 0.7075474351912338
0.015501467972659277, 0.7075474351912338
0.015501467972659277, 0.7075474351912338
0.9283596837270344, 0.39459688457351294
0.9283596837270344, 0.39459688457351294
0.9283596837270344, 0.39459688457351294
0.9283596837270344, 0.39459688457351294
0.9283596837270344, 0.39459688457351294
0.9283596837270344, 0.39459688457351294
0.9283596837270344, 0.39459688457351294
0.9283596837270344, 0.39459688457351294
0.9283596837270344, 0.39459688457351294
0.9283596837270344, 0.39459688457351294
0.9606061555021728, 0.6494064347939288
0.9606061555021728, 0.6494064347939288
0.9606061555021728, 0.6494064347939288
0.9606061555021728, 0.6494064347939288
0.9606061555021728, 0.6494064347939288
0.9606061555021728, 0.6494064347939288
0.9606061555021728, 0.6494064347939288
0.9606061555021728, 0.6494064347939288
0.9606061555021728, 0.6494064347939288
0.9606061555021728, 0.6494064347939288
0.5054397570956014, 0.49101341176208313
0.5054397570956014, 0.49101341176208313
0.5054397570956014, 0.49101341176208313
0.5054397570956014, 0.49101341176208313
0.5054397570956014, 0.49101341176208313
0.5054397570956014, 0.49101341176208313
0.5054397570956014, 0.49101341176208313
0.5054397570956014, 0.49101341176208313
0.5054397570956014, 0.49101341176208313
0.5054397570956014, 0.49101341176208313
0.38959736813821777, 0.20523593167701648
0.38959736813821777, 0.20523593167701648
0.38959736813821777, 0.20523593167701648
0.38959736813821777, 0.20523593167701648
0.38959736813821777, 0.20523593167701648
0.38959736813821777, 0.20523593167701648
0.38959736813821777, 0.20523593167701648
0.38959736813821777, 0.20523593167701648
0.38959736813821777, 0.20523593167701648
0.38959736813821777, 0.20523593167701648
0.014776829483425513, 0.008431666607192967
0.014776829483425513, 0.008431666607192967
0.014776829483425513, 0.008431666607192967
0.014776829483425513, 0.008431666607192967
0.014776829483425513, 0.008431666607192967
0.014776829483425513, 0.008431666607192967
0.014776829483425513, 0.008431666607192967
0.014776829483425513, 0.008431666607192967
0.014776829483425513, 0.008431666607192967
0.014776829483425513, 0.008431666607192967
0.2543931186348495, 0.09342627083466826
0.2543931186348495, 0.09342627083466826
0.2543931186348495, 0.09342627083466826
0.2543931186348495, 0.09342627083466826
0.2543931186348495, 0.09342627083466826
0.2543931186348495, 0.09342627083466826
0.2543931186348495, 0.09342627083466826
0.2543931186348495, 0.09342627083466826
0.2543931186348495, 0.09342627083466826
0.2543931186348495, 0.09342627083466826
