1e-05
0.3476055576642263, 0.12468747216946563
0.3476055576642263, 0.12468747216946563
0.3476055576642263, 0.12468747216946563
0.3476055576642263, 0.12468747216946563
0.3476055576642263, 0.12468747216946563
0.3476055576642263, 0.12468747216946563
0.3476055576642263, 0.12468747216946563
0.3476055576642263, 0.12468747216946563
0.3476055576642263, 0.12468747216946563
0.3476055576642263, 0.12468747216946563
0.5657008717850416, 0.8885341507389529
0.5657008717850416, 0.8885341507389529
0.5657008717850416, 0.8885341507389529
0.5657008717850416, 0.8885341507389529
0.5657008717850416, 0.8885341507389529
0.5657008717850416, 0.8885341507389529
0.5657008717850416, 0.8885341507389529
0.5657008717850416, 0.8885341507389529
0.5657008717850416, 0.8885341507389529
0.5657008717850416, 0.8885341507389529
0.7079619106084489, 0.01953650429726761
0.7079619106084489, 0.01953650429726761
0.7079619106084489, 0.01953650429726761
0.7079619106084489, 0.01953650429726761
0.7079619106084489, 0.01953650429726761
0.7079619106084489, 0.01953650429726761
0.7079619106084489, 0.01953650429726761
0.7079619106084489, 0.01953650429726761
0.7079619106084489, 0.01953650429726761
0.7079619106084489, 0.01953650429726761
0.9091299275938275, 0.40821583252432103
0.9091299275938275, 0.40821583252432103
0.9091299275938275, 0.40821583252432103
0.9091299275938275, 0.40821583252432103
0.9091299275938275, 0.40821583252432103
0.9091299275938275, 0.40821583252432103
0.9091299275938275, 0.40821583252432103
0.9091299275938275, 0.40821583252432103
0.9091299275938275, 0.40821583252432103
0.9091299275938275, 0.40821583252432103
0.18433370125649473, 0.45108788432568925
0.18433370125649473, 0.45108788432568925
0.18433370125649473, 0.45108788432568925
0.18433370125649473, 0.45108788432568925
0.18433370125649473, 0.45108788432568925
0.18433370125649473, 0.45108788432568925
0.18433370125649473, 0.45108788432568925
0.18433370125649473, 0.45108788432568925
0.18433370125649473, 0.45108788432568925
0.18433370125649473, 0.45108788432568925
0.9102118202745076, 0.2064672546570131
0.9102118202745076, 0.2064672546570131
0.9102118202745076, 0.2064672546570131
0.9102118202745076, 0.2064672546570131
0.9102118202745076, 0.2064672546570131
0.9102118202745076, 0.2064672546570131
0.9102118202745076, 0.2064672546570131
0.9102118202745076, 0.2064672546570131
0.9102118202745076, 0.2064672546570131
0.9102118202745076, 0.2064672546570131
0.012494431856390209, 0.7768180891219211
0.012494431856390209, 0.7768180891219211
0.012494431856390209, 0.7768180891219211
0.012494431856390209, 0.7768180891219211
0.012494431856390209, 0.7768180891219211
0.012494431856390209, 0.7768180891219211
0.012494431856390209, 0.7768180891219211
0.012494431856390209, 0.7768180891219211
0.012494431856390209, 0.7768180891219211
0.012494431856390209, 0.7768180891219211
0.25034048001126574, 0.6068072694965005
0.25034048001126574, 0.6068072694965005
0.25034048001126574, 0.6068072694965005
0.25034048001126574, 0.6068072694965005
0.25034048001126574, 0.6068072694965005
0.25034048001126574, 0.6068072694965005
0.25034048001126574, 0.6068072694965005
0.25034048001126574, 0.6068072694965005
0.25034048001126574, 0.6068072694965005
0.25034048001126574, 0.6068072694965005
0.5298818052069845, 0.059745700294354886
0.5298818052069845, 0.059745700294354886
0.5298818052069845, 0.059745700294354886
0.5298818052069845, 0.059745700294354886
0.5298818052069845, 0.059745700294354886
0.5298818052069845, 0.059745700294354886
0.5298818052069845, 0.059745700294354886
0.5298818052069845, 0.059745700294354886
0.5298818052069845, 0.059745700294354886
0.5298818052069845, 0.059745700294354886
0.8422406772874607, 0.14841687765984835
0.8422406772874607, 0.14841687765984835
0.8422406772874607, 0.14841687765984835
0.8422406772874607, 0.14841687765984835
0.8422406772874607, 0.14841687765984835
0.8422406772874607, 0.14841687765984835
0.8422406772874607, 0.14841687765984835
0.8422406772874607, 0.14841687765984835
0.8422406772874607, 0.14841687765984835
0.8422406772874607, 0.14841687765984835
