1e-05
0.992194301950051, 0.5289998413955236
0.992194301950051, 0.5289998413955236
0.992194301950051, 0.5289998413955236
0.992194301950051, 0.5289998413955236
0.992194301950051, 0.5289998413955236
0.992194301950051, 0.5289998413955236
0.992194301950051, 0.5289998413955236
0.992194301950051, 0.5289998413955236
0.992194301950051, 0.5289998413955236
0.992194301950051, 0.5289998413955236
0.6123826264262691, 0.9510468480735162
0.6123826264262691, 0.9510468480735162
0.6123826264262691, 0.9510468480735162
0.6123826264262691, 0.9510468480735162
0.6123826264262691, 0.9510468480735162
0.6123826264262691, 0.9510468480735162
0.6123826264262691, 0.9510468480735162
0.6123826264262691, 0.9510468480735162
0.6123826264262691, 0.9510468480735162
0.6123826264262691, 0.9510468480735162
0.4134078370308567, 0.32646152063028444
0.4134078370308567, 0.32646152063028444
0.4134078370308567, 0.32646152063028444
0.4134078370308567, 0.32646152063028444
0.4134078370308567, 0.32646152063028444
0.4134078370308567, 0.32646152063028444
0.4134078370308567, 0.32646152063028444
0.4134078370308567, 0.32646152063028444
0.4134078370308567, 0.32646152063028444
0.4134078370308567, 0.32646152063028444
0.2550541509506975, 0.39129651750886296
0.2550541509506975, 0.39129651750886296
0.2550541509506975, 0.39129651750886296
0.2550541509506975, 0.39129651750886296
0.2550541509506975, 0.39129651750886296
0.2550541509506975, 0.39129651750886296
0.2550541509506975, 0.39129651750886296
0.2550541509506975, 0.39129651750886296
0.2550541509506975, 0.39129651750886296
0.2550541509506975, 0.39129651750886296
0.9429722453028442, 0.1556177068815906
0.9429722453028442, 0.1556177068815906
0.9429722453028442, 0.1556177068815906
0.9429722453028442, 0.1556177068815906
0.9429722453028442, 0.1556177068815906
0.9429722453028442, 0.1556177068815906
0.9429722453028442, 0.1556177068815906
0.9429722453028442, 0.1556177068815906
0.9429722453028442, 0.1556177068815906
0.9429722453028442, 0.1556177068815906
0.42198028591052805, 0.3657427196358485
0.42198028591052805, 0.3657427196358485
0.42198028591052805, 0.3657427196358485
0.42198028591052805, 0.3657427196358485
0.42198028591052805, 0.3657427196358485
0.42198028591052805, 0.3657427196358485
0.42198028591052805, 0.3657427196358485
0.42198028591052805, 0.3657427196358485
0.42198028591052805, 0.3657427196358485
0.42198028591052805, 0.3657427196358485
0.638447619859454, 0.16569858478972432
0.638447619859454, 0.16569858478972432
0.638447619859454, 0.16569858478972432
0.638447619859454, 0.16569858478972432
0.638447619859454, 0.16569858478972432
0.638447619859454, 0.16569858478972432
0.638447619859454, 0.16569858478972432
0.638447619859454, 0.16569858478972432
0.638447619859454, 0.16569858478972432
0.638447619859454, 0.16569858478972432
0.8185575166950301, 0.43824360012407804
0.8185575166950301, 0.43824360012407804
0.8185575166950301, 0.43824360012407804
0.8185575166950301, 0.43824360012407804
0.8185575166950301, 0.43824360012407804
0.8185575166950301, 0.43824360012407804
0.8185575166950301, 0.43824360012407804
0.8185575166950301, 0.43824360012407804
0.8185575166950301, 0.43824360012407804
0.8185575166950301, 0.43824360012407804
0.25792984438550903, 0.8201080117948069
0.25792984438550903, 0.8201080117948069
0.25792984438550903, 0.8201080117948069
0.25792984438550903, 0.8201080117948069
0.25792984438550903, 0.8201080117948069
0.25792984438550903, 0.8201080117948069
0.25792984438550903, 0.8201080117948069
0.25792984438550903, 0.8201080117948069
0.25792984438550903, 0.8201080117948069
0.25792984438550903, 0.8201080117948069
0.5710716235969262, 0.6966164962178427
0.5710716235969262, 0.6966164962178427
0.5710716235969262, 0.6966164962178427
0.5710716235969262, 0.6966164962178427
0.5710716235969262, 0.6966164962178427
0.5710716235969262, 0.6966164962178427
0.5710716235969262, 0.6966164962178427
0.5710716235969262, 0.6966164962178427
0.5710716235969262, 0.6966164962178427
0.5710716235969262, 0.6966164962178427
