1e-05
0.9438379603451836, 0.634528321386204
0.9438379603451836, 0.634528321386204
0.9438379603451836, 0.634528321386204
0.9438379603451836, 0.634528321386204
0.9438379603451836, 0.634528321386204
0.9438379603451836, 0.634528321386204
0.9438379603451836, 0.634528321386204
0.9438379603451836, 0.634528321386204
0.9438379603451836, 0.634528321386204
0.9438379603451836, 0.634528321386204
0.5700687080346485, 0.2835726625568372
0.5700687080346485, 0.2835726625568372
0.5700687080346485, 0.2835726625568372
0.5700687080346485, 0.2835726625568372
0.5700687080346485, 0.2835726625568372
0.5700687080346485, 0.2835726625568372
0.5700687080346485, 0.2835726625568372
0.5700687080346485, 0.2835726625568372
0.5700687080346485, 0.2835726625568372
0.5700687080346485, 0.2835726625568372
0.7007679018059482, 0.15750727045600266
0.7007679018059482, 0.15750727045600266
0.7007679018059482, 0.15750727045600266
0.7007679018059482, 0.15750727045600266
0.7007679018059482, 0.15750727045600266
0.7007679018059482, 0.15750727045600266
0.7007679018059482, 0.15750727045600266
0.7007679018059482, 0.15750727045600266
0.7007679018059482, 0.15750727045600266
0.7007679018059482, 0.15750727045600266
0.8960068283104097, 0.40878076453156664
0.8960068283104097, 0.40878076453156664
0.8960068283104097, 0.40878076453156664
0.8960068283104097, 0.40878076453156664
0.8960068283104097, 0.40878076453156664
0.8960068283104097, 0.40878076453156664
0.8960068283104097, 0.40878076453156664
0.8960068283104097, 0.40878076453156664
0.8960068283104097, 0.40878076453156664
0.8960068283104097, 0.40878076453156664
0.7303302284208048, 0.3563298135575509
0.7303302284208048, 0.3563298135575509
0.7303302284208048, 0.3563298135575509
0.7303302284208048, 0.3563298135575509
0.7303302284208048, 0.3563298135575509
0.7303302284208048, 0.3563298135575509
0.7303302284208048, 0.3563298135575509
0.7303302284208048, 0.3563298135575509
0.7303302284208048, 0.3563298135575509
0.7303302284208048, 0.3563298135575509
0.49058496633822324, 0.4353685239119298
0.49058496633822324, 0.4353685239119298
0.49058496633822324, 0.4353685239119298
0.49058496633822324, 0.4353685239119298
0.49058496633822324, 0.4353685239119298
0.49058496633822324, 0.4353685239119298
0.49058496633822324, 0.4353685239119298
0.49058496633822324, 0.4353685239119298
0.49058496633822324, 0.4353685239119298
0.49058496633822324, 0.4353685239119298
0.21701505179888592, 0.7669505218614526
0.21701505179888592, 0.7669505218614526
0.21701505179888592, 0.7669505218614526
0.21701505179888592, 0.7669505218614526
0.21701505179888592, 0.7669505218614526
0.21701505179888592, 0.7669505218614526
0.21701505179888592, 0.7669505218614526
0.21701505179888592, 0.7669505218614526
0.21701505179888592, 0.7669505218614526
0.21701505179888592, 0.7669505218614526
0.7001800030447523, 0.20468889042219718
0.7001800030447523, 0.20468889042219718
0.7001800030447523, 0.20468889042219718
0.7001800030447523, 0.20468889042219718
0.7001800030447523, 0.20468889042219718
0.7001800030447523, 0.20468889042219718
0.7001800030447523, 0.20468889042219718
0.7001800030447523, 0.20468889042219718
0.7001800030447523, 0.20468889042219718
0.7001800030447523, 0.20468889042219718
0.626348072178661, 0.22935081334317786
0.626348072178661, 0.22935081334317786
0.626348072178661, 0.22935081334317786
0.626348072178661, 0.22935081334317786
0.626348072178661, 0.22935081334317786
0.626348072178661, 0.22935081334317786
0.626348072178661, 0.22935081334317786
0.626348072178661, 0.22935081334317786
0.626348072178661, 0.22935081334317786
0.626348072178661, 0.22935081334317786
0.3877206312052376, 0.5992416317658626
0.3877206312052376, 0.5992416317658626
0.3877206312052376, 0.5992416317658626
0.3877206312052376, 0.5992416317658626
0.3877206312052376, 0.5992416317658626
0.3877206312052376, 0.5992416317658626
0.3877206312052376, 0.5992416317658626
0.3877206312052376, 0.5992416317658626
0.3877206312052376, 0.5992416317658626
0.3877206312052376, 0.5992416317658626
