1e-05
0.30390054402636624, 0.9574791255973932
0.30390054402636624, 0.9574791255973932
0.30390054402636624, 0.9574791255973932
0.30390054402636624, 0.9574791255973932
0.30390054402636624, 0.9574791255973932
0.30390054402636624, 0.9574791255973932
0.30390054402636624, 0.9574791255973932
0.30390054402636624, 0.9574791255973932
0.30390054402636624, 0.9574791255973932
0.30390054402636624, 0.9574791255973932
0.18482544621306463, 0.5055878131709063
0.18482544621306463, 0.5055878131709063
0.18482544621306463, 0.5055878131709063
0.18482544621306463, 0.5055878131709063
0.18482544621306463, 0.5055878131709063
0.18482544621306463, 0.5055878131709063
0.18482544621306463, 0.5055878131709063
0.18482544621306463, 0.5055878131709063
0.18482544621306463, 0.5055878131709063
0.18482544621306463, 0.5055878131709063
0.23678029234885345, 0.5264595859224149
0.23678029234885345, 0.5264595859224149
0.23678029234885345, 0.5264595859224149
0.23678029234885345, 0.5264595859224149
0.23678029234885345, 0.5264595859224149
0.23678029234885345, 0.5264595859224149
0.23678029234885345, 0.5264595859224149
0.23678029234885345, 0.5264595859224149
0.23678029234885345, 0.5264595859224149
0.23678029234885345, 0.5264595859224149
0.11806180163371283, 0.22940551434295342
0.11806180163371283, 0.22940551434295342
0.11806180163371283, 0.22940551434295342
0.11806180163371283, 0.22940551434295342
0.11806180163371283, 0.22940551434295342
0.11806180163371283, 0.22940551434295342
0.11806180163371283, 0.22940551434295342
0.11806180163371283, 0.22940551434295342
0.11806180163371283, 0.22940551434295342
0.11806180163371283, 0.22940551434295342
0.09858678719308434, 0.12696328634772347
0.09858678719308434, 0.12696328634772347
0.09858678719308434, 0.12696328634772347
0.09858678719308434, 0.12696328634772347
0.09858678719308434, 0.12696328634772347
0.09858678719308434, 0.12696328634772347
0.09858678719308434, 0.12696328634772347
0.09858678719308434, 0.12696328634772347
0.09858678719308434, 0.12696328634772347
0.09858678719308434, 0.12696328634772347
0.7212542892526198, 0.5821119198488909
0.7212542892526198, 0.5821119198488909
0.7212542892526198, 0.5821119198488909
0.7212542892526198, 0.5821119198488909
0.7212542892526198, 0.5821119198488909
0.7212542892526198, 0.5821119198488909
0.7212542892526198, 0.5821119198488909
0.7212542892526198, 0.5821119198488909
0.7212542892526198, 0.5821119198488909
0.7212542892526198, 0.5821119198488909
0.9228522361486539, 0.5895973699948613
0.9228522361486539, 0.5895973699948613
0.9228522361486539, 0.5895973699948613
0.9228522361486539, 0.5895973699948613
0.9228522361486539, 0.5895973699948613
0.9228522361486539, 0.5895973699948613
0.9228522361486539, 0.5895973699948613
0.9228522361486539, 0.5895973699948613
0.9228522361486539, 0.5895973699948613
0.9228522361486539, 0.5895973699948613
0.47130490458250374, 0.3630671086950892
0.47130490458250374, 0.3630671086950892
0.47130490458250374, 0.3630671086950892
0.47130490458250374, 0.3630671086950892
0.47130490458250374, 0.3630671086950892
0.47130490458250374, 0.3630671086950892
0.47130490458250374, 0.3630671086950892
0.47130490458250374, 0.3630671086950892
0.47130490458250374, 0.3630671086950892
0.47130490458250374, 0.3630671086950892
0.6125775069780424, 0.5244244551804839
0.6125775069780424, 0.5244244551804839
0.6125775069780424, 0.5244244551804839
0.6125775069780424, 0.5244244551804839
0.6125775069780424, 0.5244244551804839
0.6125775069780424, 0.5244244551804839
0.6125775069780424, 0.5244244551804839
0.6125775069780424, 0.5244244551804839
0.6125775069780424, 0.5244244551804839
0.6125775069780424, 0.5244244551804839
0.4364459902994895, 0.6400065347540127
0.4364459902994895, 0.6400065347540127
0.4364459902994895, 0.6400065347540127
0.4364459902994895, 0.6400065347540127
0.4364459902994895, 0.6400065347540127
0.4364459902994895, 0.6400065347540127
0.4364459902994895, 0.6400065347540127
0.4364459902994895, 0.6400065347540127
0.4364459902994895, 0.6400065347540127
0.4364459902994895, 0.6400065347540127
