0.1
0.25687043171123136, 0.6707403657442057
0.6485338518650133, 0.9488444288193987
0.5808568251654249, 0.06871953056347146
0.27641992439974017, 0.21695347980614132
0.5907778944594296, 0.07824725365583896
0.8598174306602395, 0.1835378074183881
0.12038772885930349, 0.3062256398384887
0.42602623107887216, 0.24786227535458116
0.15613425593057462, 0.33931128204041416
0.3636206709536022, 0.9203361071458717
0.24789633658261567, 0.6983715268545198
0.10484361334847214, 0.5207983071683149
0.37531659125179895, 0.019154654483814593
0.7889222558266539, 0.71197219421057
0.9536528533996366, 0.8642493998549384
0.26707537648150614, 0.7410233312606044
0.07876442544297046, 0.6133421001849878
0.5639850804482979, 0.8373592197886042
0.34505942290728964, 0.7305509997546686
0.6128370666911666, 0.11499113416267348
0.6093843718411962, 0.0779419116312351
0.13410711146530396, 0.3453356961947732
0.4429174499139191, 0.978148231344561
0.628478272371823, 0.15589379557121374
0.20739025451599002, 0.7112457583410005
0.19807942777444487, 0.2335781364898264
0.3229140296863343, 0.42059438764752977
0.2263508130882047, 0.6329845305956613
0.039888890358297235, 0.8455555881903313
0.3438906065059716, 0.11282993254043283
0.4721541132262743, 0.7481823570058941
0.2831172072134742, 0.2184717647009522
0.24321653446090108, 0.7422904757665051
0.6143695539842888, 0.33830923142321967
0.6727111196558639, 0.624892459808978
0.42035897506242204, 0.5851254415716188
0.00818387487839789, 0.6631440465886247
0.9656025831758179, 0.8465340076987253
0.6610408139674979, 0.7365268972804847
0.6515966002911886, 0.2474823231522706
0.719020939362384, 0.34311367710228435
0.36131467711835197, 0.49237042975574097
0.5080316736079304, 0.03137963882174444
0.026242043565375073, 0.4185833006860913
0.29441379087708097, 0.4364197870318599
0.12903956458054455, 0.013895049442856133
0.0009687056846059416, 0.0332247804598188
0.8470091801872143, 0.8959049143861565
0.7031600646008326, 0.9822492701245916
0.23587403320050127, 0.9288725708271685
0.6758584591055603, 0.5212559146411734
0.5923401932527901, 0.7304285349515393
0.14461404710857018, 0.5818044879290691
0.09476654280003471, 0.2985196361264719
0.052788884741752695, 0.6756764109780664
0.7451012145161928, 0.5008796883953798
0.37345231738621354, 0.8397841094821333
0.9001798438664451, 0.07665626276565785
0.02923844672455367, 0.6250547267646452
0.9104499275982584, 0.2642555986623729
0.5072332626264218, 0.3824427362985021
0.422625871620948, 0.3867309016201438
0.4256212126847564, 0.9123975500592486
0.527184240330129, 0.43145752722607167
0.7808971052292772, 0.7433800393998748
0.3332527580896918, 0.9546032521758059
0.9993612724747284, 0.39502009818128647
0.7294433290628961, 0.5734642337158883
0.2418846383388522, 0.7336880494049713
0.6475550910368736, 0.4112799839621768
0.8940590282552292, 0.9732644513349937
0.7918160601136498, 0.9734588101468156
0.2697675641633648, 0.9999501128281313
0.28612851957937013, 0.6424547320590459
0.5405136249224718, 0.3987273743198336
0.8395423122794008, 0.6208008921314422
0.4794923197453541, 0.5214020334318458
0.8723225546033744, 0.39454802931785193
0.2753227591188656, 0.41148272631743865
0.36084957264968054, 0.684851612418692
0.2741366278835734, 0.5884222491991706
0.8779947119754752, 0.7184749534959003
