1e-05
0.42547364968485835, 0.8187274660280098
0.42547364968485835, 0.8187274660280098
0.42547364968485835, 0.8187274660280098
0.42547364968485835, 0.8187274660280098
0.42547364968485835, 0.8187274660280098
0.42547364968485835, 0.8187274660280098
0.42547364968485835, 0.8187274660280098
0.42547364968485835, 0.8187274660280098
0.42547364968485835, 0.8187274660280098
0.42547364968485835, 0.8187274660280098
0.8342236163264397, 0.19962207202985516
0.8342236163264397, 0.19962207202985516
0.8342236163264397, 0.19962207202985516
0.8342236163264397, 0.19962207202985516
0.8342236163264397, 0.19962207202985516
0.8342236163264397, 0.19962207202985516
0.8342236163264397, 0.19962207202985516
0.8342236163264397, 0.19962207202985516
0.8342236163264397, 0.19962207202985516
0.8342236163264397, 0.19962207202985516
0.08115292655106943, 0.36230087468275574
0.08115292655106943, 0.36230087468275574
0.08115292655106943, 0.36230087468275574
0.08115292655106943, 0.36230087468275574
0.08115292655106943, 0.36230087468275574
0.08115292655106943, 0.36230087468275574
0.08115292655106943, 0.36230087468275574
0.08115292655106943, 0.36230087468275574
0.08115292655106943, 0.36230087468275574
0.08115292655106943, 0.36230087468275574
0.6127768513137597, 0.7859551988646835
0.6127768513137597, 0.7859551988646835
0.6127768513137597, 0.7859551988646835
0.6127768513137597, 0.7859551988646835
0.6127768513137597, 0.7859551988646835
0.6127768513137597, 0.7859551988646835
0.6127768513137597, 0.7859551988646835
0.6127768513137597, 0.7859551988646835
0.6127768513137597, 0.7859551988646835
0.6127768513137597, 0.7859551988646835
0.2695132834156413, 0.6180967742215634
0.2695132834156413, 0.6180967742215634
0.2695132834156413, 0.6180967742215634
0.2695132834156413, 0.6180967742215634
0.2695132834156413, 0.6180967742215634
0.2695132834156413, 0.6180967742215634
0.2695132834156413, 0.6180967742215634
0.2695132834156413, 0.6180967742215634
0.2695132834156413, 0.6180967742215634
0.2695132834156413, 0.6180967742215634
0.3195051315351026, 0.5751297651589284
0.3195051315351026, 0.5751297651589284
0.3195051315351026, 0.5751297651589284
0.3195051315351026, 0.5751297651589284
0.3195051315351026, 0.5751297651589284
0.3195051315351026, 0.5751297651589284
0.3195051315351026, 0.5751297651589284
0.3195051315351026, 0.5751297651589284
0.3195051315351026, 0.5751297651589284
0.3195051315351026, 0.5751297651589284
0.5478561435002903, 0.4337399571222619
0.5478561435002903, 0.4337399571222619
0.5478561435002903, 0.4337399571222619
0.5478561435002903, 0.4337399571222619
0.5478561435002903, 0.4337399571222619
0.5478561435002903, 0.4337399571222619
0.5478561435002903, 0.4337399571222619
0.5478561435002903, 0.4337399571222619
0.5478561435002903, 0.4337399571222619
0.5478561435002903, 0.4337399571222619
0.24046222038150888, 0.20278545649340862
0.24046222038150888, 0.20278545649340862
0.24046222038150888, 0.20278545649340862
0.24046222038150888, 0.20278545649340862
0.24046222038150888, 0.20278545649340862
0.24046222038150888, 0.20278545649340862
0.24046222038150888, 0.20278545649340862
0.24046222038150888, 0.20278545649340862
0.24046222038150888, 0.20278545649340862
0.24046222038150888, 0.20278545649340862
0.302525651908113, 0.42801993186575493
0.302525651908113, 0.42801993186575493
0.302525651908113, 0.42801993186575493
0.302525651908113, 0.42801993186575493
0.302525651908113, 0.42801993186575493
0.302525651908113, 0.42801993186575493
0.302525651908113, 0.42801993186575493
0.302525651908113, 0.42801993186575493
0.302525651908113, 0.42801993186575493
0.302525651908113, 0.42801993186575493
0.7273931729354648, 0.24006644743751004
0.7273931729354648, 0.24006644743751004
0.7273931729354648, 0.24006644743751004
0.7273931729354648, 0.24006644743751004
0.7273931729354648, 0.24006644743751004
0.7273931729354648, 0.24006644743751004
0.7273931729354648, 0.24006644743751004
0.7273931729354648, 0.24006644743751004
0.7273931729354648, 0.24006644743751004
0.7273931729354648, 0.24006644743751004
