1e-05
0.743536053496457, 0.6513037116262361
0.743536053496457, 0.6513037116262361
0.743536053496457, 0.6513037116262361
0.743536053496457, 0.6513037116262361
0.743536053496457, 0.6513037116262361
0.743536053496457, 0.6513037116262361
0.743536053496457, 0.6513037116262361
0.743536053496457, 0.6513037116262361
0.743536053496457, 0.6513037116262361
0.743536053496457, 0.6513037116262361
0.38930254588454904, 0.7567817922179998
0.38930254588454904, 0.7567817922179998
0.38930254588454904, 0.7567817922179998
0.38930254588454904, 0.7567817922179998
0.38930254588454904, 0.7567817922179998
0.38930254588454904, 0.7567817922179998
0.38930254588454904, 0.7567817922179998
0.38930254588454904, 0.7567817922179998
0.38930254588454904, 0.7567817922179998
0.38930254588454904, 0.7567817922179998
0.8575482613051655, 0.1437808717929293
0.8575482613051655, 0.1437808717929293
0.8575482613051655, 0.1437808717929293
0.8575482613051655, 0.1437808717929293
0.8575482613051655, 0.1437808717929293
0.8575482613051655, 0.1437808717929293
0.8575482613051655, 0.1437808717929293
0.8575482613051655, 0.1437808717929293
0.8575482613051655, 0.1437808717929293
0.8575482613051655, 0.1437808717929293
0.6276039479875151, 0.28559256074219863
0.6276039479875151, 0.28559256074219863
0.6276039479875151, 0.28559256074219863
0.6276039479875151, 0.28559256074219863
0.6276039479875151, 0.28559256074219863
0.6276039479875151, 0.28559256074219863
0.6276039479875151, 0.28559256074219863
0.6276039479875151, 0.28559256074219863
0.6276039479875151, 0.28559256074219863
0.6276039479875151, 0.28559256074219863
0.03763460496215609, 0.7475668588023716
0.03763460496215609, 0.7475668588023716
0.03763460496215609, 0.7475668588023716
0.03763460496215609, 0.7475668588023716
0.03763460496215609, 0.7475668588023716
0.03763460496215609, 0.7475668588023716
0.03763460496215609, 0.7475668588023716
0.03763460496215609, 0.7475668588023716
0.03763460496215609, 0.7475668588023716
0.03763460496215609, 0.7475668588023716
0.5329503866222857, 0.832916378255789
0.5329503866222857, 0.832916378255789
0.5329503866222857, 0.832916378255789
0.5329503866222857, 0.832916378255789
0.5329503866222857, 0.832916378255789
0.5329503866222857, 0.832916378255789
0.5329503866222857, 0.832916378255789
0.5329503866222857, 0.832916378255789
0.5329503866222857, 0.832916378255789
0.5329503866222857, 0.832916378255789
0.364524354644735, 0.2823005885758355
0.364524354644735, 0.2823005885758355
0.364524354644735, 0.2823005885758355
0.364524354644735, 0.2823005885758355
0.364524354644735, 0.2823005885758355
0.364524354644735, 0.2823005885758355
0.364524354644735, 0.2823005885758355
0.364524354644735, 0.2823005885758355
0.364524354644735, 0.2823005885758355
0.364524354644735, 0.2823005885758355
0.9006106118066773, 0.030042446657151056
0.9006106118066773, 0.030042446657151056
0.9006106118066773, 0.030042446657151056
0.9006106118066773, 0.030042446657151056
0.9006106118066773, 0.030042446657151056
0.9006106118066773, 0.030042446657151056
0.9006106118066773, 0.030042446657151056
0.9006106118066773, 0.030042446657151056
0.9006106118066773, 0.030042446657151056
0.9006106118066773, 0.030042446657151056
0.5617005348663955, 0.7768639253101953
0.5617005348663955, 0.7768639253101953
0.5617005348663955, 0.7768639253101953
0.5617005348663955, 0.7768639253101953
0.5617005348663955, 0.7768639253101953
0.5617005348663955, 0.7768639253101953
0.5617005348663955, 0.7768639253101953
0.5617005348663955, 0.7768639253101953
0.5617005348663955, 0.7768639253101953
0.5617005348663955, 0.7768639253101953
0.20880557679254663, 0.9751957758147154
0.20880557679254663, 0.9751957758147154
0.20880557679254663, 0.9751957758147154
0.20880557679254663, 0.9751957758147154
0.20880557679254663, 0.9751957758147154
0.20880557679254663, 0.9751957758147154
0.20880557679254663, 0.9751957758147154
0.20880557679254663, 0.9751957758147154
0.20880557679254663, 0.9751957758147154
0.20880557679254663, 0.9751957758147154
