1e-05
0.027339515993756724, 0.13058816122357786
0.027339515993756724, 0.13058816122357786
0.027339515993756724, 0.13058816122357786
0.027339515993756724, 0.13058816122357786
0.027339515993756724, 0.13058816122357786
0.027339515993756724, 0.13058816122357786
0.027339515993756724, 0.13058816122357786
0.027339515993756724, 0.13058816122357786
0.027339515993756724, 0.13058816122357786
0.027339515993756724, 0.13058816122357786
0.8482221124704472, 0.147030841828799
0.8482221124704472, 0.147030841828799
0.8482221124704472, 0.147030841828799
0.8482221124704472, 0.147030841828799
0.8482221124704472, 0.147030841828799
0.8482221124704472, 0.147030841828799
0.8482221124704472, 0.147030841828799
0.8482221124704472, 0.147030841828799
0.8482221124704472, 0.147030841828799
0.8482221124704472, 0.147030841828799
0.9605729517888937, 0.41895420115854354
0.9605729517888937, 0.41895420115854354
0.9605729517888937, 0.41895420115854354
0.9605729517888937, 0.41895420115854354
0.9605729517888937, 0.41895420115854354
0.9605729517888937, 0.41895420115854354
0.9605729517888937, 0.41895420115854354
0.9605729517888937, 0.41895420115854354
0.9605729517888937, 0.41895420115854354
0.9605729517888937, 0.41895420115854354
0.20907210996549452, 0.37834065734489675
0.20907210996549452, 0.37834065734489675
0.20907210996549452, 0.37834065734489675
0.20907210996549452, 0.37834065734489675
0.20907210996549452, 0.37834065734489675
0.20907210996549452, 0.37834065734489675
0.20907210996549452, 0.37834065734489675
0.20907210996549452, 0.37834065734489675
0.20907210996549452, 0.37834065734489675
0.20907210996549452, 0.37834065734489675
0.25215493162778024, 0.16933765782042176
0.25215493162778024, 0.16933765782042176
0.25215493162778024, 0.16933765782042176
0.25215493162778024, 0.16933765782042176
0.25215493162778024, 0.16933765782042176
0.25215493162778024, 0.16933765782042176
0.25215493162778024, 0.16933765782042176
0.25215493162778024, 0.16933765782042176
0.25215493162778024, 0.16933765782042176
0.25215493162778024, 0.16933765782042176
0.2643180870284153, 0.24594565653418976
0.2643180870284153, 0.24594565653418976
0.2643180870284153, 0.24594565653418976
0.2643180870284153, 0.24594565653418976
0.2643180870284153, 0.24594565653418976
0.2643180870284153, 0.24594565653418976
0.2643180870284153, 0.24594565653418976
0.2643180870284153, 0.24594565653418976
0.2643180870284153, 0.24594565653418976
0.2643180870284153, 0.24594565653418976
0.32175731538669783, 0.4416969868677827
0.32175731538669783, 0.4416969868677827
0.32175731538669783, 0.4416969868677827
0.32175731538669783, 0.4416969868677827
0.32175731538669783, 0.4416969868677827
0.32175731538669783, 0.4416969868677827
0.32175731538669783, 0.4416969868677827
0.32175731538669783, 0.4416969868677827
0.32175731538669783, 0.4416969868677827
0.32175731538669783, 0.4416969868677827
0.32076741257501407, 0.015751054241869067
0.32076741257501407, 0.015751054241869067
0.32076741257501407, 0.015751054241869067
0.32076741257501407, 0.015751054241869067
0.32076741257501407, 0.015751054241869067
0.32076741257501407, 0.015751054241869067
0.32076741257501407, 0.015751054241869067
0.32076741257501407, 0.015751054241869067
0.32076741257501407, 0.015751054241869067
0.32076741257501407, 0.015751054241869067
0.28634466945445947, 0.7171038239486445
0.28634466945445947, 0.7171038239486445
0.28634466945445947, 0.7171038239486445
0.28634466945445947, 0.7171038239486445
0.28634466945445947, 0.7171038239486445
0.28634466945445947, 0.7171038239486445
0.28634466945445947, 0.7171038239486445
0.28634466945445947, 0.7171038239486445
0.28634466945445947, 0.7171038239486445
0.28634466945445947, 0.7171038239486445
0.46186247263391167, 0.6713810940088308
0.46186247263391167, 0.6713810940088308
0.46186247263391167, 0.6713810940088308
0.46186247263391167, 0.6713810940088308
0.46186247263391167, 0.6713810940088308
0.46186247263391167, 0.6713810940088308
0.46186247263391167, 0.6713810940088308
0.46186247263391167, 0.6713810940088308
0.46186247263391167, 0.6713810940088308
0.46186247263391167, 0.6713810940088308
