0.1
0.9406651671224072, 0.5005140670872231
0.9082598560326075, 0.8313207575271473
0.18152742090990082, 0.4420650880138597
0.07047644647695495, 0.1712544918027774
0.6020979060546446, 0.2017172338665445
0.9358723035447833, 0.711821145334529
0.7996339182174166, 0.5948823495038982
0.4950214351022967, 0.9837112987501445
0.2763048450039538, 0.5584693880624786
0.6019829696198546, 0.18281094560439848
0.3660302878506141, 0.3900798306786949
0.2834851542864997, 0.6275667330293099
0.4468430350718119, 0.009680958075373058
0.8589143825785819, 0.9983581703056226
0.035332056101837095, 0.33002844790217356
0.8828263975815928, 0.6333246821033718
0.19408621338618282, 0.9916527625895597
0.6986910511883053, 0.6417055040713325
0.9048751325993152, 0.13952915549793832
0.609058158532415, 0.8118107722121625
0.7582402339542965, 0.18976025226427395
0.46209847988393715, 0.721441102430978
0.38402879048663097, 0.14409746682092794
0.580247575138001, 0.8422072508814435
0.06497016749336748, 0.7956253698977811
0.1055597502478356, 0.8206652789547653
0.43486195261640637, 0.010008272100940907
0.029392839885274746, 0.41056854545905985
0.6118151473410863, 0.5676427735957696
0.9955706523089801, 0.4091335317417276
0.26740628063510563, 0.28552903516026285
0.7835274252879826, 0.6837904208438119
0.6493970427492717, 0.4776663627678661
0.36677932137014446, 0.9612558414431582
0.23940632111755222, 0.3856155301746781
0.04924637298577983, 0.08424954486542247
0.7052839626075003, 0.4522469826897748
0.06969746396594445, 0.983266422579774
0.783212655004375, 0.5306453555148511
0.589525951980616, 0.3606591057658266
0.44541678850014754, 0.2770681615685915
0.8380620123858068, 0.15060904469828906
0.30161949888665096, 0.063086696395238
0.38319252987168584, 0.44952858729426926
0.618612569870927, 0.3034717781072045
0.9629198300556145, 0.2875202593700168
0.5120995949859357, 0.3912513877899605
0.8601166016449141, 0.1204547093447077
0.453404647685679, 0.26672240213787624
0.9459674665872144, 0.39967033129716545
0.8633606456063723, 0.3686345758823324
0.7437606783265098, 0.5695878153355205
0.709843314085787, 0.8407591487628175
0.2920841084263578, 0.6071569601017996
0.44051329607212364, 0.5519917139895466
0.6958517706688734, 0.025561202606940614
0.5734505903645861, 0.9424728433883164
0.7005432599125022, 0.16726186726807246
0.6102784724170429, 0.5772467007968684
0.6637968711307037, 0.5336813089072943
0.32194454649800186, 0.7175214914624302
0.2270877855039969, 0.042791319448583165
0.9639337095527304, 0.8950964246186337
0.8095981314153776, 0.7500338016565051
0.013392490364089848, 0.9161993165630535
0.8690773433062386, 0.7695951656523126
0.058259855694355434, 0.10981668466092054
0.4541920286512604, 0.6428920301496412
0.7030400143954096, 0.2835761521688419
0.9602374504428203, 0.879455238465863
0.6857593588372384, 0.48026391816509273
0.6080609039880263, 0.8007778174864114
0.18685395294577212, 0.4934330692841721
0.33096478412563235, 0.1930469430156465
0.24156517691961754, 0.2582435312001653
0.5864473297781168, 0.7106119309066984
0.9401177647444212, 0.18137621699082174
0.613819214652809, 0.2790076973038005
0.5210717690826449, 0.5755284937291737
0.7643617934320756, 0.16804630438829626
0.3781270366016789, 0.4143176999499819
0.010462851618988078, 0.37499174695480286
