1e-05
0.9821628639041259, 0.9125484127902554
0.9821628639041259, 0.9125484127902554
0.9821628639041259, 0.9125484127902554
0.9821628639041259, 0.9125484127902554
0.9821628639041259, 0.9125484127902554
0.9821628639041259, 0.9125484127902554
0.9821628639041259, 0.9125484127902554
0.9821628639041259, 0.9125484127902554
0.9821628639041259, 0.9125484127902554
0.9821628639041259, 0.9125484127902554
0.2502918920538847, 0.8359796580796219
0.2502918920538847, 0.8359796580796219
0.2502918920538847, 0.8359796580796219
0.2502918920538847, 0.8359796580796219
0.2502918920538847, 0.8359796580796219
0.2502918920538847, 0.8359796580796219
0.2502918920538847, 0.8359796580796219
0.2502918920538847, 0.8359796580796219
0.2502918920538847, 0.8359796580796219
0.2502918920538847, 0.8359796580796219
0.6488693035636387, 0.3574879250197228
0.6488693035636387, 0.3574879250197228
0.6488693035636387, 0.3574879250197228
0.6488693035636387, 0.3574879250197228
0.6488693035636387, 0.3574879250197228
0.6488693035636387, 0.3574879250197228
0.6488693035636387, 0.3574879250197228
0.6488693035636387, 0.3574879250197228
0.6488693035636387, 0.3574879250197228
0.6488693035636387, 0.3574879250197228
0.10520082655607543, 0.38876204324165853
0.10520082655607543, 0.38876204324165853
0.10520082655607543, 0.38876204324165853
0.10520082655607543, 0.38876204324165853
0.10520082655607543, 0.38876204324165853
0.10520082655607543, 0.38876204324165853
0.10520082655607543, 0.38876204324165853
0.10520082655607543, 0.38876204324165853
0.10520082655607543, 0.38876204324165853
0.10520082655607543, 0.38876204324165853
0.5379275310360916, 0.22893974020384178
0.5379275310360916, 0.22893974020384178
0.5379275310360916, 0.22893974020384178
0.5379275310360916, 0.22893974020384178
0.5379275310360916, 0.22893974020384178
0.5379275310360916, 0.22893974020384178
0.5379275310360916, 0.22893974020384178
0.5379275310360916, 0.22893974020384178
0.5379275310360916, 0.22893974020384178
0.5379275310360916, 0.22893974020384178
0.25372245060438237, 0.06675207806623629
0.25372245060438237, 0.06675207806623629
0.25372245060438237, 0.06675207806623629
0.25372245060438237, 0.06675207806623629
0.25372245060438237, 0.06675207806623629
0.25372245060438237, 0.06675207806623629
0.25372245060438237, 0.06675207806623629
0.25372245060438237, 0.06675207806623629
0.25372245060438237, 0.06675207806623629
0.25372245060438237, 0.06675207806623629
0.03200285427294303, 0.25804620298555103
0.03200285427294303, 0.25804620298555103
0.03200285427294303, 0.25804620298555103
0.03200285427294303, 0.25804620298555103
0.03200285427294303, 0.25804620298555103
0.03200285427294303, 0.25804620298555103
0.03200285427294303, 0.25804620298555103
0.03200285427294303, 0.25804620298555103
0.03200285427294303, 0.25804620298555103
0.03200285427294303, 0.25804620298555103
0.3938023290813659, 0.6116110462485289
0.3938023290813659, 0.6116110462485289
0.3938023290813659, 0.6116110462485289
0.3938023290813659, 0.6116110462485289
0.3938023290813659, 0.6116110462485289
0.3938023290813659, 0.6116110462485289
0.3938023290813659, 0.6116110462485289
0.3938023290813659, 0.6116110462485289
0.3938023290813659, 0.6116110462485289
0.3938023290813659, 0.6116110462485289
0.06987797744039881, 0.9307406111197483
0.06987797744039881, 0.9307406111197483
0.06987797744039881, 0.9307406111197483
0.06987797744039881, 0.9307406111197483
0.06987797744039881, 0.9307406111197483
0.06987797744039881, 0.9307406111197483
0.06987797744039881, 0.9307406111197483
0.06987797744039881, 0.9307406111197483
0.06987797744039881, 0.9307406111197483
0.06987797744039881, 0.9307406111197483
0.5791626381389241, 0.18167295276217932
0.5791626381389241, 0.18167295276217932
0.5791626381389241, 0.18167295276217932
0.5791626381389241, 0.18167295276217932
0.5791626381389241, 0.18167295276217932
0.5791626381389241, 0.18167295276217932
0.5791626381389241, 0.18167295276217932
0.5791626381389241, 0.18167295276217932
0.5791626381389241, 0.18167295276217932
0.5791626381389241, 0.18167295276217932
