1e-05
0.2785475803099291, 0.9262764914485039
0.2785475803099291, 0.9262764914485039
0.2785475803099291, 0.9262764914485039
0.2785475803099291, 0.9262764914485039
0.2785475803099291, 0.9262764914485039
0.2785475803099291, 0.9262764914485039
0.2785475803099291, 0.9262764914485039
0.2785475803099291, 0.9262764914485039
0.2785475803099291, 0.9262764914485039
0.2785475803099291, 0.9262764914485039
0.9967723002176326, 0.14528737267064518
0.9967723002176326, 0.14528737267064518
0.9967723002176326, 0.14528737267064518
0.9967723002176326, 0.14528737267064518
0.9967723002176326, 0.14528737267064518
0.9967723002176326, 0.14528737267064518
0.9967723002176326, 0.14528737267064518
0.9967723002176326, 0.14528737267064518
0.9967723002176326, 0.14528737267064518
0.9967723002176326, 0.14528737267064518
0.6019368174986205, 0.4855881215406437
0.6019368174986205, 0.4855881215406437
0.6019368174986205, 0.4855881215406437
0.6019368174986205, 0.4855881215406437
0.6019368174986205, 0.4855881215406437
0.6019368174986205, 0.4855881215406437
0.6019368174986205, 0.4855881215406437
0.6019368174986205, 0.4855881215406437
0.6019368174986205, 0.4855881215406437
0.6019368174986205, 0.4855881215406437
0.638268206494595, 0.3169053875142833
0.638268206494595, 0.3169053875142833
0.638268206494595, 0.3169053875142833
0.638268206494595, 0.3169053875142833
0.638268206494595, 0.3169053875142833
0.638268206494595, 0.3169053875142833
0.638268206494595, 0.3169053875142833
0.638268206494595, 0.3169053875142833
0.638268206494595, 0.3169053875142833
0.638268206494595, 0.3169053875142833
0.8637163446884849, 0.47704908598528994
0.8637163446884849, 0.47704908598528994
0.8637163446884849, 0.47704908598528994
0.8637163446884849, 0.47704908598528994
0.8637163446884849, 0.47704908598528994
0.8637163446884849, 0.47704908598528994
0.8637163446884849, 0.47704908598528994
0.8637163446884849, 0.47704908598528994
0.8637163446884849, 0.47704908598528994
0.8637163446884849, 0.47704908598528994
0.09714412440549458, 0.5255739919883065
0.09714412440549458, 0.5255739919883065
0.09714412440549458, 0.5255739919883065
0.09714412440549458, 0.5255739919883065
0.09714412440549458, 0.5255739919883065
0.09714412440549458, 0.5255739919883065
0.09714412440549458, 0.5255739919883065
0.09714412440549458, 0.5255739919883065
0.09714412440549458, 0.5255739919883065
0.09714412440549458, 0.5255739919883065
0.9053123450027546, 0.5247443215882429
0.9053123450027546, 0.5247443215882429
0.9053123450027546, 0.5247443215882429
0.9053123450027546, 0.5247443215882429
0.9053123450027546, 0.5247443215882429
0.9053123450027546, 0.5247443215882429
0.9053123450027546, 0.5247443215882429
0.9053123450027546, 0.5247443215882429
0.9053123450027546, 0.5247443215882429
0.9053123450027546, 0.5247443215882429
0.5100652422360719, 0.7270017979585169
0.5100652422360719, 0.7270017979585169
0.5100652422360719, 0.7270017979585169
0.5100652422360719, 0.7270017979585169
0.5100652422360719, 0.7270017979585169
0.5100652422360719, 0.7270017979585169
0.5100652422360719, 0.7270017979585169
0.5100652422360719, 0.7270017979585169
0.5100652422360719, 0.7270017979585169
0.5100652422360719, 0.7270017979585169
0.9030359308500259, 0.03189692506785169
0.9030359308500259, 0.03189692506785169
0.9030359308500259, 0.03189692506785169
0.9030359308500259, 0.03189692506785169
0.9030359308500259, 0.03189692506785169
0.9030359308500259, 0.03189692506785169
0.9030359308500259, 0.03189692506785169
0.9030359308500259, 0.03189692506785169
0.9030359308500259, 0.03189692506785169
0.9030359308500259, 0.03189692506785169
0.09362303086356105, 0.336818980286417
0.09362303086356105, 0.336818980286417
0.09362303086356105, 0.336818980286417
0.09362303086356105, 0.336818980286417
0.09362303086356105, 0.336818980286417
0.09362303086356105, 0.336818980286417
0.09362303086356105, 0.336818980286417
0.09362303086356105, 0.336818980286417
0.09362303086356105, 0.336818980286417
0.09362303086356105, 0.336818980286417
