1e-05
0.5289930297375868, 0.4568933187160581
0.5289930297375868, 0.4568933187160581
0.5289930297375868, 0.4568933187160581
0.5289930297375868, 0.4568933187160581
0.5289930297375868, 0.4568933187160581
0.5289930297375868, 0.4568933187160581
0.5289930297375868, 0.4568933187160581
0.5289930297375868, 0.4568933187160581
0.5289930297375868, 0.4568933187160581
0.5289930297375868, 0.4568933187160581
0.7209448988276788, 0.9987809630987441
0.7209448988276788, 0.9987809630987441
0.7209448988276788, 0.9987809630987441
0.7209448988276788, 0.9987809630987441
0.7209448988276788, 0.9987809630987441
0.7209448988276788, 0.9987809630987441
0.7209448988276788, 0.9987809630987441
0.7209448988276788, 0.9987809630987441
0.7209448988276788, 0.9987809630987441
0.7209448988276788, 0.9987809630987441
0.4724801288739593, 0.1808845899189444
0.4724801288739593, 0.1808845899189444
0.4724801288739593, 0.1808845899189444
0.4724801288739593, 0.1808845899189444
0.4724801288739593, 0.1808845899189444
0.4724801288739593, 0.1808845899189444
0.4724801288739593, 0.1808845899189444
0.4724801288739593, 0.1808845899189444
0.4724801288739593, 0.1808845899189444
0.4724801288739593, 0.1808845899189444
0.6146885226250149, 0.06571054518565256
0.6146885226250149, 0.06571054518565256
0.6146885226250149, 0.06571054518565256
0.6146885226250149, 0.06571054518565256
0.6146885226250149, 0.06571054518565256
0.6146885226250149, 0.06571054518565256
0.6146885226250149, 0.06571054518565256
0.6146885226250149, 0.06571054518565256
0.6146885226250149, 0.06571054518565256
0.6146885226250149, 0.06571054518565256
0.15795768605871063, 0.6090130616156353
0.15795768605871063, 0.6090130616156353
0.15795768605871063, 0.6090130616156353
0.15795768605871063, 0.6090130616156353
0.15795768605871063, 0.6090130616156353
0.15795768605871063, 0.6090130616156353
0.15795768605871063, 0.6090130616156353
0.15795768605871063, 0.6090130616156353
0.15795768605871063, 0.6090130616156353
0.15795768605871063, 0.6090130616156353
0.6874926421195778, 0.5670631410006276
0.6874926421195778, 0.5670631410006276
0.6874926421195778, 0.5670631410006276
0.6874926421195778, 0.5670631410006276
0.6874926421195778, 0.5670631410006276
0.6874926421195778, 0.5670631410006276
0.6874926421195778, 0.5670631410006276
0.6874926421195778, 0.5670631410006276
0.6874926421195778, 0.5670631410006276
0.6874926421195778, 0.5670631410006276
0.5738380287037083, 0.8787340015153338
0.5738380287037083, 0.8787340015153338
0.5738380287037083, 0.8787340015153338
0.5738380287037083, 0.8787340015153338
0.5738380287037083, 0.8787340015153338
0.5738380287037083, 0.8787340015153338
0.5738380287037083, 0.8787340015153338
0.5738380287037083, 0.8787340015153338
0.5738380287037083, 0.8787340015153338
0.5738380287037083, 0.8787340015153338
0.7179596663783804, 0.5963182850157622
0.7179596663783804, 0.5963182850157622
0.7179596663783804, 0.5963182850157622
0.7179596663783804, 0.5963182850157622
0.7179596663783804, 0.5963182850157622
0.7179596663783804, 0.5963182850157622
0.7179596663783804, 0.5963182850157622
0.7179596663783804, 0.5963182850157622
0.7179596663783804, 0.5963182850157622
0.7179596663783804, 0.5963182850157622
0.2902903648133224, 0.002462896040158258
0.2902903648133224, 0.002462896040158258
0.2902903648133224, 0.002462896040158258
0.2902903648133224, 0.002462896040158258
0.2902903648133224, 0.002462896040158258
0.2902903648133224, 0.002462896040158258
0.2902903648133224, 0.002462896040158258
0.2902903648133224, 0.002462896040158258
0.2902903648133224, 0.002462896040158258
0.2902903648133224, 0.002462896040158258
0.43728258051541224, 0.7874132719352098
0.43728258051541224, 0.7874132719352098
0.43728258051541224, 0.7874132719352098
0.43728258051541224, 0.7874132719352098
0.43728258051541224, 0.7874132719352098
0.43728258051541224, 0.7874132719352098
0.43728258051541224, 0.7874132719352098
0.43728258051541224, 0.7874132719352098
0.43728258051541224, 0.7874132719352098
0.43728258051541224, 0.7874132719352098
