1e-05
0.5791846814102185, 0.24811158541602985
0.5791846814102185, 0.24811158541602985
0.5791846814102185, 0.24811158541602985
0.5791846814102185, 0.24811158541602985
0.5791846814102185, 0.24811158541602985
0.5791846814102185, 0.24811158541602985
0.5791846814102185, 0.24811158541602985
0.5791846814102185, 0.24811158541602985
0.5791846814102185, 0.24811158541602985
0.5791846814102185, 0.24811158541602985
0.5452511605753285, 0.5998663862652883
0.5452511605753285, 0.5998663862652883
0.5452511605753285, 0.5998663862652883
0.5452511605753285, 0.5998663862652883
0.5452511605753285, 0.5998663862652883
0.5452511605753285, 0.5998663862652883
0.5452511605753285, 0.5998663862652883
0.5452511605753285, 0.5998663862652883
0.5452511605753285, 0.5998663862652883
0.5452511605753285, 0.5998663862652883
0.6344093552086272, 0.7483581151733034
0.6344093552086272, 0.7483581151733034
0.6344093552086272, 0.7483581151733034
0.6344093552086272, 0.7483581151733034
0.6344093552086272, 0.7483581151733034
0.6344093552086272, 0.7483581151733034
0.6344093552086272, 0.7483581151733034
0.6344093552086272, 0.7483581151733034
0.6344093552086272, 0.7483581151733034
0.6344093552086272, 0.7483581151733034
0.8124431401739184, 0.03872999679873246
0.8124431401739184, 0.03872999679873246
0.8124431401739184, 0.03872999679873246
0.8124431401739184, 0.03872999679873246
0.8124431401739184, 0.03872999679873246
0.8124431401739184, 0.03872999679873246
0.8124431401739184, 0.03872999679873246
0.8124431401739184, 0.03872999679873246
0.8124431401739184, 0.03872999679873246
0.8124431401739184, 0.03872999679873246
0.4861395325806094, 0.5498098184894371
0.4861395325806094, 0.5498098184894371
0.4861395325806094, 0.5498098184894371
0.4861395325806094, 0.5498098184894371
0.4861395325806094, 0.5498098184894371
0.4861395325806094, 0.5498098184894371
0.4861395325806094, 0.5498098184894371
0.4861395325806094, 0.5498098184894371
0.4861395325806094, 0.5498098184894371
0.4861395325806094, 0.5498098184894371
0.9435281794893384, 0.5469994874723481
0.9435281794893384, 0.5469994874723481
0.9435281794893384, 0.5469994874723481
0.9435281794893384, 0.5469994874723481
0.9435281794893384, 0.5469994874723481
0.9435281794893384, 0.5469994874723481
0.9435281794893384, 0.5469994874723481
0.9435281794893384, 0.5469994874723481
0.9435281794893384, 0.5469994874723481
0.9435281794893384, 0.5469994874723481
0.5360982980474449, 0.6880247240862298
0.5360982980474449, 0.6880247240862298
0.5360982980474449, 0.6880247240862298
0.5360982980474449, 0.6880247240862298
0.5360982980474449, 0.6880247240862298
0.5360982980474449, 0.6880247240862298
0.5360982980474449, 0.6880247240862298
0.5360982980474449, 0.6880247240862298
0.5360982980474449, 0.6880247240862298
0.5360982980474449, 0.6880247240862298
0.6318853953914604, 0.0025464439640922043
0.6318853953914604, 0.0025464439640922043
0.6318853953914604, 0.0025464439640922043
0.6318853953914604, 0.0025464439640922043
0.6318853953914604, 0.0025464439640922043
0.6318853953914604, 0.0025464439640922043
0.6318853953914604, 0.0025464439640922043
0.6318853953914604, 0.0025464439640922043
0.6318853953914604, 0.0025464439640922043
0.6318853953914604, 0.0025464439640922043
0.5347293501062879, 0.7157006144097608
0.5347293501062879, 0.7157006144097608
0.5347293501062879, 0.7157006144097608
0.5347293501062879, 0.7157006144097608
0.5347293501062879, 0.7157006144097608
0.5347293501062879, 0.7157006144097608
0.5347293501062879, 0.7157006144097608
0.5347293501062879, 0.7157006144097608
0.5347293501062879, 0.7157006144097608
0.5347293501062879, 0.7157006144097608
0.7976843118961261, 0.055485448591932274
0.7976843118961261, 0.055485448591932274
0.7976843118961261, 0.055485448591932274
0.7976843118961261, 0.055485448591932274
0.7976843118961261, 0.055485448591932274
0.7976843118961261, 0.055485448591932274
0.7976843118961261, 0.055485448591932274
0.7976843118961261, 0.055485448591932274
0.7976843118961261, 0.055485448591932274
0.7976843118961261, 0.055485448591932274
