0.001
0.015583490068685202, 0.7399466257432591
0.637927275089458, 0.6107897558122318
0.740313315554984, 0.16219954717317386
0.37279020653401196, 0.029853398552212473
0.8929073029684167, 0.0801352927109108
0.0319283799696678, 0.40362013533341445
0.21453808937020458, 0.6920616439561662
0.5400159015192211, 0.3811055908028099
0.3007920924071056, 0.2179205217431296
0.8469667270212327, 0.13366455602691563
0.5491152791008478, 0.8561499928067542
0.1729372244169637, 0.012794555270019603
0.515254734105194, 0.11953535051057729
0.6779971017657279, 0.6010205204522596
0.9284180279687605, 0.31892335723639365
0.7589069272766368, 0.29491700488037975
0.3867019493448083, 0.9185541019728787
