1e-05
0.3433796760776129, 0.8939799886795157
0.3433796760776129, 0.8939799886795157
0.3433796760776129, 0.8939799886795157
0.3433796760776129, 0.8939799886795157
0.3433796760776129, 0.8939799886795157
0.3433796760776129, 0.8939799886795157
0.3433796760776129, 0.8939799886795157
0.3433796760776129, 0.8939799886795157
0.3433796760776129, 0.8939799886795157
0.3433796760776129, 0.8939799886795157
0.887480519427409, 0.16236467725941262
0.887480519427409, 0.16236467725941262
0.887480519427409, 0.16236467725941262
0.887480519427409, 0.16236467725941262
0.887480519427409, 0.16236467725941262
0.887480519427409, 0.16236467725941262
0.887480519427409, 0.16236467725941262
0.887480519427409, 0.16236467725941262
0.887480519427409, 0.16236467725941262
0.887480519427409, 0.16236467725941262
0.7516167628246081, 0.02327673373413819
0.7516167628246081, 0.02327673373413819
0.7516167628246081, 0.02327673373413819
0.7516167628246081, 0.02327673373413819
0.7516167628246081, 0.02327673373413819
0.7516167628246081, 0.02327673373413819
0.7516167628246081, 0.02327673373413819
0.7516167628246081, 0.02327673373413819
0.7516167628246081, 0.02327673373413819
0.7516167628246081, 0.02327673373413819
0.4646828491525954, 0.563016578064848
0.4646828491525954, 0.563016578064848
0.4646828491525954, 0.563016578064848
0.4646828491525954, 0.563016578064848
0.4646828491525954, 0.563016578064848
0.4646828491525954, 0.563016578064848
0.4646828491525954, 0.563016578064848
0.4646828491525954, 0.563016578064848
0.4646828491525954, 0.563016578064848
0.4646828491525954, 0.563016578064848
0.3477317464291636, 0.8127921851430111
0.3477317464291636, 0.8127921851430111
0.3477317464291636, 0.8127921851430111
0.3477317464291636, 0.8127921851430111
0.3477317464291636, 0.8127921851430111
0.3477317464291636, 0.8127921851430111
0.3477317464291636, 0.8127921851430111
0.3477317464291636, 0.8127921851430111
0.3477317464291636, 0.8127921851430111
0.3477317464291636, 0.8127921851430111
0.29323925337472345, 0.4698437115890104
0.29323925337472345, 0.4698437115890104
0.29323925337472345, 0.4698437115890104
0.29323925337472345, 0.4698437115890104
0.29323925337472345, 0.4698437115890104
0.29323925337472345, 0.4698437115890104
0.29323925337472345, 0.4698437115890104
0.29323925337472345, 0.4698437115890104
0.29323925337472345, 0.4698437115890104
0.29323925337472345, 0.4698437115890104
0.7679886764268317, 0.7856238446997335
0.7679886764268317, 0.7856238446997335
0.7679886764268317, 0.7856238446997335
0.7679886764268317, 0.7856238446997335
0.7679886764268317, 0.7856238446997335
0.7679886764268317, 0.7856238446997335
0.7679886764268317, 0.7856238446997335
0.7679886764268317, 0.7856238446997335
0.7679886764268317, 0.7856238446997335
0.7679886764268317, 0.7856238446997335
0.4236866440603969, 0.7143578002551368
0.4236866440603969, 0.7143578002551368
0.4236866440603969, 0.7143578002551368
0.4236866440603969, 0.7143578002551368
0.4236866440603969, 0.7143578002551368
0.4236866440603969, 0.7143578002551368
0.4236866440603969, 0.7143578002551368
0.4236866440603969, 0.7143578002551368
0.4236866440603969, 0.7143578002551368
0.4236866440603969, 0.7143578002551368
0.19997296195501824, 0.08821056829563267
0.19997296195501824, 0.08821056829563267
0.19997296195501824, 0.08821056829563267
0.19997296195501824, 0.08821056829563267
0.19997296195501824, 0.08821056829563267
0.19997296195501824, 0.08821056829563267
0.19997296195501824, 0.08821056829563267
0.19997296195501824, 0.08821056829563267
0.19997296195501824, 0.08821056829563267
0.19997296195501824, 0.08821056829563267
0.5335266722307986, 0.16041794436058243
0.5335266722307986, 0.16041794436058243
0.5335266722307986, 0.16041794436058243
0.5335266722307986, 0.16041794436058243
0.5335266722307986, 0.16041794436058243
0.5335266722307986, 0.16041794436058243
0.5335266722307986, 0.16041794436058243
0.5335266722307986, 0.16041794436058243
0.5335266722307986, 0.16041794436058243
0.5335266722307986, 0.16041794436058243
