1e-05
0.8480795461173147, 0.7355666357098193
0.8480795461173147, 0.7355666357098193
0.8480795461173147, 0.7355666357098193
0.8480795461173147, 0.7355666357098193
0.8480795461173147, 0.7355666357098193
0.8480795461173147, 0.7355666357098193
0.8480795461173147, 0.7355666357098193
0.8480795461173147, 0.7355666357098193
0.8480795461173147, 0.7355666357098193
0.8480795461173147, 0.7355666357098193
0.343307700187649, 0.49513417335828935
0.343307700187649, 0.49513417335828935
0.343307700187649, 0.49513417335828935
0.343307700187649, 0.49513417335828935
0.343307700187649, 0.49513417335828935
0.343307700187649, 0.49513417335828935
0.343307700187649, 0.49513417335828935
0.343307700187649, 0.49513417335828935
0.343307700187649, 0.49513417335828935
0.343307700187649, 0.49513417335828935
0.5036615088946116, 0.28480219437953835
0.5036615088946116, 0.28480219437953835
0.5036615088946116, 0.28480219437953835
0.5036615088946116, 0.28480219437953835
0.5036615088946116, 0.28480219437953835
0.5036615088946116, 0.28480219437953835
0.5036615088946116, 0.28480219437953835
0.5036615088946116, 0.28480219437953835
0.5036615088946116, 0.28480219437953835
0.5036615088946116, 0.28480219437953835
0.4738440846960875, 0.20608403482749016
0.4738440846960875, 0.20608403482749016
0.4738440846960875, 0.20608403482749016
0.4738440846960875, 0.20608403482749016
0.4738440846960875, 0.20608403482749016
0.4738440846960875, 0.20608403482749016
0.4738440846960875, 0.20608403482749016
0.4738440846960875, 0.20608403482749016
0.4738440846960875, 0.20608403482749016
0.4738440846960875, 0.20608403482749016
0.6085686812958804, 0.7238988625186091
0.6085686812958804, 0.7238988625186091
0.6085686812958804, 0.7238988625186091
0.6085686812958804, 0.7238988625186091
0.6085686812958804, 0.7238988625186091
0.6085686812958804, 0.7238988625186091
0.6085686812958804, 0.7238988625186091
0.6085686812958804, 0.7238988625186091
0.6085686812958804, 0.7238988625186091
0.6085686812958804, 0.7238988625186091
0.6496685951183131, 0.9985491718515884
0.6496685951183131, 0.9985491718515884
0.6496685951183131, 0.9985491718515884
0.6496685951183131, 0.9985491718515884
0.6496685951183131, 0.9985491718515884
0.6496685951183131, 0.9985491718515884
0.6496685951183131, 0.9985491718515884
0.6496685951183131, 0.9985491718515884
0.6496685951183131, 0.9985491718515884
0.6496685951183131, 0.9985491718515884
0.1866918007454641, 0.1532771629974775
0.1866918007454641, 0.1532771629974775
0.1866918007454641, 0.1532771629974775
0.1866918007454641, 0.1532771629974775
0.1866918007454641, 0.1532771629974775
0.1866918007454641, 0.1532771629974775
0.1866918007454641, 0.1532771629974775
0.1866918007454641, 0.1532771629974775
0.1866918007454641, 0.1532771629974775
0.1866918007454641, 0.1532771629974775
0.034806817586361505, 0.412366488244035
0.034806817586361505, 0.412366488244035
0.034806817586361505, 0.412366488244035
0.034806817586361505, 0.412366488244035
0.034806817586361505, 0.412366488244035
0.034806817586361505, 0.412366488244035
0.034806817586361505, 0.412366488244035
0.034806817586361505, 0.412366488244035
0.034806817586361505, 0.412366488244035
0.034806817586361505, 0.412366488244035
0.6580942822855725, 0.05044450516768506
0.6580942822855725, 0.05044450516768506
0.6580942822855725, 0.05044450516768506
0.6580942822855725, 0.05044450516768506
0.6580942822855725, 0.05044450516768506
0.6580942822855725, 0.05044450516768506
0.6580942822855725, 0.05044450516768506
0.6580942822855725, 0.05044450516768506
0.6580942822855725, 0.05044450516768506
0.6580942822855725, 0.05044450516768506
0.5193493412130892, 0.38717630989706575
0.5193493412130892, 0.38717630989706575
0.5193493412130892, 0.38717630989706575
0.5193493412130892, 0.38717630989706575
0.5193493412130892, 0.38717630989706575
0.5193493412130892, 0.38717630989706575
0.5193493412130892, 0.38717630989706575
0.5193493412130892, 0.38717630989706575
0.5193493412130892, 0.38717630989706575
0.5193493412130892, 0.38717630989706575
