1e-05
0.5598719464140216, 0.07823972790696965
0.845066604295747, 0.34440570315434216
0.33692218462812795, 0.018365623943961684
0.6383930162978207, 0.6920297778932362
0.9775398193678598, 0.41403374456140796
0.7997216837297566, 0.10677987872947103
0.17383088525373402, 0.5225502674592852
0.8887089859280246, 0.059398924994339186
0.3261216521735757, 0.6126395793456418
0.3473746023342775, 0.6529502541397636
0.3781810786727434, 0.27926350669197475
0.049072979554608875, 0.6520492599825393
0.9522604731616527, 0.7201528122080277
0.273780126781226, 0.2607598172024276
0.5843229167245353, 0.06505394854697155
0.15338404056145571, 0.39883680041427005
0.6151892358925117, 0.5083169704778232
0.12821063833963076, 0.06641993949413649
0.45423839729016546, 0.3732290778373806
0.150651857642374, 0.35942912180647424
0.3314974217156542, 0.3136618883516715
0.257231510527396, 0.9319901086649911
0.10748404624518804, 0.6390752153803038
0.23257598961860992, 0.8527177871380924
0.6634831108455385, 0.8596094103122375
0.6134277059226996, 0.38021214073673926
0.3014796437338354, 0.22908684700681226
0.5781885834038526, 0.44271415529816316
0.8206614075071386, 0.956980713786606
0.7599624053099961, 0.5269147015414346
0.015334363294173148, 0.14115981916585774
0.05569876983796984, 0.6084196127982318
0.38071354286634407, 0.1944726006262243
0.8311647927713691, 0.06260121750553282
0.2910162213415246, 0.7302188456383929
0.16816060970796987, 0.3905238879557549
0.8695457356424994, 0.4114671163721445
0.8764223853632036, 0.35269794797484144
0.24709171570696442, 0.5622295368557024
0.2524649494373108, 0.2783881221309973
0.41543855327759394, 0.14635876028881944
0.042934858508620444, 0.7101654426042281
0.7152242412838105, 0.6176166640238714
0.28415233300726817, 0.7114131830618746
0.8391612627071555, 0.8980548266221544
0.06513924620117573, 0.07452845859930257
0.49405091645341015, 0.795952593574071
0.9378136490526817, 0.3243914848032592
0.6015941232278109, 0.15887508886959578
0.20078556649563373, 0.04603277852694598
0.6525377673233091, 0.9199178580795646
0.3581426663024373, 0.3686139142528613
0.9434721513528493, 0.8291545695957321
0.7947954637990046, 0.48451417887558124
0.14619391995469233, 0.5596686708012638
0.9951764592915212, 0.35398710342137507
0.6672081230254793, 0.04631596283472339
0.17690925458615636, 0.36888209185237464
0.5479224373503458, 0.8929690883874297
0.3779939782616907, 0.08862451722237352
0.5803527831234289, 0.8068998776126706
0.25303006007723405, 0.32255246426011
0.6837709126342636, 0.5497051851294712
0.6848356249561077, 0.09978895865106607
0.3164035140490079, 0.5994024972413811
0.8370031396094594, 0.7995561150306909
0.5069877542894394, 0.08628211300657396
0.6902920361103475, 0.020715216874190312
0.34412321683467917, 0.4547160272468296
0.9765693645547686, 0.345499616833425
0.48743505999634007, 0.1575336523709403
0.672320340206412, 0.992840343861696
0.3955053439584102, 0.8294420820793325
0.2150454834607286, 0.07519748050398811
0.3761536626791302, 0.9404888745337607
0.4826302659621331, 0.6835447614548456
0.05165077604173174, 0.28310253923704876
0.3764319506877325, 0.004651630903121817
0.019009879942292196, 0.8381718378940154
0.5909531738602903, 0.832230796303015
0.5667979112400031, 0.1618588071756244
0.8031530962784372, 0.16987323933073495
0.22003628539710318, 0.016348886151579478
0.4623640002454258, 0.3431301530194144
0.27270597698403376, 0.38035410667396197
0.24469315618560628, 0.7819712845586838
0.012269661520295516, 0.18988389637858316
0.10798207732662757, 0.045734678341442625
0.9988839031514494, 0.7171020526113677
0.4584493469342932, 0.44468462149897503
0.18181423941955233, 0.21768165119596616
0.5200543120992753, 0.564053749578509
0.07472413941945077, 0.21324290984358785
0.9609081824714463, 0.4098078344541646
0.0804715665179011, 0.2663304175325226
0.9534587564789472, 0.24295453201656714
0.4867278717117566, 0.003590484115009951
0.9065077406479479, 0.5781699812206007
0.6153998017248692, 0.6728803929291974
0.3754865392618387, 0.012611561448497954
