1e-05
0.6150877344890964, 0.7794218297424411
0.6150877344890964, 0.7794218297424411
0.6150877344890964, 0.7794218297424411
0.6150877344890964, 0.7794218297424411
0.6150877344890964, 0.7794218297424411
0.6150877344890964, 0.7794218297424411
0.6150877344890964, 0.7794218297424411
0.6150877344890964, 0.7794218297424411
0.6150877344890964, 0.7794218297424411
0.6150877344890964, 0.7794218297424411
0.5010863709894317, 0.8264197002431397
0.5010863709894317, 0.8264197002431397
0.5010863709894317, 0.8264197002431397
0.5010863709894317, 0.8264197002431397
0.5010863709894317, 0.8264197002431397
0.5010863709894317, 0.8264197002431397
0.5010863709894317, 0.8264197002431397
0.5010863709894317, 0.8264197002431397
0.5010863709894317, 0.8264197002431397
0.5010863709894317, 0.8264197002431397
0.34115480383223507, 0.014570152819911142
0.34115480383223507, 0.014570152819911142
0.34115480383223507, 0.014570152819911142
0.34115480383223507, 0.014570152819911142
0.34115480383223507, 0.014570152819911142
0.34115480383223507, 0.014570152819911142
0.34115480383223507, 0.014570152819911142
0.34115480383223507, 0.014570152819911142
0.34115480383223507, 0.014570152819911142
0.34115480383223507, 0.014570152819911142
0.8476139352955516, 0.9727990413537186
0.8476139352955516, 0.9727990413537186
0.8476139352955516, 0.9727990413537186
0.8476139352955516, 0.9727990413537186
0.8476139352955516, 0.9727990413537186
0.8476139352955516, 0.9727990413537186
0.8476139352955516, 0.9727990413537186
0.8476139352955516, 0.9727990413537186
0.8476139352955516, 0.9727990413537186
0.8476139352955516, 0.9727990413537186
0.2486366279233012, 0.29590912100512734
0.2486366279233012, 0.29590912100512734
0.2486366279233012, 0.29590912100512734
0.2486366279233012, 0.29590912100512734
0.2486366279233012, 0.29590912100512734
0.2486366279233012, 0.29590912100512734
0.2486366279233012, 0.29590912100512734
0.2486366279233012, 0.29590912100512734
0.2486366279233012, 0.29590912100512734
0.2486366279233012, 0.29590912100512734
0.22409531687477546, 0.13650029426255206
0.22409531687477546, 0.13650029426255206
0.22409531687477546, 0.13650029426255206
0.22409531687477546, 0.13650029426255206
0.22409531687477546, 0.13650029426255206
0.22409531687477546, 0.13650029426255206
0.22409531687477546, 0.13650029426255206
0.22409531687477546, 0.13650029426255206
0.22409531687477546, 0.13650029426255206
0.22409531687477546, 0.13650029426255206
0.5895262363001692, 0.9310525339817077
0.5895262363001692, 0.9310525339817077
0.5895262363001692, 0.9310525339817077
0.5895262363001692, 0.9310525339817077
0.5895262363001692, 0.9310525339817077
0.5895262363001692, 0.9310525339817077
0.5895262363001692, 0.9310525339817077
0.5895262363001692, 0.9310525339817077
0.5895262363001692, 0.9310525339817077
0.5895262363001692, 0.9310525339817077
0.7404487758833551, 0.06931834112743884
0.7404487758833551, 0.06931834112743884
0.7404487758833551, 0.06931834112743884
0.7404487758833551, 0.06931834112743884
0.7404487758833551, 0.06931834112743884
0.7404487758833551, 0.06931834112743884
0.7404487758833551, 0.06931834112743884
0.7404487758833551, 0.06931834112743884
0.7404487758833551, 0.06931834112743884
0.7404487758833551, 0.06931834112743884
0.38985710990138045, 0.6769911415778707
0.38985710990138045, 0.6769911415778707
0.38985710990138045, 0.6769911415778707
0.38985710990138045, 0.6769911415778707
0.38985710990138045, 0.6769911415778707
0.38985710990138045, 0.6769911415778707
0.38985710990138045, 0.6769911415778707
0.38985710990138045, 0.6769911415778707
0.38985710990138045, 0.6769911415778707
0.38985710990138045, 0.6769911415778707
0.08097481948451524, 0.17938786723336442
0.08097481948451524, 0.17938786723336442
0.08097481948451524, 0.17938786723336442
0.08097481948451524, 0.17938786723336442
0.08097481948451524, 0.17938786723336442
0.08097481948451524, 0.17938786723336442
0.08097481948451524, 0.17938786723336442
0.08097481948451524, 0.17938786723336442
0.08097481948451524, 0.17938786723336442
0.08097481948451524, 0.17938786723336442
