1e-05
0.3112280074561782, 0.46758651439997934
0.3112280074561782, 0.46758651439997934
0.3112280074561782, 0.46758651439997934
0.3112280074561782, 0.46758651439997934
0.3112280074561782, 0.46758651439997934
0.3112280074561782, 0.46758651439997934
0.3112280074561782, 0.46758651439997934
0.3112280074561782, 0.46758651439997934
0.3112280074561782, 0.46758651439997934
0.3112280074561782, 0.46758651439997934
0.043425028473911054, 0.2003668564709652
0.043425028473911054, 0.2003668564709652
0.043425028473911054, 0.2003668564709652
0.043425028473911054, 0.2003668564709652
0.043425028473911054, 0.2003668564709652
0.043425028473911054, 0.2003668564709652
0.043425028473911054, 0.2003668564709652
0.043425028473911054, 0.2003668564709652
0.043425028473911054, 0.2003668564709652
0.043425028473911054, 0.2003668564709652
0.38328318092058133, 0.19919477499447003
0.38328318092058133, 0.19919477499447003
0.38328318092058133, 0.19919477499447003
0.38328318092058133, 0.19919477499447003
0.38328318092058133, 0.19919477499447003
0.38328318092058133, 0.19919477499447003
0.38328318092058133, 0.19919477499447003
0.38328318092058133, 0.19919477499447003
0.38328318092058133, 0.19919477499447003
0.38328318092058133, 0.19919477499447003
0.7282530426083597, 0.019229996078837686
0.7282530426083597, 0.019229996078837686
0.7282530426083597, 0.019229996078837686
0.7282530426083597, 0.019229996078837686
0.7282530426083597, 0.019229996078837686
0.7282530426083597, 0.019229996078837686
0.7282530426083597, 0.019229996078837686
0.7282530426083597, 0.019229996078837686
0.7282530426083597, 0.019229996078837686
0.7282530426083597, 0.019229996078837686
0.689151127906869, 0.7030365897151045
0.689151127906869, 0.7030365897151045
0.689151127906869, 0.7030365897151045
0.689151127906869, 0.7030365897151045
0.689151127906869, 0.7030365897151045
0.689151127906869, 0.7030365897151045
0.689151127906869, 0.7030365897151045
0.689151127906869, 0.7030365897151045
0.689151127906869, 0.7030365897151045
0.689151127906869, 0.7030365897151045
0.8699862332425126, 0.09498269263819625
0.8699862332425126, 0.09498269263819625
0.8699862332425126, 0.09498269263819625
0.8699862332425126, 0.09498269263819625
0.8699862332425126, 0.09498269263819625
0.8699862332425126, 0.09498269263819625
0.8699862332425126, 0.09498269263819625
0.8699862332425126, 0.09498269263819625
0.8699862332425126, 0.09498269263819625
0.8699862332425126, 0.09498269263819625
0.2606006426015809, 0.5544323073165585
0.2606006426015809, 0.5544323073165585
0.2606006426015809, 0.5544323073165585
0.2606006426015809, 0.5544323073165585
0.2606006426015809, 0.5544323073165585
0.2606006426015809, 0.5544323073165585
0.2606006426015809, 0.5544323073165585
0.2606006426015809, 0.5544323073165585
0.2606006426015809, 0.5544323073165585
0.2606006426015809, 0.5544323073165585
0.8895238949218288, 0.003999177848404423
0.8895238949218288, 0.003999177848404423
0.8895238949218288, 0.003999177848404423
0.8895238949218288, 0.003999177848404423
0.8895238949218288, 0.003999177848404423
0.8895238949218288, 0.003999177848404423
0.8895238949218288, 0.003999177848404423
0.8895238949218288, 0.003999177848404423
0.8895238949218288, 0.003999177848404423
0.8895238949218288, 0.003999177848404423
0.5702140030399698, 0.19173673820692227
0.5702140030399698, 0.19173673820692227
0.5702140030399698, 0.19173673820692227
0.5702140030399698, 0.19173673820692227
0.5702140030399698, 0.19173673820692227
0.5702140030399698, 0.19173673820692227
0.5702140030399698, 0.19173673820692227
0.5702140030399698, 0.19173673820692227
0.5702140030399698, 0.19173673820692227
0.5702140030399698, 0.19173673820692227
0.776308981841451, 0.39221583647042946
0.776308981841451, 0.39221583647042946
0.776308981841451, 0.39221583647042946
0.776308981841451, 0.39221583647042946
0.776308981841451, 0.39221583647042946
0.776308981841451, 0.39221583647042946
0.776308981841451, 0.39221583647042946
0.776308981841451, 0.39221583647042946
0.776308981841451, 0.39221583647042946
0.776308981841451, 0.39221583647042946
