1e-05
0.20216943093284911, 0.1839412368978922
0.20216943093284911, 0.1839412368978922
0.20216943093284911, 0.1839412368978922
0.20216943093284911, 0.1839412368978922
0.20216943093284911, 0.1839412368978922
0.20216943093284911, 0.1839412368978922
0.20216943093284911, 0.1839412368978922
0.20216943093284911, 0.1839412368978922
0.20216943093284911, 0.1839412368978922
0.20216943093284911, 0.1839412368978922
0.014795981237085698, 0.2460858276904001
0.014795981237085698, 0.2460858276904001
0.014795981237085698, 0.2460858276904001
0.014795981237085698, 0.2460858276904001
0.014795981237085698, 0.2460858276904001
0.014795981237085698, 0.2460858276904001
0.014795981237085698, 0.2460858276904001
0.014795981237085698, 0.2460858276904001
0.014795981237085698, 0.2460858276904001
0.014795981237085698, 0.2460858276904001
0.3884668646672508, 0.766541108911148
0.3884668646672508, 0.766541108911148
0.3884668646672508, 0.766541108911148
0.3884668646672508, 0.766541108911148
0.3884668646672508, 0.766541108911148
0.3884668646672508, 0.766541108911148
0.3884668646672508, 0.766541108911148
0.3884668646672508, 0.766541108911148
0.3884668646672508, 0.766541108911148
0.3884668646672508, 0.766541108911148
0.15114218397171397, 0.6724514443828196
0.15114218397171397, 0.6724514443828196
0.15114218397171397, 0.6724514443828196
0.15114218397171397, 0.6724514443828196
0.15114218397171397, 0.6724514443828196
0.15114218397171397, 0.6724514443828196
0.15114218397171397, 0.6724514443828196
0.15114218397171397, 0.6724514443828196
0.15114218397171397, 0.6724514443828196
0.15114218397171397, 0.6724514443828196
0.33597810535793815, 0.11775030973351885
0.33597810535793815, 0.11775030973351885
0.33597810535793815, 0.11775030973351885
0.33597810535793815, 0.11775030973351885
0.33597810535793815, 0.11775030973351885
0.33597810535793815, 0.11775030973351885
0.33597810535793815, 0.11775030973351885
0.33597810535793815, 0.11775030973351885
0.33597810535793815, 0.11775030973351885
0.33597810535793815, 0.11775030973351885
0.138165971103693, 0.3110540647311424
0.138165971103693, 0.3110540647311424
0.138165971103693, 0.3110540647311424
0.138165971103693, 0.3110540647311424
0.138165971103693, 0.3110540647311424
0.138165971103693, 0.3110540647311424
0.138165971103693, 0.3110540647311424
0.138165971103693, 0.3110540647311424
0.138165971103693, 0.3110540647311424
0.138165971103693, 0.3110540647311424
0.4801562486675447, 0.33882950768299913
0.4801562486675447, 0.33882950768299913
0.4801562486675447, 0.33882950768299913
0.4801562486675447, 0.33882950768299913
0.4801562486675447, 0.33882950768299913
0.4801562486675447, 0.33882950768299913
0.4801562486675447, 0.33882950768299913
0.4801562486675447, 0.33882950768299913
0.4801562486675447, 0.33882950768299913
0.4801562486675447, 0.33882950768299913
0.4431363558210404, 0.8552336262682
0.4431363558210404, 0.8552336262682
0.4431363558210404, 0.8552336262682
0.4431363558210404, 0.8552336262682
0.4431363558210404, 0.8552336262682
0.4431363558210404, 0.8552336262682
0.4431363558210404, 0.8552336262682
0.4431363558210404, 0.8552336262682
0.4431363558210404, 0.8552336262682
0.4431363558210404, 0.8552336262682
0.4863029180799546, 0.43180747871755387
0.4863029180799546, 0.43180747871755387
0.4863029180799546, 0.43180747871755387
0.4863029180799546, 0.43180747871755387
0.4863029180799546, 0.43180747871755387
0.4863029180799546, 0.43180747871755387
0.4863029180799546, 0.43180747871755387
0.4863029180799546, 0.43180747871755387
0.4863029180799546, 0.43180747871755387
0.4863029180799546, 0.43180747871755387
0.17642593189513522, 0.3760089221530394
0.17642593189513522, 0.3760089221530394
0.17642593189513522, 0.3760089221530394
0.17642593189513522, 0.3760089221530394
0.17642593189513522, 0.3760089221530394
0.17642593189513522, 0.3760089221530394
0.17642593189513522, 0.3760089221530394
0.17642593189513522, 0.3760089221530394
0.17642593189513522, 0.3760089221530394
0.17642593189513522, 0.3760089221530394
