1e-05
0.7172990472471992, 0.6138475813853778
0.7172990472471992, 0.6138475813853778
0.7172990472471992, 0.6138475813853778
0.7172990472471992, 0.6138475813853778
0.7172990472471992, 0.6138475813853778
0.7172990472471992, 0.6138475813853778
0.7172990472471992, 0.6138475813853778
0.7172990472471992, 0.6138475813853778
0.7172990472471992, 0.6138475813853778
0.7172990472471992, 0.6138475813853778
0.7241088363932322, 0.8576420005469392
0.7241088363932322, 0.8576420005469392
0.7241088363932322, 0.8576420005469392
0.7241088363932322, 0.8576420005469392
0.7241088363932322, 0.8576420005469392
0.7241088363932322, 0.8576420005469392
0.7241088363932322, 0.8576420005469392
0.7241088363932322, 0.8576420005469392
0.7241088363932322, 0.8576420005469392
0.7241088363932322, 0.8576420005469392
0.625497452434731, 0.20778618051508013
0.625497452434731, 0.20778618051508013
0.625497452434731, 0.20778618051508013
0.625497452434731, 0.20778618051508013
0.625497452434731, 0.20778618051508013
0.625497452434731, 0.20778618051508013
0.625497452434731, 0.20778618051508013
0.625497452434731, 0.20778618051508013
0.625497452434731, 0.20778618051508013
0.625497452434731, 0.20778618051508013
0.5801922085224696, 0.9194926467087896
0.5801922085224696, 0.9194926467087896
0.5801922085224696, 0.9194926467087896
0.5801922085224696, 0.9194926467087896
0.5801922085224696, 0.9194926467087896
0.5801922085224696, 0.9194926467087896
0.5801922085224696, 0.9194926467087896
0.5801922085224696, 0.9194926467087896
0.5801922085224696, 0.9194926467087896
0.5801922085224696, 0.9194926467087896
0.5550135036355249, 0.5144082675728924
0.5550135036355249, 0.5144082675728924
0.5550135036355249, 0.5144082675728924
0.5550135036355249, 0.5144082675728924
0.5550135036355249, 0.5144082675728924
0.5550135036355249, 0.5144082675728924
0.5550135036355249, 0.5144082675728924
0.5550135036355249, 0.5144082675728924
0.5550135036355249, 0.5144082675728924
0.5550135036355249, 0.5144082675728924
0.6593508496228727, 0.6351230119529241
0.6593508496228727, 0.6351230119529241
0.6593508496228727, 0.6351230119529241
0.6593508496228727, 0.6351230119529241
0.6593508496228727, 0.6351230119529241
0.6593508496228727, 0.6351230119529241
0.6593508496228727, 0.6351230119529241
0.6593508496228727, 0.6351230119529241
0.6593508496228727, 0.6351230119529241
0.6593508496228727, 0.6351230119529241
0.9038632492743417, 0.7862370235239717
0.9038632492743417, 0.7862370235239717
0.9038632492743417, 0.7862370235239717
0.9038632492743417, 0.7862370235239717
0.9038632492743417, 0.7862370235239717
0.9038632492743417, 0.7862370235239717
0.9038632492743417, 0.7862370235239717
0.9038632492743417, 0.7862370235239717
0.9038632492743417, 0.7862370235239717
0.9038632492743417, 0.7862370235239717
0.6373274512765876, 0.7251870820723069
0.6373274512765876, 0.7251870820723069
0.6373274512765876, 0.7251870820723069
0.6373274512765876, 0.7251870820723069
0.6373274512765876, 0.7251870820723069
0.6373274512765876, 0.7251870820723069
0.6373274512765876, 0.7251870820723069
0.6373274512765876, 0.7251870820723069
0.6373274512765876, 0.7251870820723069
0.6373274512765876, 0.7251870820723069
0.1439349027946405, 0.036922339902700996
0.1439349027946405, 0.036922339902700996
0.1439349027946405, 0.036922339902700996
0.1439349027946405, 0.036922339902700996
0.1439349027946405, 0.036922339902700996
0.1439349027946405, 0.036922339902700996
0.1439349027946405, 0.036922339902700996
0.1439349027946405, 0.036922339902700996
0.1439349027946405, 0.036922339902700996
0.1439349027946405, 0.036922339902700996
0.07768581903725003, 0.6291411496104833
0.07768581903725003, 0.6291411496104833
0.07768581903725003, 0.6291411496104833
0.07768581903725003, 0.6291411496104833
0.07768581903725003, 0.6291411496104833
0.07768581903725003, 0.6291411496104833
0.07768581903725003, 0.6291411496104833
0.07768581903725003, 0.6291411496104833
0.07768581903725003, 0.6291411496104833
0.07768581903725003, 0.6291411496104833
