1e-05
0.44852024711693295, 0.5867612626635066
0.44852024711693295, 0.5867612626635066
0.44852024711693295, 0.5867612626635066
0.44852024711693295, 0.5867612626635066
0.44852024711693295, 0.5867612626635066
0.44852024711693295, 0.5867612626635066
0.44852024711693295, 0.5867612626635066
0.44852024711693295, 0.5867612626635066
0.44852024711693295, 0.5867612626635066
0.44852024711693295, 0.5867612626635066
0.7321117736044273, 0.49512404029917767
0.7321117736044273, 0.49512404029917767
0.7321117736044273, 0.49512404029917767
0.7321117736044273, 0.49512404029917767
0.7321117736044273, 0.49512404029917767
0.7321117736044273, 0.49512404029917767
0.7321117736044273, 0.49512404029917767
0.7321117736044273, 0.49512404029917767
0.7321117736044273, 0.49512404029917767
0.7321117736044273, 0.49512404029917767
0.7909646353293414, 0.7153781238896882
0.7909646353293414, 0.7153781238896882
0.7909646353293414, 0.7153781238896882
0.7909646353293414, 0.7153781238896882
0.7909646353293414, 0.7153781238896882
0.7909646353293414, 0.7153781238896882
0.7909646353293414, 0.7153781238896882
0.7909646353293414, 0.7153781238896882
0.7909646353293414, 0.7153781238896882
0.7909646353293414, 0.7153781238896882
0.3738317960577915, 0.9639844491699107
0.3738317960577915, 0.9639844491699107
0.3738317960577915, 0.9639844491699107
0.3738317960577915, 0.9639844491699107
0.3738317960577915, 0.9639844491699107
0.3738317960577915, 0.9639844491699107
0.3738317960577915, 0.9639844491699107
0.3738317960577915, 0.9639844491699107
0.3738317960577915, 0.9639844491699107
0.3738317960577915, 0.9639844491699107
0.9020277442085103, 0.8945499484393566
0.9020277442085103, 0.8945499484393566
0.9020277442085103, 0.8945499484393566
0.9020277442085103, 0.8945499484393566
0.9020277442085103, 0.8945499484393566
0.9020277442085103, 0.8945499484393566
0.9020277442085103, 0.8945499484393566
0.9020277442085103, 0.8945499484393566
0.9020277442085103, 0.8945499484393566
0.9020277442085103, 0.8945499484393566
0.15549258761118723, 0.7377835840365085
0.15549258761118723, 0.7377835840365085
0.15549258761118723, 0.7377835840365085
0.15549258761118723, 0.7377835840365085
0.15549258761118723, 0.7377835840365085
0.15549258761118723, 0.7377835840365085
0.15549258761118723, 0.7377835840365085
0.15549258761118723, 0.7377835840365085
0.15549258761118723, 0.7377835840365085
0.15549258761118723, 0.7377835840365085
0.02496737052737874, 0.9617021531156092
0.02496737052737874, 0.9617021531156092
0.02496737052737874, 0.9617021531156092
0.02496737052737874, 0.9617021531156092
0.02496737052737874, 0.9617021531156092
0.02496737052737874, 0.9617021531156092
0.02496737052737874, 0.9617021531156092
0.02496737052737874, 0.9617021531156092
0.02496737052737874, 0.9617021531156092
0.02496737052737874, 0.9617021531156092
0.6917924376112862, 0.6542644126601724
0.6917924376112862, 0.6542644126601724
0.6917924376112862, 0.6542644126601724
0.6917924376112862, 0.6542644126601724
0.6917924376112862, 0.6542644126601724
0.6917924376112862, 0.6542644126601724
0.6917924376112862, 0.6542644126601724
0.6917924376112862, 0.6542644126601724
0.6917924376112862, 0.6542644126601724
0.6917924376112862, 0.6542644126601724
0.6683073976725236, 0.274582551441233
0.6683073976725236, 0.274582551441233
0.6683073976725236, 0.274582551441233
0.6683073976725236, 0.274582551441233
0.6683073976725236, 0.274582551441233
0.6683073976725236, 0.274582551441233
0.6683073976725236, 0.274582551441233
0.6683073976725236, 0.274582551441233
0.6683073976725236, 0.274582551441233
0.6683073976725236, 0.274582551441233
0.8659153096362276, 0.88311392557151
0.8659153096362276, 0.88311392557151
0.8659153096362276, 0.88311392557151
0.8659153096362276, 0.88311392557151
0.8659153096362276, 0.88311392557151
0.8659153096362276, 0.88311392557151
0.8659153096362276, 0.88311392557151
0.8659153096362276, 0.88311392557151
0.8659153096362276, 0.88311392557151
0.8659153096362276, 0.88311392557151
