1e-05
0.14432059736866754, 0.298845845230407
0.14432059736866754, 0.298845845230407
0.14432059736866754, 0.298845845230407
0.14432059736866754, 0.298845845230407
0.14432059736866754, 0.298845845230407
0.14432059736866754, 0.298845845230407
0.14432059736866754, 0.298845845230407
0.14432059736866754, 0.298845845230407
0.14432059736866754, 0.298845845230407
0.14432059736866754, 0.298845845230407
0.4363719022422292, 0.20574866443345685
0.4363719022422292, 0.20574866443345685
0.4363719022422292, 0.20574866443345685
0.4363719022422292, 0.20574866443345685
0.4363719022422292, 0.20574866443345685
0.4363719022422292, 0.20574866443345685
0.4363719022422292, 0.20574866443345685
0.4363719022422292, 0.20574866443345685
0.4363719022422292, 0.20574866443345685
0.4363719022422292, 0.20574866443345685
0.15874533757370946, 0.15512059504845233
0.15874533757370946, 0.15512059504845233
0.15874533757370946, 0.15512059504845233
0.15874533757370946, 0.15512059504845233
0.15874533757370946, 0.15512059504845233
0.15874533757370946, 0.15512059504845233
0.15874533757370946, 0.15512059504845233
0.15874533757370946, 0.15512059504845233
0.15874533757370946, 0.15512059504845233
0.15874533757370946, 0.15512059504845233
0.6367510817528755, 0.20740741124848538
0.6367510817528755, 0.20740741124848538
0.6367510817528755, 0.20740741124848538
0.6367510817528755, 0.20740741124848538
0.6367510817528755, 0.20740741124848538
0.6367510817528755, 0.20740741124848538
0.6367510817528755, 0.20740741124848538
0.6367510817528755, 0.20740741124848538
0.6367510817528755, 0.20740741124848538
0.6367510817528755, 0.20740741124848538
0.3805105983383632, 0.881738157426672
0.3805105983383632, 0.881738157426672
0.3805105983383632, 0.881738157426672
0.3805105983383632, 0.881738157426672
0.3805105983383632, 0.881738157426672
0.3805105983383632, 0.881738157426672
0.3805105983383632, 0.881738157426672
0.3805105983383632, 0.881738157426672
0.3805105983383632, 0.881738157426672
0.3805105983383632, 0.881738157426672
0.4925295039720805, 0.6374342009200842
0.4925295039720805, 0.6374342009200842
0.4925295039720805, 0.6374342009200842
0.4925295039720805, 0.6374342009200842
0.4925295039720805, 0.6374342009200842
0.4925295039720805, 0.6374342009200842
0.4925295039720805, 0.6374342009200842
0.4925295039720805, 0.6374342009200842
0.4925295039720805, 0.6374342009200842
0.4925295039720805, 0.6374342009200842
0.9250352262745877, 0.10006134718831738
0.9250352262745877, 0.10006134718831738
0.9250352262745877, 0.10006134718831738
0.9250352262745877, 0.10006134718831738
0.9250352262745877, 0.10006134718831738
0.9250352262745877, 0.10006134718831738
0.9250352262745877, 0.10006134718831738
0.9250352262745877, 0.10006134718831738
0.9250352262745877, 0.10006134718831738
0.9250352262745877, 0.10006134718831738
0.9011294127141074, 0.5228416487153946
0.9011294127141074, 0.5228416487153946
0.9011294127141074, 0.5228416487153946
0.9011294127141074, 0.5228416487153946
0.9011294127141074, 0.5228416487153946
0.9011294127141074, 0.5228416487153946
0.9011294127141074, 0.5228416487153946
0.9011294127141074, 0.5228416487153946
0.9011294127141074, 0.5228416487153946
0.9011294127141074, 0.5228416487153946
0.15186961571968594, 0.717313910498471
0.15186961571968594, 0.717313910498471
0.15186961571968594, 0.717313910498471
0.15186961571968594, 0.717313910498471
0.15186961571968594, 0.717313910498471
0.15186961571968594, 0.717313910498471
0.15186961571968594, 0.717313910498471
0.15186961571968594, 0.717313910498471
0.15186961571968594, 0.717313910498471
0.15186961571968594, 0.717313910498471
0.8962205912585847, 0.8956694882477185
0.8962205912585847, 0.8956694882477185
0.8962205912585847, 0.8956694882477185
0.8962205912585847, 0.8956694882477185
0.8962205912585847, 0.8956694882477185
0.8962205912585847, 0.8956694882477185
0.8962205912585847, 0.8956694882477185
0.8962205912585847, 0.8956694882477185
0.8962205912585847, 0.8956694882477185
0.8962205912585847, 0.8956694882477185
