1e-05
0.8771570709570183, 0.5268121212696002
0.8771570709570183, 0.5268121212696002
0.8771570709570183, 0.5268121212696002
0.8771570709570183, 0.5268121212696002
0.8771570709570183, 0.5268121212696002
0.8771570709570183, 0.5268121212696002
0.8771570709570183, 0.5268121212696002
0.8771570709570183, 0.5268121212696002
0.8771570709570183, 0.5268121212696002
0.8771570709570183, 0.5268121212696002
0.6069004291453394, 0.012863034890869818
0.6069004291453394, 0.012863034890869818
0.6069004291453394, 0.012863034890869818
0.6069004291453394, 0.012863034890869818
0.6069004291453394, 0.012863034890869818
0.6069004291453394, 0.012863034890869818
0.6069004291453394, 0.012863034890869818
0.6069004291453394, 0.012863034890869818
0.6069004291453394, 0.012863034890869818
0.6069004291453394, 0.012863034890869818
0.8747896562766545, 0.33285636708226685
0.8747896562766545, 0.33285636708226685
0.8747896562766545, 0.33285636708226685
0.8747896562766545, 0.33285636708226685
0.8747896562766545, 0.33285636708226685
0.8747896562766545, 0.33285636708226685
0.8747896562766545, 0.33285636708226685
0.8747896562766545, 0.33285636708226685
0.8747896562766545, 0.33285636708226685
0.8747896562766545, 0.33285636708226685
0.10950303541500084, 0.7270327581734111
0.10950303541500084, 0.7270327581734111
0.10950303541500084, 0.7270327581734111
0.10950303541500084, 0.7270327581734111
0.10950303541500084, 0.7270327581734111
0.10950303541500084, 0.7270327581734111
0.10950303541500084, 0.7270327581734111
0.10950303541500084, 0.7270327581734111
0.10950303541500084, 0.7270327581734111
0.10950303541500084, 0.7270327581734111
0.10349664640045197, 0.3496496557411436
0.10349664640045197, 0.3496496557411436
0.10349664640045197, 0.3496496557411436
0.10349664640045197, 0.3496496557411436
0.10349664640045197, 0.3496496557411436
0.10349664640045197, 0.3496496557411436
0.10349664640045197, 0.3496496557411436
0.10349664640045197, 0.3496496557411436
0.10349664640045197, 0.3496496557411436
0.10349664640045197, 0.3496496557411436
0.8886632672767599, 0.5656258985614453
0.8886632672767599, 0.5656258985614453
0.8886632672767599, 0.5656258985614453
0.8886632672767599, 0.5656258985614453
0.8886632672767599, 0.5656258985614453
0.8886632672767599, 0.5656258985614453
0.8886632672767599, 0.5656258985614453
0.8886632672767599, 0.5656258985614453
0.8886632672767599, 0.5656258985614453
0.8886632672767599, 0.5656258985614453
0.35247285293652464, 0.7215416996911269
0.35247285293652464, 0.7215416996911269
0.35247285293652464, 0.7215416996911269
0.35247285293652464, 0.7215416996911269
0.35247285293652464, 0.7215416996911269
0.35247285293652464, 0.7215416996911269
0.35247285293652464, 0.7215416996911269
0.35247285293652464, 0.7215416996911269
0.35247285293652464, 0.7215416996911269
0.35247285293652464, 0.7215416996911269
0.1028717441282544, 0.5093885593976711
0.1028717441282544, 0.5093885593976711
0.1028717441282544, 0.5093885593976711
0.1028717441282544, 0.5093885593976711
0.1028717441282544, 0.5093885593976711
0.1028717441282544, 0.5093885593976711
0.1028717441282544, 0.5093885593976711
0.1028717441282544, 0.5093885593976711
0.1028717441282544, 0.5093885593976711
0.1028717441282544, 0.5093885593976711
0.5226543169563177, 0.9629179322885942
0.5226543169563177, 0.9629179322885942
0.5226543169563177, 0.9629179322885942
0.5226543169563177, 0.9629179322885942
0.5226543169563177, 0.9629179322885942
0.5226543169563177, 0.9629179322885942
0.5226543169563177, 0.9629179322885942
0.5226543169563177, 0.9629179322885942
0.5226543169563177, 0.9629179322885942
0.5226543169563177, 0.9629179322885942
0.7363659889038474, 0.7303534145377225
0.7363659889038474, 0.7303534145377225
0.7363659889038474, 0.7303534145377225
0.7363659889038474, 0.7303534145377225
0.7363659889038474, 0.7303534145377225
0.7363659889038474, 0.7303534145377225
0.7363659889038474, 0.7303534145377225
0.7363659889038474, 0.7303534145377225
0.7363659889038474, 0.7303534145377225
0.7363659889038474, 0.7303534145377225
