1e-05
0.7588903700104609, 0.30799328357134936
0.7588903700104609, 0.30799328357134936
0.7588903700104609, 0.30799328357134936
0.7588903700104609, 0.30799328357134936
0.7588903700104609, 0.30799328357134936
0.7588903700104609, 0.30799328357134936
0.7588903700104609, 0.30799328357134936
0.7588903700104609, 0.30799328357134936
0.7588903700104609, 0.30799328357134936
0.7588903700104609, 0.30799328357134936
0.3756165203338121, 0.28973264324826575
0.3756165203338121, 0.28973264324826575
0.3756165203338121, 0.28973264324826575
0.3756165203338121, 0.28973264324826575
0.3756165203338121, 0.28973264324826575
0.3756165203338121, 0.28973264324826575
0.3756165203338121, 0.28973264324826575
0.3756165203338121, 0.28973264324826575
0.3756165203338121, 0.28973264324826575
0.3756165203338121, 0.28973264324826575
0.704010186925801, 0.7991295307474114
0.704010186925801, 0.7991295307474114
0.704010186925801, 0.7991295307474114
0.704010186925801, 0.7991295307474114
0.704010186925801, 0.7991295307474114
0.704010186925801, 0.7991295307474114
0.704010186925801, 0.7991295307474114
0.704010186925801, 0.7991295307474114
0.704010186925801, 0.7991295307474114
0.704010186925801, 0.7991295307474114
0.3190728572820166, 0.893601148820874
0.3190728572820166, 0.893601148820874
0.3190728572820166, 0.893601148820874
0.3190728572820166, 0.893601148820874
0.3190728572820166, 0.893601148820874
0.3190728572820166, 0.893601148820874
0.3190728572820166, 0.893601148820874
0.3190728572820166, 0.893601148820874
0.3190728572820166, 0.893601148820874
0.3190728572820166, 0.893601148820874
0.6154355841676786, 0.3711561492943787
0.6154355841676786, 0.3711561492943787
0.6154355841676786, 0.3711561492943787
0.6154355841676786, 0.3711561492943787
0.6154355841676786, 0.3711561492943787
0.6154355841676786, 0.3711561492943787
0.6154355841676786, 0.3711561492943787
0.6154355841676786, 0.3711561492943787
0.6154355841676786, 0.3711561492943787
0.6154355841676786, 0.3711561492943787
0.28312879575090777, 0.844799420559516
0.28312879575090777, 0.844799420559516
0.28312879575090777, 0.844799420559516
0.28312879575090777, 0.844799420559516
0.28312879575090777, 0.844799420559516
0.28312879575090777, 0.844799420559516
0.28312879575090777, 0.844799420559516
0.28312879575090777, 0.844799420559516
0.28312879575090777, 0.844799420559516
0.28312879575090777, 0.844799420559516
0.8493176062778759, 0.8128003551446078
0.8493176062778759, 0.8128003551446078
0.8493176062778759, 0.8128003551446078
0.8493176062778759, 0.8128003551446078
0.8493176062778759, 0.8128003551446078
0.8493176062778759, 0.8128003551446078
0.8493176062778759, 0.8128003551446078
0.8493176062778759, 0.8128003551446078
0.8493176062778759, 0.8128003551446078
0.8493176062778759, 0.8128003551446078
0.060525948271271, 0.8586389873969655
0.060525948271271, 0.8586389873969655
0.060525948271271, 0.8586389873969655
0.060525948271271, 0.8586389873969655
0.060525948271271, 0.8586389873969655
0.060525948271271, 0.8586389873969655
0.060525948271271, 0.8586389873969655
0.060525948271271, 0.8586389873969655
0.060525948271271, 0.8586389873969655
0.060525948271271, 0.8586389873969655
0.9659400554172242, 0.19817967706589334
0.9659400554172242, 0.19817967706589334
0.9659400554172242, 0.19817967706589334
0.9659400554172242, 0.19817967706589334
0.9659400554172242, 0.19817967706589334
0.9659400554172242, 0.19817967706589334
0.9659400554172242, 0.19817967706589334
0.9659400554172242, 0.19817967706589334
0.9659400554172242, 0.19817967706589334
0.9659400554172242, 0.19817967706589334
0.5414615453757703, 0.7861776641070591
0.5414615453757703, 0.7861776641070591
0.5414615453757703, 0.7861776641070591
0.5414615453757703, 0.7861776641070591
0.5414615453757703, 0.7861776641070591
0.5414615453757703, 0.7861776641070591
0.5414615453757703, 0.7861776641070591
0.5414615453757703, 0.7861776641070591
0.5414615453757703, 0.7861776641070591
0.5414615453757703, 0.7861776641070591
