1e-05
0.9380498896722963, 0.5419677004683934
0.9380498896722963, 0.5419677004683934
0.9380498896722963, 0.5419677004683934
0.9380498896722963, 0.5419677004683934
0.9380498896722963, 0.5419677004683934
0.9380498896722963, 0.5419677004683934
0.9380498896722963, 0.5419677004683934
0.9380498896722963, 0.5419677004683934
0.9380498896722963, 0.5419677004683934
0.9380498896722963, 0.5419677004683934
0.6581939514296719, 0.09574923341691643
0.6581939514296719, 0.09574923341691643
0.6581939514296719, 0.09574923341691643
0.6581939514296719, 0.09574923341691643
0.6581939514296719, 0.09574923341691643
0.6581939514296719, 0.09574923341691643
0.6581939514296719, 0.09574923341691643
0.6581939514296719, 0.09574923341691643
0.6581939514296719, 0.09574923341691643
0.6581939514296719, 0.09574923341691643
0.03423871468408857, 0.655073435635604
0.03423871468408857, 0.655073435635604
0.03423871468408857, 0.655073435635604
0.03423871468408857, 0.655073435635604
0.03423871468408857, 0.655073435635604
0.03423871468408857, 0.655073435635604
0.03423871468408857, 0.655073435635604
0.03423871468408857, 0.655073435635604
0.03423871468408857, 0.655073435635604
0.03423871468408857, 0.655073435635604
0.3695322615384967, 0.9335669885229383
0.3695322615384967, 0.9335669885229383
0.3695322615384967, 0.9335669885229383
0.3695322615384967, 0.9335669885229383
0.3695322615384967, 0.9335669885229383
0.3695322615384967, 0.9335669885229383
0.3695322615384967, 0.9335669885229383
0.3695322615384967, 0.9335669885229383
0.3695322615384967, 0.9335669885229383
0.3695322615384967, 0.9335669885229383
0.9159753115636915, 0.17354548083990673
0.9159753115636915, 0.17354548083990673
0.9159753115636915, 0.17354548083990673
0.9159753115636915, 0.17354548083990673
0.9159753115636915, 0.17354548083990673
0.9159753115636915, 0.17354548083990673
0.9159753115636915, 0.17354548083990673
0.9159753115636915, 0.17354548083990673
0.9159753115636915, 0.17354548083990673
0.9159753115636915, 0.17354548083990673
0.4941102522166583, 0.7003884809741077
0.4941102522166583, 0.7003884809741077
0.4941102522166583, 0.7003884809741077
0.4941102522166583, 0.7003884809741077
0.4941102522166583, 0.7003884809741077
0.4941102522166583, 0.7003884809741077
0.4941102522166583, 0.7003884809741077
0.4941102522166583, 0.7003884809741077
0.4941102522166583, 0.7003884809741077
0.4941102522166583, 0.7003884809741077
0.44697124697284074, 0.16528485252016978
0.44697124697284074, 0.16528485252016978
0.44697124697284074, 0.16528485252016978
0.44697124697284074, 0.16528485252016978
0.44697124697284074, 0.16528485252016978
0.44697124697284074, 0.16528485252016978
0.44697124697284074, 0.16528485252016978
0.44697124697284074, 0.16528485252016978
0.44697124697284074, 0.16528485252016978
0.44697124697284074, 0.16528485252016978
0.9481343554935957, 0.6636037359436116
0.9481343554935957, 0.6636037359436116
0.9481343554935957, 0.6636037359436116
0.9481343554935957, 0.6636037359436116
0.9481343554935957, 0.6636037359436116
0.9481343554935957, 0.6636037359436116
0.9481343554935957, 0.6636037359436116
0.9481343554935957, 0.6636037359436116
0.9481343554935957, 0.6636037359436116
0.9481343554935957, 0.6636037359436116
0.4386190732465778, 0.8843278753098136
0.4386190732465778, 0.8843278753098136
0.4386190732465778, 0.8843278753098136
0.4386190732465778, 0.8843278753098136
0.4386190732465778, 0.8843278753098136
0.4386190732465778, 0.8843278753098136
0.4386190732465778, 0.8843278753098136
0.4386190732465778, 0.8843278753098136
0.4386190732465778, 0.8843278753098136
0.4386190732465778, 0.8843278753098136
0.5611334945169653, 0.545525983689477
0.5611334945169653, 0.545525983689477
0.5611334945169653, 0.545525983689477
0.5611334945169653, 0.545525983689477
0.5611334945169653, 0.545525983689477
0.5611334945169653, 0.545525983689477
0.5611334945169653, 0.545525983689477
0.5611334945169653, 0.545525983689477
0.5611334945169653, 0.545525983689477
0.5611334945169653, 0.545525983689477
