1e-05
0.7868624255921851, 0.8980122348755634
0.7868624255921851, 0.8980122348755634
0.7868624255921851, 0.8980122348755634
0.7868624255921851, 0.8980122348755634
0.7868624255921851, 0.8980122348755634
0.7868624255921851, 0.8980122348755634
0.7868624255921851, 0.8980122348755634
0.7868624255921851, 0.8980122348755634
0.7868624255921851, 0.8980122348755634
0.7868624255921851, 0.8980122348755634
0.8147095640809784, 0.5034394760092703
0.8147095640809784, 0.5034394760092703
0.8147095640809784, 0.5034394760092703
0.8147095640809784, 0.5034394760092703
0.8147095640809784, 0.5034394760092703
0.8147095640809784, 0.5034394760092703
0.8147095640809784, 0.5034394760092703
0.8147095640809784, 0.5034394760092703
0.8147095640809784, 0.5034394760092703
0.8147095640809784, 0.5034394760092703
0.6357038460303844, 0.015529982671348752
0.6357038460303844, 0.015529982671348752
0.6357038460303844, 0.015529982671348752
0.6357038460303844, 0.015529982671348752
0.6357038460303844, 0.015529982671348752
0.6357038460303844, 0.015529982671348752
0.6357038460303844, 0.015529982671348752
0.6357038460303844, 0.015529982671348752
0.6357038460303844, 0.015529982671348752
0.6357038460303844, 0.015529982671348752
0.3129725623267384, 0.3897723404266583
0.3129725623267384, 0.3897723404266583
0.3129725623267384, 0.3897723404266583
0.3129725623267384, 0.3897723404266583
0.3129725623267384, 0.3897723404266583
0.3129725623267384, 0.3897723404266583
0.3129725623267384, 0.3897723404266583
0.3129725623267384, 0.3897723404266583
0.3129725623267384, 0.3897723404266583
0.3129725623267384, 0.3897723404266583
0.36219266729490585, 0.031554700659831125
0.36219266729490585, 0.031554700659831125
0.36219266729490585, 0.031554700659831125
0.36219266729490585, 0.031554700659831125
0.36219266729490585, 0.031554700659831125
0.36219266729490585, 0.031554700659831125
0.36219266729490585, 0.031554700659831125
0.36219266729490585, 0.031554700659831125
0.36219266729490585, 0.031554700659831125
0.36219266729490585, 0.031554700659831125
0.7354683626926302, 0.9216562350594157
0.7354683626926302, 0.9216562350594157
0.7354683626926302, 0.9216562350594157
0.7354683626926302, 0.9216562350594157
0.7354683626926302, 0.9216562350594157
0.7354683626926302, 0.9216562350594157
0.7354683626926302, 0.9216562350594157
0.7354683626926302, 0.9216562350594157
0.7354683626926302, 0.9216562350594157
0.7354683626926302, 0.9216562350594157
0.2888352803360842, 0.12523598762598753
0.2888352803360842, 0.12523598762598753
0.2888352803360842, 0.12523598762598753
0.2888352803360842, 0.12523598762598753
0.2888352803360842, 0.12523598762598753
0.2888352803360842, 0.12523598762598753
0.2888352803360842, 0.12523598762598753
0.2888352803360842, 0.12523598762598753
0.2888352803360842, 0.12523598762598753
0.2888352803360842, 0.12523598762598753
0.4411562832750391, 0.3836305546725446
0.4411562832750391, 0.3836305546725446
0.4411562832750391, 0.3836305546725446
0.4411562832750391, 0.3836305546725446
0.4411562832750391, 0.3836305546725446
0.4411562832750391, 0.3836305546725446
0.4411562832750391, 0.3836305546725446
0.4411562832750391, 0.3836305546725446
0.4411562832750391, 0.3836305546725446
0.4411562832750391, 0.3836305546725446
0.7326106120442957, 0.3769496730462947
0.7326106120442957, 0.3769496730462947
0.7326106120442957, 0.3769496730462947
0.7326106120442957, 0.3769496730462947
0.7326106120442957, 0.3769496730462947
0.7326106120442957, 0.3769496730462947
0.7326106120442957, 0.3769496730462947
0.7326106120442957, 0.3769496730462947
0.7326106120442957, 0.3769496730462947
0.7326106120442957, 0.3769496730462947
0.7330539436875125, 0.2761368724108316
0.7330539436875125, 0.2761368724108316
0.7330539436875125, 0.2761368724108316
0.7330539436875125, 0.2761368724108316
0.7330539436875125, 0.2761368724108316
0.7330539436875125, 0.2761368724108316
0.7330539436875125, 0.2761368724108316
0.7330539436875125, 0.2761368724108316
0.7330539436875125, 0.2761368724108316
0.7330539436875125, 0.2761368724108316
