1e-05
0.05728391769329744, 0.6903845180756383
0.05728391769329744, 0.6903845180756383
0.05728391769329744, 0.6903845180756383
0.05728391769329744, 0.6903845180756383
0.05728391769329744, 0.6903845180756383
0.05728391769329744, 0.6903845180756383
0.05728391769329744, 0.6903845180756383
0.05728391769329744, 0.6903845180756383
0.05728391769329744, 0.6903845180756383
0.05728391769329744, 0.6903845180756383
0.5107856714378953, 0.3482737810369162
0.5107856714378953, 0.3482737810369162
0.5107856714378953, 0.3482737810369162
0.5107856714378953, 0.3482737810369162
0.5107856714378953, 0.3482737810369162
0.5107856714378953, 0.3482737810369162
0.5107856714378953, 0.3482737810369162
0.5107856714378953, 0.3482737810369162
0.5107856714378953, 0.3482737810369162
0.5107856714378953, 0.3482737810369162
0.9289546701704339, 0.308680913124733
0.9289546701704339, 0.308680913124733
0.9289546701704339, 0.308680913124733
0.9289546701704339, 0.308680913124733
0.9289546701704339, 0.308680913124733
0.9289546701704339, 0.308680913124733
0.9289546701704339, 0.308680913124733
0.9289546701704339, 0.308680913124733
0.9289546701704339, 0.308680913124733
0.9289546701704339, 0.308680913124733
0.48601804676280114, 0.02045938739984199
0.48601804676280114, 0.02045938739984199
0.48601804676280114, 0.02045938739984199
0.48601804676280114, 0.02045938739984199
0.48601804676280114, 0.02045938739984199
0.48601804676280114, 0.02045938739984199
0.48601804676280114, 0.02045938739984199
0.48601804676280114, 0.02045938739984199
0.48601804676280114, 0.02045938739984199
0.48601804676280114, 0.02045938739984199
0.002829526954307937, 0.9767753174004858
0.002829526954307937, 0.9767753174004858
0.002829526954307937, 0.9767753174004858
0.002829526954307937, 0.9767753174004858
0.002829526954307937, 0.9767753174004858
0.002829526954307937, 0.9767753174004858
0.002829526954307937, 0.9767753174004858
0.002829526954307937, 0.9767753174004858
0.002829526954307937, 0.9767753174004858
0.002829526954307937, 0.9767753174004858
0.4061566363560831, 0.33264015170463357
0.4061566363560831, 0.33264015170463357
0.4061566363560831, 0.33264015170463357
0.4061566363560831, 0.33264015170463357
0.4061566363560831, 0.33264015170463357
0.4061566363560831, 0.33264015170463357
0.4061566363560831, 0.33264015170463357
0.4061566363560831, 0.33264015170463357
0.4061566363560831, 0.33264015170463357
0.4061566363560831, 0.33264015170463357
0.3391353644699995, 0.7206634899612515
0.3391353644699995, 0.7206634899612515
0.3391353644699995, 0.7206634899612515
0.3391353644699995, 0.7206634899612515
0.3391353644699995, 0.7206634899612515
0.3391353644699995, 0.7206634899612515
0.3391353644699995, 0.7206634899612515
0.3391353644699995, 0.7206634899612515
0.3391353644699995, 0.7206634899612515
0.3391353644699995, 0.7206634899612515
0.8688353312833986, 0.2996552882591249
0.8688353312833986, 0.2996552882591249
0.8688353312833986, 0.2996552882591249
0.8688353312833986, 0.2996552882591249
0.8688353312833986, 0.2996552882591249
0.8688353312833986, 0.2996552882591249
0.8688353312833986, 0.2996552882591249
0.8688353312833986, 0.2996552882591249
0.8688353312833986, 0.2996552882591249
0.8688353312833986, 0.2996552882591249
0.2189512148239483, 0.654724521103403
0.2189512148239483, 0.654724521103403
0.2189512148239483, 0.654724521103403
0.2189512148239483, 0.654724521103403
0.2189512148239483, 0.654724521103403
0.2189512148239483, 0.654724521103403
0.2189512148239483, 0.654724521103403
0.2189512148239483, 0.654724521103403
0.2189512148239483, 0.654724521103403
0.2189512148239483, 0.654724521103403
0.7907631668759187, 0.19616305200937034
0.7907631668759187, 0.19616305200937034
0.7907631668759187, 0.19616305200937034
0.7907631668759187, 0.19616305200937034
0.7907631668759187, 0.19616305200937034
0.7907631668759187, 0.19616305200937034
0.7907631668759187, 0.19616305200937034
0.7907631668759187, 0.19616305200937034
0.7907631668759187, 0.19616305200937034
0.7907631668759187, 0.19616305200937034
