1e-05
0.944961659457242, 0.8110873602977628
0.944961659457242, 0.8110873602977628
0.944961659457242, 0.8110873602977628
0.944961659457242, 0.8110873602977628
0.944961659457242, 0.8110873602977628
0.944961659457242, 0.8110873602977628
0.944961659457242, 0.8110873602977628
0.944961659457242, 0.8110873602977628
0.944961659457242, 0.8110873602977628
0.944961659457242, 0.8110873602977628
0.10850450884917884, 0.6466528451221552
0.10850450884917884, 0.6466528451221552
0.10850450884917884, 0.6466528451221552
0.10850450884917884, 0.6466528451221552
0.10850450884917884, 0.6466528451221552
0.10850450884917884, 0.6466528451221552
0.10850450884917884, 0.6466528451221552
0.10850450884917884, 0.6466528451221552
0.10850450884917884, 0.6466528451221552
0.10850450884917884, 0.6466528451221552
0.31135799829239963, 0.15846260817894764
0.31135799829239963, 0.15846260817894764
0.31135799829239963, 0.15846260817894764
0.31135799829239963, 0.15846260817894764
0.31135799829239963, 0.15846260817894764
0.31135799829239963, 0.15846260817894764
0.31135799829239963, 0.15846260817894764
0.31135799829239963, 0.15846260817894764
0.31135799829239963, 0.15846260817894764
0.31135799829239963, 0.15846260817894764
0.2442893364625236, 0.4703525395326127
0.2442893364625236, 0.4703525395326127
0.2442893364625236, 0.4703525395326127
0.2442893364625236, 0.4703525395326127
0.2442893364625236, 0.4703525395326127
0.2442893364625236, 0.4703525395326127
0.2442893364625236, 0.4703525395326127
0.2442893364625236, 0.4703525395326127
0.2442893364625236, 0.4703525395326127
0.2442893364625236, 0.4703525395326127
0.0912473448986999, 0.8702336590021813
0.0912473448986999, 0.8702336590021813
0.0912473448986999, 0.8702336590021813
0.0912473448986999, 0.8702336590021813
0.0912473448986999, 0.8702336590021813
0.0912473448986999, 0.8702336590021813
0.0912473448986999, 0.8702336590021813
0.0912473448986999, 0.8702336590021813
0.0912473448986999, 0.8702336590021813
0.0912473448986999, 0.8702336590021813
0.24667969288889202, 0.5311455891443189
0.24667969288889202, 0.5311455891443189
0.24667969288889202, 0.5311455891443189
0.24667969288889202, 0.5311455891443189
0.24667969288889202, 0.5311455891443189
0.24667969288889202, 0.5311455891443189
0.24667969288889202, 0.5311455891443189
0.24667969288889202, 0.5311455891443189
0.24667969288889202, 0.5311455891443189
0.24667969288889202, 0.5311455891443189
0.10764469375913777, 0.05896388189655244
0.10764469375913777, 0.05896388189655244
0.10764469375913777, 0.05896388189655244
0.10764469375913777, 0.05896388189655244
0.10764469375913777, 0.05896388189655244
0.10764469375913777, 0.05896388189655244
0.10764469375913777, 0.05896388189655244
0.10764469375913777, 0.05896388189655244
0.10764469375913777, 0.05896388189655244
0.10764469375913777, 0.05896388189655244
0.5873321317858929, 0.051350658879262934
0.5873321317858929, 0.051350658879262934
0.5873321317858929, 0.051350658879262934
0.5873321317858929, 0.051350658879262934
0.5873321317858929, 0.051350658879262934
0.5873321317858929, 0.051350658879262934
0.5873321317858929, 0.051350658879262934
0.5873321317858929, 0.051350658879262934
0.5873321317858929, 0.051350658879262934
0.5873321317858929, 0.051350658879262934
0.3212718008756701, 0.6727120236370288
0.3212718008756701, 0.6727120236370288
0.3212718008756701, 0.6727120236370288
0.3212718008756701, 0.6727120236370288
0.3212718008756701, 0.6727120236370288
0.3212718008756701, 0.6727120236370288
0.3212718008756701, 0.6727120236370288
0.3212718008756701, 0.6727120236370288
0.3212718008756701, 0.6727120236370288
0.3212718008756701, 0.6727120236370288
0.22749794962246794, 0.024170196138139755
0.22749794962246794, 0.024170196138139755
0.22749794962246794, 0.024170196138139755
0.22749794962246794, 0.024170196138139755
0.22749794962246794, 0.024170196138139755
0.22749794962246794, 0.024170196138139755
0.22749794962246794, 0.024170196138139755
0.22749794962246794, 0.024170196138139755
0.22749794962246794, 0.024170196138139755
0.22749794962246794, 0.024170196138139755
