0.1
0.4722435085035226, 0.32198232718238906
0.23339690444551164, 0.5487664109959317
0.6197302541595302, 0.4522574688846468
0.021579402930227976, 0.13364447177804661
0.10846414220192147, 0.365225596245232
0.20086677167942735, 0.4716248177214514
0.1450826980196911, 0.6405131058837964
0.19938491079716414, 0.4431912701854607
0.47513184830745303, 0.8999453922387822
0.7380509820246826, 0.0024822924246740152
0.6645780485678818, 0.0953154061736271
0.6385874576603924, 0.9119572089689358
0.33200226747144856, 0.6751709179887992
0.4251636171061659, 0.2567716138449435
0.21993713743612298, 0.09706873594563181
0.5383747406711175, 0.4666931154755466
0.0511397685007573, 0.6268123591677774
0.941222807961294, 0.7836639119566595
0.980590085499932, 0.6237282317524608
0.5861001583011711, 0.5351231681137625
0.6194936484413767, 0.8324013658141766
0.7968089885308334, 0.036323936833037584
0.5441879572610563, 0.49711541661747305
0.1783329825845057, 0.08582607435625722
0.7401124496088508, 0.14229853320631003
0.03813851450945849, 0.5298887694789234
0.1898501263569038, 0.9129774788762889
0.34215361542904155, 0.429067603888176
0.7698131641354078, 0.3223163211245613
0.4549271804229742, 0.06379349217579344
0.908812624512285, 0.4055735079577445
0.5616094908339019, 0.38138458780724116
0.9504212319066486, 0.46288072877998
0.6268838089445856, 0.40052449050159766
0.641919852933285, 0.7740182115700969
0.02094383011329659, 0.04405179461544728
0.699036445670447, 0.24311736873358725
0.23562877654565884, 0.6350748017731933
0.5480707535469871, 0.24440591265857503
0.3228285531589479, 0.14341367756007128
0.47666276795929796, 0.3504214693715868
0.7682438190326432, 0.2506598071856885
0.7199452716814483, 0.7778781757992193
0.9320562081183585, 0.1789750825088292
0.12587196834175063, 0.5046065633013399
0.9281599815886913, 0.8407996368427127
0.8845778216406723, 0.709406482670424
0.36353962386970906, 0.9359584283535516
0.4942425482213475, 0.8907681626145749
0.01650964848224301, 0.2836419100185579
0.10164481543583004, 0.0030148634985927014
0.06410260176970084, 0.8798064704983253
0.1863465826609484, 0.443252493406187
0.18096755271461773, 0.6363433789984335
0.17999079920591587, 0.04497541696173579
0.09795293631291646, 0.4016648768827963
0.13434312232277368, 0.6300103525143982
0.3267390036486414, 0.33374732506829996
0.9804352130856409, 0.8544099309050023
0.6759811922940459, 0.15403014075586285
0.040526163999888176, 0.03991231634228176
0.3405702597622883, 0.16507578080000462
0.9343072358036217, 0.5045274427206818
0.4838168593657842, 0.18675530384147498
0.6014974247490609, 0.25932276230944984
0.7055122732733495, 0.1238674233893603
0.6194630371449662, 0.4849376152824295
0.5406006222428825, 0.3784714942574514
0.4926088632301425, 0.8910971081296013
0.5521590216714826, 0.4806987003654408
0.3621276635751811, 0.23798780210572956
0.9377191189573337, 0.5788162442683048
0.9425433557413474, 0.7619771031935707
0.8376983193550829, 0.6859912179585962
0.6878091010367869, 0.34852533200816893
0.5545209445357872, 0.05606973128345749
0.2543199991669616, 0.7534083852273963
0.9543530226383691, 0.44901981512507483
0.5954824767828224, 0.12454828369646676
0.47239321707087334, 0.44253512299676956
0.6049934997149807, 0.3992353869658327
0.5692408681258868, 0.044860230055243866
