1e-05
0.8884510489081288, 0.7056102819996886
0.8884510489081288, 0.7056102819996886
0.8884510489081288, 0.7056102819996886
0.8884510489081288, 0.7056102819996886
0.8884510489081288, 0.7056102819996886
0.8884510489081288, 0.7056102819996886
0.8884510489081288, 0.7056102819996886
0.8884510489081288, 0.7056102819996886
0.8884510489081288, 0.7056102819996886
0.8884510489081288, 0.7056102819996886
0.2828053589771422, 0.08530032630037077
0.2828053589771422, 0.08530032630037077
0.2828053589771422, 0.08530032630037077
0.2828053589771422, 0.08530032630037077
0.2828053589771422, 0.08530032630037077
0.2828053589771422, 0.08530032630037077
0.2828053589771422, 0.08530032630037077
0.2828053589771422, 0.08530032630037077
0.2828053589771422, 0.08530032630037077
0.2828053589771422, 0.08530032630037077
0.48095239724902106, 0.9268954386499164
0.48095239724902106, 0.9268954386499164
0.48095239724902106, 0.9268954386499164
0.48095239724902106, 0.9268954386499164
0.48095239724902106, 0.9268954386499164
0.48095239724902106, 0.9268954386499164
0.48095239724902106, 0.9268954386499164
0.48095239724902106, 0.9268954386499164
0.48095239724902106, 0.9268954386499164
0.48095239724902106, 0.9268954386499164
0.11987510511377253, 0.7784459744929005
0.11987510511377253, 0.7784459744929005
0.11987510511377253, 0.7784459744929005
0.11987510511377253, 0.7784459744929005
0.11987510511377253, 0.7784459744929005
0.11987510511377253, 0.7784459744929005
0.11987510511377253, 0.7784459744929005
0.11987510511377253, 0.7784459744929005
0.11987510511377253, 0.7784459744929005
0.11987510511377253, 0.7784459744929005
0.026094742530308634, 0.6903878394555943
0.026094742530308634, 0.6903878394555943
0.026094742530308634, 0.6903878394555943
0.026094742530308634, 0.6903878394555943
0.026094742530308634, 0.6903878394555943
0.026094742530308634, 0.6903878394555943
0.026094742530308634, 0.6903878394555943
0.026094742530308634, 0.6903878394555943
0.026094742530308634, 0.6903878394555943
0.026094742530308634, 0.6903878394555943
0.6495650459384286, 0.03714420217024694
0.6495650459384286, 0.03714420217024694
0.6495650459384286, 0.03714420217024694
0.6495650459384286, 0.03714420217024694
0.6495650459384286, 0.03714420217024694
0.6495650459384286, 0.03714420217024694
0.6495650459384286, 0.03714420217024694
0.6495650459384286, 0.03714420217024694
0.6495650459384286, 0.03714420217024694
0.6495650459384286, 0.03714420217024694
0.5976200001298752, 0.2742779368733347
0.5976200001298752, 0.2742779368733347
0.5976200001298752, 0.2742779368733347
0.5976200001298752, 0.2742779368733347
0.5976200001298752, 0.2742779368733347
0.5976200001298752, 0.2742779368733347
0.5976200001298752, 0.2742779368733347
0.5976200001298752, 0.2742779368733347
0.5976200001298752, 0.2742779368733347
0.5976200001298752, 0.2742779368733347
0.7257328915197199, 0.938648065883705
0.7257328915197199, 0.938648065883705
0.7257328915197199, 0.938648065883705
0.7257328915197199, 0.938648065883705
0.7257328915197199, 0.938648065883705
0.7257328915197199, 0.938648065883705
0.7257328915197199, 0.938648065883705
0.7257328915197199, 0.938648065883705
0.7257328915197199, 0.938648065883705
0.7257328915197199, 0.938648065883705
0.9200218194930716, 0.12988124016283464
0.9200218194930716, 0.12988124016283464
0.9200218194930716, 0.12988124016283464
0.9200218194930716, 0.12988124016283464
0.9200218194930716, 0.12988124016283464
0.9200218194930716, 0.12988124016283464
0.9200218194930716, 0.12988124016283464
0.9200218194930716, 0.12988124016283464
0.9200218194930716, 0.12988124016283464
0.9200218194930716, 0.12988124016283464
0.2562119355563145, 0.007266800965270326
0.2562119355563145, 0.007266800965270326
0.2562119355563145, 0.007266800965270326
0.2562119355563145, 0.007266800965270326
0.2562119355563145, 0.007266800965270326
0.2562119355563145, 0.007266800965270326
0.2562119355563145, 0.007266800965270326
0.2562119355563145, 0.007266800965270326
0.2562119355563145, 0.007266800965270326
0.2562119355563145, 0.007266800965270326
