1e-05
0.17982512957215424, 0.3859421299196969
0.17982512957215424, 0.3859421299196969
0.17982512957215424, 0.3859421299196969
0.17982512957215424, 0.3859421299196969
0.17982512957215424, 0.3859421299196969
0.17982512957215424, 0.3859421299196969
0.17982512957215424, 0.3859421299196969
0.17982512957215424, 0.3859421299196969
0.17982512957215424, 0.3859421299196969
0.17982512957215424, 0.3859421299196969
0.6149174849931023, 0.14921597143537135
0.6149174849931023, 0.14921597143537135
0.6149174849931023, 0.14921597143537135
0.6149174849931023, 0.14921597143537135
0.6149174849931023, 0.14921597143537135
0.6149174849931023, 0.14921597143537135
0.6149174849931023, 0.14921597143537135
0.6149174849931023, 0.14921597143537135
0.6149174849931023, 0.14921597143537135
0.6149174849931023, 0.14921597143537135
0.7958500767768989, 0.753059485417789
0.7958500767768989, 0.753059485417789
0.7958500767768989, 0.753059485417789
0.7958500767768989, 0.753059485417789
0.7958500767768989, 0.753059485417789
0.7958500767768989, 0.753059485417789
0.7958500767768989, 0.753059485417789
0.7958500767768989, 0.753059485417789
0.7958500767768989, 0.753059485417789
0.7958500767768989, 0.753059485417789
0.5897466611747362, 0.112890758100049
0.5897466611747362, 0.112890758100049
0.5897466611747362, 0.112890758100049
0.5897466611747362, 0.112890758100049
0.5897466611747362, 0.112890758100049
0.5897466611747362, 0.112890758100049
0.5897466611747362, 0.112890758100049
0.5897466611747362, 0.112890758100049
0.5897466611747362, 0.112890758100049
0.5897466611747362, 0.112890758100049
0.23695715984985488, 0.6270184232171985
0.23695715984985488, 0.6270184232171985
0.23695715984985488, 0.6270184232171985
0.23695715984985488, 0.6270184232171985
0.23695715984985488, 0.6270184232171985
0.23695715984985488, 0.6270184232171985
0.23695715984985488, 0.6270184232171985
0.23695715984985488, 0.6270184232171985
0.23695715984985488, 0.6270184232171985
0.23695715984985488, 0.6270184232171985
0.4891540169387506, 0.1345629461839073
0.4891540169387506, 0.1345629461839073
0.4891540169387506, 0.1345629461839073
0.4891540169387506, 0.1345629461839073
0.4891540169387506, 0.1345629461839073
0.4891540169387506, 0.1345629461839073
0.4891540169387506, 0.1345629461839073
0.4891540169387506, 0.1345629461839073
0.4891540169387506, 0.1345629461839073
0.4891540169387506, 0.1345629461839073
0.845142221542473, 0.3219953120593019
0.845142221542473, 0.3219953120593019
0.845142221542473, 0.3219953120593019
0.845142221542473, 0.3219953120593019
0.845142221542473, 0.3219953120593019
0.845142221542473, 0.3219953120593019
0.845142221542473, 0.3219953120593019
0.845142221542473, 0.3219953120593019
0.845142221542473, 0.3219953120593019
0.845142221542473, 0.3219953120593019
0.8691111690368241, 0.9862321989270919
0.8691111690368241, 0.9862321989270919
0.8691111690368241, 0.9862321989270919
0.8691111690368241, 0.9862321989270919
0.8691111690368241, 0.9862321989270919
0.8691111690368241, 0.9862321989270919
0.8691111690368241, 0.9862321989270919
0.8691111690368241, 0.9862321989270919
0.8691111690368241, 0.9862321989270919
0.8691111690368241, 0.9862321989270919
0.37872165349925235, 0.38534344918718977
0.37872165349925235, 0.38534344918718977
0.37872165349925235, 0.38534344918718977
0.37872165349925235, 0.38534344918718977
0.37872165349925235, 0.38534344918718977
0.37872165349925235, 0.38534344918718977
0.37872165349925235, 0.38534344918718977
0.37872165349925235, 0.38534344918718977
0.37872165349925235, 0.38534344918718977
0.37872165349925235, 0.38534344918718977
0.9001174421025822, 0.16685907458707616
0.9001174421025822, 0.16685907458707616
0.9001174421025822, 0.16685907458707616
0.9001174421025822, 0.16685907458707616
0.9001174421025822, 0.16685907458707616
0.9001174421025822, 0.16685907458707616
0.9001174421025822, 0.16685907458707616
0.9001174421025822, 0.16685907458707616
0.9001174421025822, 0.16685907458707616
0.9001174421025822, 0.16685907458707616
