1e-05
0.23945141085616528, 0.6707033246670796
0.23945141085616528, 0.6707033246670796
0.23945141085616528, 0.6707033246670796
0.23945141085616528, 0.6707033246670796
0.23945141085616528, 0.6707033246670796
0.23945141085616528, 0.6707033246670796
0.23945141085616528, 0.6707033246670796
0.23945141085616528, 0.6707033246670796
0.23945141085616528, 0.6707033246670796
0.23945141085616528, 0.6707033246670796
0.630207119590318, 0.877496777213108
0.630207119590318, 0.877496777213108
0.630207119590318, 0.877496777213108
0.630207119590318, 0.877496777213108
0.630207119590318, 0.877496777213108
0.630207119590318, 0.877496777213108
0.630207119590318, 0.877496777213108
0.630207119590318, 0.877496777213108
0.630207119590318, 0.877496777213108
0.630207119590318, 0.877496777213108
0.002109525766256448, 0.3026463087163177
0.002109525766256448, 0.3026463087163177
0.002109525766256448, 0.3026463087163177
0.002109525766256448, 0.3026463087163177
0.002109525766256448, 0.3026463087163177
0.002109525766256448, 0.3026463087163177
0.002109525766256448, 0.3026463087163177
0.002109525766256448, 0.3026463087163177
0.002109525766256448, 0.3026463087163177
0.002109525766256448, 0.3026463087163177
0.1742963530144206, 0.7327046950120248
0.1742963530144206, 0.7327046950120248
0.1742963530144206, 0.7327046950120248
0.1742963530144206, 0.7327046950120248
0.1742963530144206, 0.7327046950120248
0.1742963530144206, 0.7327046950120248
0.1742963530144206, 0.7327046950120248
0.1742963530144206, 0.7327046950120248
0.1742963530144206, 0.7327046950120248
0.1742963530144206, 0.7327046950120248
0.7396427300611469, 0.7526236838457196
0.7396427300611469, 0.7526236838457196
0.7396427300611469, 0.7526236838457196
0.7396427300611469, 0.7526236838457196
0.7396427300611469, 0.7526236838457196
0.7396427300611469, 0.7526236838457196
0.7396427300611469, 0.7526236838457196
0.7396427300611469, 0.7526236838457196
0.7396427300611469, 0.7526236838457196
0.7396427300611469, 0.7526236838457196
0.6064962768845502, 0.6763155388728223
0.6064962768845502, 0.6763155388728223
0.6064962768845502, 0.6763155388728223
0.6064962768845502, 0.6763155388728223
0.6064962768845502, 0.6763155388728223
0.6064962768845502, 0.6763155388728223
0.6064962768845502, 0.6763155388728223
0.6064962768845502, 0.6763155388728223
0.6064962768845502, 0.6763155388728223
0.6064962768845502, 0.6763155388728223
0.9307841803862242, 0.9909614884168912
0.9307841803862242, 0.9909614884168912
0.9307841803862242, 0.9909614884168912
0.9307841803862242, 0.9909614884168912
0.9307841803862242, 0.9909614884168912
0.9307841803862242, 0.9909614884168912
0.9307841803862242, 0.9909614884168912
0.9307841803862242, 0.9909614884168912
0.9307841803862242, 0.9909614884168912
0.9307841803862242, 0.9909614884168912
0.973139274711122, 0.4293363542680029
0.973139274711122, 0.4293363542680029
0.973139274711122, 0.4293363542680029
0.973139274711122, 0.4293363542680029
0.973139274711122, 0.4293363542680029
0.973139274711122, 0.4293363542680029
0.973139274711122, 0.4293363542680029
0.973139274711122, 0.4293363542680029
0.973139274711122, 0.4293363542680029
0.973139274711122, 0.4293363542680029
0.6090006547129868, 0.35167291453399774
0.6090006547129868, 0.35167291453399774
0.6090006547129868, 0.35167291453399774
0.6090006547129868, 0.35167291453399774
0.6090006547129868, 0.35167291453399774
0.6090006547129868, 0.35167291453399774
0.6090006547129868, 0.35167291453399774
0.6090006547129868, 0.35167291453399774
0.6090006547129868, 0.35167291453399774
0.6090006547129868, 0.35167291453399774
0.10873579919212395, 0.9423433274365443
0.10873579919212395, 0.9423433274365443
0.10873579919212395, 0.9423433274365443
0.10873579919212395, 0.9423433274365443
0.10873579919212395, 0.9423433274365443
0.10873579919212395, 0.9423433274365443
0.10873579919212395, 0.9423433274365443
0.10873579919212395, 0.9423433274365443
0.10873579919212395, 0.9423433274365443
0.10873579919212395, 0.9423433274365443
