1e-05
0.46436062343010653, 0.8196077945017302
0.46436062343010653, 0.8196077945017302
0.46436062343010653, 0.8196077945017302
0.46436062343010653, 0.8196077945017302
0.46436062343010653, 0.8196077945017302
0.46436062343010653, 0.8196077945017302
0.46436062343010653, 0.8196077945017302
0.46436062343010653, 0.8196077945017302
0.46436062343010653, 0.8196077945017302
0.46436062343010653, 0.8196077945017302
0.6454709006785743, 0.8097370686722791
0.6454709006785743, 0.8097370686722791
0.6454709006785743, 0.8097370686722791
0.6454709006785743, 0.8097370686722791
0.6454709006785743, 0.8097370686722791
0.6454709006785743, 0.8097370686722791
0.6454709006785743, 0.8097370686722791
0.6454709006785743, 0.8097370686722791
0.6454709006785743, 0.8097370686722791
0.6454709006785743, 0.8097370686722791
0.4160633464652973, 0.22441480710298578
0.4160633464652973, 0.22441480710298578
0.4160633464652973, 0.22441480710298578
0.4160633464652973, 0.22441480710298578
0.4160633464652973, 0.22441480710298578
0.4160633464652973, 0.22441480710298578
0.4160633464652973, 0.22441480710298578
0.4160633464652973, 0.22441480710298578
0.4160633464652973, 0.22441480710298578
0.4160633464652973, 0.22441480710298578
0.8340808851950567, 0.35873129569468243
0.8340808851950567, 0.35873129569468243
0.8340808851950567, 0.35873129569468243
0.8340808851950567, 0.35873129569468243
0.8340808851950567, 0.35873129569468243
0.8340808851950567, 0.35873129569468243
0.8340808851950567, 0.35873129569468243
0.8340808851950567, 0.35873129569468243
0.8340808851950567, 0.35873129569468243
0.8340808851950567, 0.35873129569468243
0.25690110611735895, 0.8420883915327922
0.25690110611735895, 0.8420883915327922
0.25690110611735895, 0.8420883915327922
0.25690110611735895, 0.8420883915327922
0.25690110611735895, 0.8420883915327922
0.25690110611735895, 0.8420883915327922
0.25690110611735895, 0.8420883915327922
0.25690110611735895, 0.8420883915327922
0.25690110611735895, 0.8420883915327922
0.25690110611735895, 0.8420883915327922
0.9879245395853578, 0.5164344444340141
0.9879245395853578, 0.5164344444340141
0.9879245395853578, 0.5164344444340141
0.9879245395853578, 0.5164344444340141
0.9879245395853578, 0.5164344444340141
0.9879245395853578, 0.5164344444340141
0.9879245395853578, 0.5164344444340141
0.9879245395853578, 0.5164344444340141
0.9879245395853578, 0.5164344444340141
0.9879245395853578, 0.5164344444340141
0.42383278030813354, 0.9105199168916083
0.42383278030813354, 0.9105199168916083
0.42383278030813354, 0.9105199168916083
0.42383278030813354, 0.9105199168916083
0.42383278030813354, 0.9105199168916083
0.42383278030813354, 0.9105199168916083
0.42383278030813354, 0.9105199168916083
0.42383278030813354, 0.9105199168916083
0.42383278030813354, 0.9105199168916083
0.42383278030813354, 0.9105199168916083
0.5417702868579918, 0.6613931230313153
0.5417702868579918, 0.6613931230313153
0.5417702868579918, 0.6613931230313153
0.5417702868579918, 0.6613931230313153
0.5417702868579918, 0.6613931230313153
0.5417702868579918, 0.6613931230313153
0.5417702868579918, 0.6613931230313153
0.5417702868579918, 0.6613931230313153
0.5417702868579918, 0.6613931230313153
0.5417702868579918, 0.6613931230313153
0.019293812793292564, 0.8686480023325757
0.019293812793292564, 0.8686480023325757
0.019293812793292564, 0.8686480023325757
0.019293812793292564, 0.8686480023325757
0.019293812793292564, 0.8686480023325757
0.019293812793292564, 0.8686480023325757
0.019293812793292564, 0.8686480023325757
0.019293812793292564, 0.8686480023325757
0.019293812793292564, 0.8686480023325757
0.019293812793292564, 0.8686480023325757
0.11554621798062181, 0.8895050450357571
0.11554621798062181, 0.8895050450357571
0.11554621798062181, 0.8895050450357571
0.11554621798062181, 0.8895050450357571
0.11554621798062181, 0.8895050450357571
0.11554621798062181, 0.8895050450357571
0.11554621798062181, 0.8895050450357571
0.11554621798062181, 0.8895050450357571
0.11554621798062181, 0.8895050450357571
0.11554621798062181, 0.8895050450357571
