1e-05
0.09884615345901471, 0.5442015165829436
0.09884615345901471, 0.5442015165829436
0.09884615345901471, 0.5442015165829436
0.09884615345901471, 0.5442015165829436
0.09884615345901471, 0.5442015165829436
0.09884615345901471, 0.5442015165829436
0.09884615345901471, 0.5442015165829436
0.09884615345901471, 0.5442015165829436
0.09884615345901471, 0.5442015165829436
0.09884615345901471, 0.5442015165829436
0.24053095923948253, 0.3659279494176566
0.24053095923948253, 0.3659279494176566
0.24053095923948253, 0.3659279494176566
0.24053095923948253, 0.3659279494176566
0.24053095923948253, 0.3659279494176566
0.24053095923948253, 0.3659279494176566
0.24053095923948253, 0.3659279494176566
0.24053095923948253, 0.3659279494176566
0.24053095923948253, 0.3659279494176566
0.24053095923948253, 0.3659279494176566
0.9946133893777096, 0.7159462717928596
0.9946133893777096, 0.7159462717928596
0.9946133893777096, 0.7159462717928596
0.9946133893777096, 0.7159462717928596
0.9946133893777096, 0.7159462717928596
0.9946133893777096, 0.7159462717928596
0.9946133893777096, 0.7159462717928596
0.9946133893777096, 0.7159462717928596
0.9946133893777096, 0.7159462717928596
0.9946133893777096, 0.7159462717928596
0.6640133467049454, 0.364133461723264
0.6640133467049454, 0.364133461723264
0.6640133467049454, 0.364133461723264
0.6640133467049454, 0.364133461723264
0.6640133467049454, 0.364133461723264
0.6640133467049454, 0.364133461723264
0.6640133467049454, 0.364133461723264
0.6640133467049454, 0.364133461723264
0.6640133467049454, 0.364133461723264
0.6640133467049454, 0.364133461723264
0.1620647583186322, 0.41993835454852424
0.1620647583186322, 0.41993835454852424
0.1620647583186322, 0.41993835454852424
0.1620647583186322, 0.41993835454852424
0.1620647583186322, 0.41993835454852424
0.1620647583186322, 0.41993835454852424
0.1620647583186322, 0.41993835454852424
0.1620647583186322, 0.41993835454852424
0.1620647583186322, 0.41993835454852424
0.1620647583186322, 0.41993835454852424
0.31069991962446863, 0.9046155360403578
0.31069991962446863, 0.9046155360403578
0.31069991962446863, 0.9046155360403578
0.31069991962446863, 0.9046155360403578
0.31069991962446863, 0.9046155360403578
0.31069991962446863, 0.9046155360403578
0.31069991962446863, 0.9046155360403578
0.31069991962446863, 0.9046155360403578
0.31069991962446863, 0.9046155360403578
0.31069991962446863, 0.9046155360403578
0.828501090695498, 0.6155400558038248
0.828501090695498, 0.6155400558038248
0.828501090695498, 0.6155400558038248
0.828501090695498, 0.6155400558038248
0.828501090695498, 0.6155400558038248
0.828501090695498, 0.6155400558038248
0.828501090695498, 0.6155400558038248
0.828501090695498, 0.6155400558038248
0.828501090695498, 0.6155400558038248
0.828501090695498, 0.6155400558038248
0.02185046847732941, 0.9074285378499237
0.02185046847732941, 0.9074285378499237
0.02185046847732941, 0.9074285378499237
0.02185046847732941, 0.9074285378499237
0.02185046847732941, 0.9074285378499237
0.02185046847732941, 0.9074285378499237
0.02185046847732941, 0.9074285378499237
0.02185046847732941, 0.9074285378499237
0.02185046847732941, 0.9074285378499237
0.02185046847732941, 0.9074285378499237
0.47793958435140993, 0.8429717496876296
0.47793958435140993, 0.8429717496876296
0.47793958435140993, 0.8429717496876296
0.47793958435140993, 0.8429717496876296
0.47793958435140993, 0.8429717496876296
0.47793958435140993, 0.8429717496876296
0.47793958435140993, 0.8429717496876296
0.47793958435140993, 0.8429717496876296
0.47793958435140993, 0.8429717496876296
0.47793958435140993, 0.8429717496876296
0.5684588327175583, 0.19711765713337037
0.5684588327175583, 0.19711765713337037
0.5684588327175583, 0.19711765713337037
0.5684588327175583, 0.19711765713337037
0.5684588327175583, 0.19711765713337037
0.5684588327175583, 0.19711765713337037
0.5684588327175583, 0.19711765713337037
0.5684588327175583, 0.19711765713337037
0.5684588327175583, 0.19711765713337037
0.5684588327175583, 0.19711765713337037
