1e-05
0.5010005901465334, 0.6546205542820787
0.5010005901465334, 0.6546205542820787
0.5010005901465334, 0.6546205542820787
0.5010005901465334, 0.6546205542820787
0.5010005901465334, 0.6546205542820787
0.5010005901465334, 0.6546205542820787
0.5010005901465334, 0.6546205542820787
0.5010005901465334, 0.6546205542820787
0.5010005901465334, 0.6546205542820787
0.5010005901465334, 0.6546205542820787
0.4085234114083427, 0.3220775669040561
0.4085234114083427, 0.3220775669040561
0.4085234114083427, 0.3220775669040561
0.4085234114083427, 0.3220775669040561
0.4085234114083427, 0.3220775669040561
0.4085234114083427, 0.3220775669040561
0.4085234114083427, 0.3220775669040561
0.4085234114083427, 0.3220775669040561
0.4085234114083427, 0.3220775669040561
0.4085234114083427, 0.3220775669040561
0.2524946300730442, 0.9466327579771502
0.2524946300730442, 0.9466327579771502
0.2524946300730442, 0.9466327579771502
0.2524946300730442, 0.9466327579771502
0.2524946300730442, 0.9466327579771502
0.2524946300730442, 0.9466327579771502
0.2524946300730442, 0.9466327579771502
0.2524946300730442, 0.9466327579771502
0.2524946300730442, 0.9466327579771502
0.2524946300730442, 0.9466327579771502
0.8539982462918515, 0.1783908357691666
0.8539982462918515, 0.1783908357691666
0.8539982462918515, 0.1783908357691666
0.8539982462918515, 0.1783908357691666
0.8539982462918515, 0.1783908357691666
0.8539982462918515, 0.1783908357691666
0.8539982462918515, 0.1783908357691666
0.8539982462918515, 0.1783908357691666
0.8539982462918515, 0.1783908357691666
0.8539982462918515, 0.1783908357691666
0.2821663080911072, 0.1803521844812166
0.2821663080911072, 0.1803521844812166
0.2821663080911072, 0.1803521844812166
0.2821663080911072, 0.1803521844812166
0.2821663080911072, 0.1803521844812166
0.2821663080911072, 0.1803521844812166
0.2821663080911072, 0.1803521844812166
0.2821663080911072, 0.1803521844812166
0.2821663080911072, 0.1803521844812166
0.2821663080911072, 0.1803521844812166
0.3664706770913023, 0.9388893228084141
0.3664706770913023, 0.9388893228084141
0.3664706770913023, 0.9388893228084141
0.3664706770913023, 0.9388893228084141
0.3664706770913023, 0.9388893228084141
0.3664706770913023, 0.9388893228084141
0.3664706770913023, 0.9388893228084141
0.3664706770913023, 0.9388893228084141
0.3664706770913023, 0.9388893228084141
0.3664706770913023, 0.9388893228084141
0.7755058595929574, 0.2380665841067301
0.7755058595929574, 0.2380665841067301
0.7755058595929574, 0.2380665841067301
0.7755058595929574, 0.2380665841067301
0.7755058595929574, 0.2380665841067301
0.7755058595929574, 0.2380665841067301
0.7755058595929574, 0.2380665841067301
0.7755058595929574, 0.2380665841067301
0.7755058595929574, 0.2380665841067301
0.7755058595929574, 0.2380665841067301
0.3724008869259121, 0.20003517975089335
0.3724008869259121, 0.20003517975089335
0.3724008869259121, 0.20003517975089335
0.3724008869259121, 0.20003517975089335
0.3724008869259121, 0.20003517975089335
0.3724008869259121, 0.20003517975089335
0.3724008869259121, 0.20003517975089335
0.3724008869259121, 0.20003517975089335
0.3724008869259121, 0.20003517975089335
0.3724008869259121, 0.20003517975089335
0.5131970217083176, 0.5190794729149741
0.5131970217083176, 0.5190794729149741
0.5131970217083176, 0.5190794729149741
0.5131970217083176, 0.5190794729149741
0.5131970217083176, 0.5190794729149741
0.5131970217083176, 0.5190794729149741
0.5131970217083176, 0.5190794729149741
0.5131970217083176, 0.5190794729149741
0.5131970217083176, 0.5190794729149741
0.5131970217083176, 0.5190794729149741
0.27670970420384766, 0.2280858914467082
0.27670970420384766, 0.2280858914467082
0.27670970420384766, 0.2280858914467082
0.27670970420384766, 0.2280858914467082
0.27670970420384766, 0.2280858914467082
0.27670970420384766, 0.2280858914467082
0.27670970420384766, 0.2280858914467082
0.27670970420384766, 0.2280858914467082
0.27670970420384766, 0.2280858914467082
0.27670970420384766, 0.2280858914467082
