1e-05
0.38136068252607, 0.803037974074743
0.38136068252607, 0.803037974074743
0.38136068252607, 0.803037974074743
0.38136068252607, 0.803037974074743
0.38136068252607, 0.803037974074743
0.38136068252607, 0.803037974074743
0.38136068252607, 0.803037974074743
0.38136068252607, 0.803037974074743
0.38136068252607, 0.803037974074743
0.38136068252607, 0.803037974074743
0.98003603532763, 0.932938736344813
0.98003603532763, 0.932938736344813
0.98003603532763, 0.932938736344813
0.98003603532763, 0.932938736344813
0.98003603532763, 0.932938736344813
0.98003603532763, 0.932938736344813
0.98003603532763, 0.932938736344813
0.98003603532763, 0.932938736344813
0.98003603532763, 0.932938736344813
0.98003603532763, 0.932938736344813
0.9583910280911556, 0.6066079538033184
0.9583910280911556, 0.6066079538033184
0.9583910280911556, 0.6066079538033184
0.9583910280911556, 0.6066079538033184
0.9583910280911556, 0.6066079538033184
0.9583910280911556, 0.6066079538033184
0.9583910280911556, 0.6066079538033184
0.9583910280911556, 0.6066079538033184
0.9583910280911556, 0.6066079538033184
0.9583910280911556, 0.6066079538033184
0.16298511229502732, 0.16088267362526465
0.16298511229502732, 0.16088267362526465
0.16298511229502732, 0.16088267362526465
0.16298511229502732, 0.16088267362526465
0.16298511229502732, 0.16088267362526465
0.16298511229502732, 0.16088267362526465
0.16298511229502732, 0.16088267362526465
0.16298511229502732, 0.16088267362526465
0.16298511229502732, 0.16088267362526465
0.16298511229502732, 0.16088267362526465
0.44983833724797384, 0.7483788264282243
0.44983833724797384, 0.7483788264282243
0.44983833724797384, 0.7483788264282243
0.44983833724797384, 0.7483788264282243
0.44983833724797384, 0.7483788264282243
0.44983833724797384, 0.7483788264282243
0.44983833724797384, 0.7483788264282243
0.44983833724797384, 0.7483788264282243
0.44983833724797384, 0.7483788264282243
0.44983833724797384, 0.7483788264282243
0.14325456169989503, 0.7939476449778514
0.14325456169989503, 0.7939476449778514
0.14325456169989503, 0.7939476449778514
0.14325456169989503, 0.7939476449778514
0.14325456169989503, 0.7939476449778514
0.14325456169989503, 0.7939476449778514
0.14325456169989503, 0.7939476449778514
0.14325456169989503, 0.7939476449778514
0.14325456169989503, 0.7939476449778514
0.14325456169989503, 0.7939476449778514
0.40276622935021567, 0.5526610565388859
0.40276622935021567, 0.5526610565388859
0.40276622935021567, 0.5526610565388859
0.40276622935021567, 0.5526610565388859
0.40276622935021567, 0.5526610565388859
0.40276622935021567, 0.5526610565388859
0.40276622935021567, 0.5526610565388859
0.40276622935021567, 0.5526610565388859
0.40276622935021567, 0.5526610565388859
0.40276622935021567, 0.5526610565388859
0.6958448606425474, 0.7610741925556965
0.6958448606425474, 0.7610741925556965
0.6958448606425474, 0.7610741925556965
0.6958448606425474, 0.7610741925556965
0.6958448606425474, 0.7610741925556965
0.6958448606425474, 0.7610741925556965
0.6958448606425474, 0.7610741925556965
0.6958448606425474, 0.7610741925556965
0.6958448606425474, 0.7610741925556965
0.6958448606425474, 0.7610741925556965
0.13917239405301984, 0.9052894417695438
0.13917239405301984, 0.9052894417695438
0.13917239405301984, 0.9052894417695438
0.13917239405301984, 0.9052894417695438
0.13917239405301984, 0.9052894417695438
0.13917239405301984, 0.9052894417695438
0.13917239405301984, 0.9052894417695438
0.13917239405301984, 0.9052894417695438
0.13917239405301984, 0.9052894417695438
0.13917239405301984, 0.9052894417695438
0.6240056758920475, 0.27995781270775444
0.6240056758920475, 0.27995781270775444
0.6240056758920475, 0.27995781270775444
0.6240056758920475, 0.27995781270775444
0.6240056758920475, 0.27995781270775444
0.6240056758920475, 0.27995781270775444
0.6240056758920475, 0.27995781270775444
0.6240056758920475, 0.27995781270775444
0.6240056758920475, 0.27995781270775444
0.6240056758920475, 0.27995781270775444
