1e-05
0.7922832516417055, 0.37801397764180433
0.7922832516417055, 0.37801397764180433
0.7922832516417055, 0.37801397764180433
0.7922832516417055, 0.37801397764180433
0.7922832516417055, 0.37801397764180433
0.7922832516417055, 0.37801397764180433
0.7922832516417055, 0.37801397764180433
0.7922832516417055, 0.37801397764180433
0.7922832516417055, 0.37801397764180433
0.7922832516417055, 0.37801397764180433
0.11503349735254809, 0.9981575475185009
0.11503349735254809, 0.9981575475185009
0.11503349735254809, 0.9981575475185009
0.11503349735254809, 0.9981575475185009
0.11503349735254809, 0.9981575475185009
0.11503349735254809, 0.9981575475185009
0.11503349735254809, 0.9981575475185009
0.11503349735254809, 0.9981575475185009
0.11503349735254809, 0.9981575475185009
0.11503349735254809, 0.9981575475185009
0.9984170085200794, 0.8800193804245571
0.9984170085200794, 0.8800193804245571
0.9984170085200794, 0.8800193804245571
0.9984170085200794, 0.8800193804245571
0.9984170085200794, 0.8800193804245571
0.9984170085200794, 0.8800193804245571
0.9984170085200794, 0.8800193804245571
0.9984170085200794, 0.8800193804245571
0.9984170085200794, 0.8800193804245571
0.9984170085200794, 0.8800193804245571
0.06623539055181482, 0.20066221909676896
0.06623539055181482, 0.20066221909676896
0.06623539055181482, 0.20066221909676896
0.06623539055181482, 0.20066221909676896
0.06623539055181482, 0.20066221909676896
0.06623539055181482, 0.20066221909676896
0.06623539055181482, 0.20066221909676896
0.06623539055181482, 0.20066221909676896
0.06623539055181482, 0.20066221909676896
0.06623539055181482, 0.20066221909676896
0.35683003293258153, 0.5900450570854445
0.35683003293258153, 0.5900450570854445
0.35683003293258153, 0.5900450570854445
0.35683003293258153, 0.5900450570854445
0.35683003293258153, 0.5900450570854445
0.35683003293258153, 0.5900450570854445
0.35683003293258153, 0.5900450570854445
0.35683003293258153, 0.5900450570854445
0.35683003293258153, 0.5900450570854445
0.35683003293258153, 0.5900450570854445
0.3634312656899771, 0.3851028955933028
0.3634312656899771, 0.3851028955933028
0.3634312656899771, 0.3851028955933028
0.3634312656899771, 0.3851028955933028
0.3634312656899771, 0.3851028955933028
0.3634312656899771, 0.3851028955933028
0.3634312656899771, 0.3851028955933028
0.3634312656899771, 0.3851028955933028
0.3634312656899771, 0.3851028955933028
0.3634312656899771, 0.3851028955933028
0.5791031714516586, 0.005922347937441286
0.5791031714516586, 0.005922347937441286
0.5791031714516586, 0.005922347937441286
0.5791031714516586, 0.005922347937441286
0.5791031714516586, 0.005922347937441286
0.5791031714516586, 0.005922347937441286
0.5791031714516586, 0.005922347937441286
0.5791031714516586, 0.005922347937441286
0.5791031714516586, 0.005922347937441286
0.5791031714516586, 0.005922347937441286
0.31766264792410326, 0.09582115035240857
0.31766264792410326, 0.09582115035240857
0.31766264792410326, 0.09582115035240857
0.31766264792410326, 0.09582115035240857
0.31766264792410326, 0.09582115035240857
0.31766264792410326, 0.09582115035240857
0.31766264792410326, 0.09582115035240857
0.31766264792410326, 0.09582115035240857
0.31766264792410326, 0.09582115035240857
0.31766264792410326, 0.09582115035240857
0.5285613652392962, 0.2802148413565766
0.5285613652392962, 0.2802148413565766
0.5285613652392962, 0.2802148413565766
0.5285613652392962, 0.2802148413565766
0.5285613652392962, 0.2802148413565766
0.5285613652392962, 0.2802148413565766
0.5285613652392962, 0.2802148413565766
0.5285613652392962, 0.2802148413565766
0.5285613652392962, 0.2802148413565766
0.5285613652392962, 0.2802148413565766
0.1884264453314346, 0.6464650392645174
0.1884264453314346, 0.6464650392645174
0.1884264453314346, 0.6464650392645174
0.1884264453314346, 0.6464650392645174
0.1884264453314346, 0.6464650392645174
0.1884264453314346, 0.6464650392645174
0.1884264453314346, 0.6464650392645174
0.1884264453314346, 0.6464650392645174
0.1884264453314346, 0.6464650392645174
0.1884264453314346, 0.6464650392645174
