1e-05
0.16249858349723578, 0.45433076539535266
0.16249858349723578, 0.45433076539535266
0.16249858349723578, 0.45433076539535266
0.16249858349723578, 0.45433076539535266
0.16249858349723578, 0.45433076539535266
0.16249858349723578, 0.45433076539535266
0.16249858349723578, 0.45433076539535266
0.16249858349723578, 0.45433076539535266
0.16249858349723578, 0.45433076539535266
0.16249858349723578, 0.45433076539535266
0.7896850287784829, 0.1432765825482586
0.7896850287784829, 0.1432765825482586
0.7896850287784829, 0.1432765825482586
0.7896850287784829, 0.1432765825482586
0.7896850287784829, 0.1432765825482586
0.7896850287784829, 0.1432765825482586
0.7896850287784829, 0.1432765825482586
0.7896850287784829, 0.1432765825482586
0.7896850287784829, 0.1432765825482586
0.7896850287784829, 0.1432765825482586
0.49486080560506673, 0.9179949588734505
0.49486080560506673, 0.9179949588734505
0.49486080560506673, 0.9179949588734505
0.49486080560506673, 0.9179949588734505
0.49486080560506673, 0.9179949588734505
0.49486080560506673, 0.9179949588734505
0.49486080560506673, 0.9179949588734505
0.49486080560506673, 0.9179949588734505
0.49486080560506673, 0.9179949588734505
0.49486080560506673, 0.9179949588734505
0.9278658145920095, 0.2784863013626968
0.9278658145920095, 0.2784863013626968
0.9278658145920095, 0.2784863013626968
0.9278658145920095, 0.2784863013626968
0.9278658145920095, 0.2784863013626968
0.9278658145920095, 0.2784863013626968
0.9278658145920095, 0.2784863013626968
0.9278658145920095, 0.2784863013626968
0.9278658145920095, 0.2784863013626968
0.9278658145920095, 0.2784863013626968
0.8976114611285446, 0.7978777624975905
0.8976114611285446, 0.7978777624975905
0.8976114611285446, 0.7978777624975905
0.8976114611285446, 0.7978777624975905
0.8976114611285446, 0.7978777624975905
0.8976114611285446, 0.7978777624975905
0.8976114611285446, 0.7978777624975905
0.8976114611285446, 0.7978777624975905
0.8976114611285446, 0.7978777624975905
0.8976114611285446, 0.7978777624975905
0.14464326785269677, 0.016685628761470728
0.14464326785269677, 0.016685628761470728
0.14464326785269677, 0.016685628761470728
0.14464326785269677, 0.016685628761470728
0.14464326785269677, 0.016685628761470728
0.14464326785269677, 0.016685628761470728
0.14464326785269677, 0.016685628761470728
0.14464326785269677, 0.016685628761470728
0.14464326785269677, 0.016685628761470728
0.14464326785269677, 0.016685628761470728
0.7566375879993907, 0.9031903536460103
0.7566375879993907, 0.9031903536460103
0.7566375879993907, 0.9031903536460103
0.7566375879993907, 0.9031903536460103
0.7566375879993907, 0.9031903536460103
0.7566375879993907, 0.9031903536460103
0.7566375879993907, 0.9031903536460103
0.7566375879993907, 0.9031903536460103
0.7566375879993907, 0.9031903536460103
0.7566375879993907, 0.9031903536460103
0.9566456330655393, 0.4583655790525981
0.9566456330655393, 0.4583655790525981
0.9566456330655393, 0.4583655790525981
0.9566456330655393, 0.4583655790525981
0.9566456330655393, 0.4583655790525981
0.9566456330655393, 0.4583655790525981
0.9566456330655393, 0.4583655790525981
0.9566456330655393, 0.4583655790525981
0.9566456330655393, 0.4583655790525981
0.9566456330655393, 0.4583655790525981
0.2307451422814084, 0.27620732739576714
0.2307451422814084, 0.27620732739576714
0.2307451422814084, 0.27620732739576714
0.2307451422814084, 0.27620732739576714
0.2307451422814084, 0.27620732739576714
0.2307451422814084, 0.27620732739576714
0.2307451422814084, 0.27620732739576714
0.2307451422814084, 0.27620732739576714
0.2307451422814084, 0.27620732739576714
0.2307451422814084, 0.27620732739576714
0.9271880801181752, 0.7611114124654943
0.9271880801181752, 0.7611114124654943
0.9271880801181752, 0.7611114124654943
0.9271880801181752, 0.7611114124654943
0.9271880801181752, 0.7611114124654943
0.9271880801181752, 0.7611114124654943
0.9271880801181752, 0.7611114124654943
0.9271880801181752, 0.7611114124654943
0.9271880801181752, 0.7611114124654943
0.9271880801181752, 0.7611114124654943
