0.001
0.27009216378531464, 0.45253055448838664
0.41145564274558366, 0.4908340857191711
0.21821919178284455, 0.5421653648298702
0.14806244891787135, 0.24711095799975535
0.8750111455018323, 0.5403985545059683
0.14083087528724514, 0.5759624042027821
0.4026299606473709, 0.31788438371381944
0.1098172020852205, 0.9075648637830709
0.5671579063181753, 0.2578597547080419
0.29274427462270003, 0.8648209299586481
0.1796759085044578, 0.007769836428448085
0.8281012805991355, 0.7787152211665714
0.5665426391625085, 0.2509567279928231
0.9781196299921446, 0.11818445056089477
0.9979581338267024, 0.05873972673244032
0.8106230440270907, 0.7959317656024401
0.07465571258868386, 0.3450066513366298
