1e-05
0.2901120496388093, 0.9674066372999979
0.2901120496388093, 0.9674066372999979
0.2901120496388093, 0.9674066372999979
0.2901120496388093, 0.9674066372999979
0.2901120496388093, 0.9674066372999979
0.2901120496388093, 0.9674066372999979
0.2901120496388093, 0.9674066372999979
0.2901120496388093, 0.9674066372999979
0.2901120496388093, 0.9674066372999979
0.2901120496388093, 0.9674066372999979
0.35133814547710396, 0.8284991137687956
0.35133814547710396, 0.8284991137687956
0.35133814547710396, 0.8284991137687956
0.35133814547710396, 0.8284991137687956
0.35133814547710396, 0.8284991137687956
0.35133814547710396, 0.8284991137687956
0.35133814547710396, 0.8284991137687956
0.35133814547710396, 0.8284991137687956
0.35133814547710396, 0.8284991137687956
0.35133814547710396, 0.8284991137687956
0.5662282452044473, 0.0051656686460480605
0.5662282452044473, 0.0051656686460480605
0.5662282452044473, 0.0051656686460480605
0.5662282452044473, 0.0051656686460480605
0.5662282452044473, 0.0051656686460480605
0.5662282452044473, 0.0051656686460480605
0.5662282452044473, 0.0051656686460480605
0.5662282452044473, 0.0051656686460480605
0.5662282452044473, 0.0051656686460480605
0.5662282452044473, 0.0051656686460480605
0.4282739175518838, 0.3416373511348417
0.4282739175518838, 0.3416373511348417
0.4282739175518838, 0.3416373511348417
0.4282739175518838, 0.3416373511348417
0.4282739175518838, 0.3416373511348417
0.4282739175518838, 0.3416373511348417
0.4282739175518838, 0.3416373511348417
0.4282739175518838, 0.3416373511348417
0.4282739175518838, 0.3416373511348417
0.4282739175518838, 0.3416373511348417
0.020278508333283485, 0.3676062257383794
0.020278508333283485, 0.3676062257383794
0.020278508333283485, 0.3676062257383794
0.020278508333283485, 0.3676062257383794
0.020278508333283485, 0.3676062257383794
0.020278508333283485, 0.3676062257383794
0.020278508333283485, 0.3676062257383794
0.020278508333283485, 0.3676062257383794
0.020278508333283485, 0.3676062257383794
0.020278508333283485, 0.3676062257383794
0.8802347109216953, 0.4833651031938492
0.8802347109216953, 0.4833651031938492
0.8802347109216953, 0.4833651031938492
0.8802347109216953, 0.4833651031938492
0.8802347109216953, 0.4833651031938492
0.8802347109216953, 0.4833651031938492
0.8802347109216953, 0.4833651031938492
0.8802347109216953, 0.4833651031938492
0.8802347109216953, 0.4833651031938492
0.8802347109216953, 0.4833651031938492
0.18834531290920375, 0.6641952644022221
0.18834531290920375, 0.6641952644022221
0.18834531290920375, 0.6641952644022221
0.18834531290920375, 0.6641952644022221
0.18834531290920375, 0.6641952644022221
0.18834531290920375, 0.6641952644022221
0.18834531290920375, 0.6641952644022221
0.18834531290920375, 0.6641952644022221
0.18834531290920375, 0.6641952644022221
0.18834531290920375, 0.6641952644022221
0.7199826622341924, 0.4572135969554135
0.7199826622341924, 0.4572135969554135
0.7199826622341924, 0.4572135969554135
0.7199826622341924, 0.4572135969554135
0.7199826622341924, 0.4572135969554135
0.7199826622341924, 0.4572135969554135
0.7199826622341924, 0.4572135969554135
0.7199826622341924, 0.4572135969554135
0.7199826622341924, 0.4572135969554135
0.7199826622341924, 0.4572135969554135
0.8651135398812924, 0.25884402423263153
0.8651135398812924, 0.25884402423263153
0.8651135398812924, 0.25884402423263153
0.8651135398812924, 0.25884402423263153
0.8651135398812924, 0.25884402423263153
0.8651135398812924, 0.25884402423263153
0.8651135398812924, 0.25884402423263153
0.8651135398812924, 0.25884402423263153
0.8651135398812924, 0.25884402423263153
0.8651135398812924, 0.25884402423263153
0.8823813521942457, 0.0677170503847132
0.8823813521942457, 0.0677170503847132
0.8823813521942457, 0.0677170503847132
0.8823813521942457, 0.0677170503847132
0.8823813521942457, 0.0677170503847132
0.8823813521942457, 0.0677170503847132
0.8823813521942457, 0.0677170503847132
0.8823813521942457, 0.0677170503847132
0.8823813521942457, 0.0677170503847132
0.8823813521942457, 0.0677170503847132
