1e-05
0.4033352305813136, 0.448718819801903
0.4033352305813136, 0.448718819801903
0.4033352305813136, 0.448718819801903
0.4033352305813136, 0.448718819801903
0.4033352305813136, 0.448718819801903
0.4033352305813136, 0.448718819801903
0.4033352305813136, 0.448718819801903
0.4033352305813136, 0.448718819801903
0.4033352305813136, 0.448718819801903
0.4033352305813136, 0.448718819801903
0.4599927755094759, 0.8197246449268927
0.4599927755094759, 0.8197246449268927
0.4599927755094759, 0.8197246449268927
0.4599927755094759, 0.8197246449268927
0.4599927755094759, 0.8197246449268927
0.4599927755094759, 0.8197246449268927
0.4599927755094759, 0.8197246449268927
0.4599927755094759, 0.8197246449268927
0.4599927755094759, 0.8197246449268927
0.4599927755094759, 0.8197246449268927
0.24605603839314483, 0.345256468760474
0.24605603839314483, 0.345256468760474
0.24605603839314483, 0.345256468760474
0.24605603839314483, 0.345256468760474
0.24605603839314483, 0.345256468760474
0.24605603839314483, 0.345256468760474
0.24605603839314483, 0.345256468760474
0.24605603839314483, 0.345256468760474
0.24605603839314483, 0.345256468760474
0.24605603839314483, 0.345256468760474
0.35774692403974395, 0.15710753593087168
0.35774692403974395, 0.15710753593087168
0.35774692403974395, 0.15710753593087168
0.35774692403974395, 0.15710753593087168
0.35774692403974395, 0.15710753593087168
0.35774692403974395, 0.15710753593087168
0.35774692403974395, 0.15710753593087168
0.35774692403974395, 0.15710753593087168
0.35774692403974395, 0.15710753593087168
0.35774692403974395, 0.15710753593087168
0.6833175566117431, 0.6863023935528302
0.6833175566117431, 0.6863023935528302
0.6833175566117431, 0.6863023935528302
0.6833175566117431, 0.6863023935528302
0.6833175566117431, 0.6863023935528302
0.6833175566117431, 0.6863023935528302
0.6833175566117431, 0.6863023935528302
0.6833175566117431, 0.6863023935528302
0.6833175566117431, 0.6863023935528302
0.6833175566117431, 0.6863023935528302
0.5657811782312724, 0.5140914242431761
0.5657811782312724, 0.5140914242431761
0.5657811782312724, 0.5140914242431761
0.5657811782312724, 0.5140914242431761
0.5657811782312724, 0.5140914242431761
0.5657811782312724, 0.5140914242431761
0.5657811782312724, 0.5140914242431761
0.5657811782312724, 0.5140914242431761
0.5657811782312724, 0.5140914242431761
0.5657811782312724, 0.5140914242431761
0.2551805055118269, 0.4787925472991139
0.2551805055118269, 0.4787925472991139
0.2551805055118269, 0.4787925472991139
0.2551805055118269, 0.4787925472991139
0.2551805055118269, 0.4787925472991139
0.2551805055118269, 0.4787925472991139
0.2551805055118269, 0.4787925472991139
0.2551805055118269, 0.4787925472991139
0.2551805055118269, 0.4787925472991139
0.2551805055118269, 0.4787925472991139
0.8146696449394017, 0.06859815687530768
0.8146696449394017, 0.06859815687530768
0.8146696449394017, 0.06859815687530768
0.8146696449394017, 0.06859815687530768
0.8146696449394017, 0.06859815687530768
0.8146696449394017, 0.06859815687530768
0.8146696449394017, 0.06859815687530768
0.8146696449394017, 0.06859815687530768
0.8146696449394017, 0.06859815687530768
0.8146696449394017, 0.06859815687530768
0.7229894027191573, 0.870270727970497
0.7229894027191573, 0.870270727970497
0.7229894027191573, 0.870270727970497
0.7229894027191573, 0.870270727970497
0.7229894027191573, 0.870270727970497
0.7229894027191573, 0.870270727970497
0.7229894027191573, 0.870270727970497
0.7229894027191573, 0.870270727970497
0.7229894027191573, 0.870270727970497
0.7229894027191573, 0.870270727970497
0.017785271326988705, 0.14638653245660815
0.017785271326988705, 0.14638653245660815
0.017785271326988705, 0.14638653245660815
0.017785271326988705, 0.14638653245660815
0.017785271326988705, 0.14638653245660815
0.017785271326988705, 0.14638653245660815
0.017785271326988705, 0.14638653245660815
0.017785271326988705, 0.14638653245660815
0.017785271326988705, 0.14638653245660815
0.017785271326988705, 0.14638653245660815
