0.1
0.6148094236384662, 0.30266428060861994
0.826979960682694, 0.0342159306209775
0.4106111679208113, 0.9932570717840541
0.6692452207788022, 0.27708127936953786
0.8880694098504782, 0.8172224034235404
0.09327524001564114, 0.32490264624691834
0.2332322382278479, 0.6338184188316285
0.9261641185410349, 0.09299095519978517
0.5280772540708489, 0.16753765724687775
0.512511113635805, 0.6771653065124446
0.8934590481669622, 0.997433881203997
0.22641420543003687, 0.17108694548485603
0.035372529201277425, 0.9929762718382207
0.720863875574972, 0.06119750396652002
0.6600246553946261, 0.8270041435352448
0.03072739779300826, 0.6328752979034583
0.9394136943250503, 0.7951511540263239
0.8597194362465195, 0.9681546585903099
0.9236674600369501, 0.3586400273540946
0.5245853526419041, 0.34509169991646294
0.11408961246707083, 0.7201432358802659
0.6186265009594369, 0.5348587450246411
0.08736255883798716, 0.15586942359956435
0.7977235499759519, 0.7968311666737173
0.6026723695779609, 0.09729086459577962
0.9919484014638473, 0.059477949729180524
0.046081064656279036, 0.470519795601807
0.994602244007257, 0.6479734919561736
0.012166312545748958, 0.4716075306144778
0.6971383296007003, 0.02805851698307482
0.11972768816249202, 0.7969380698752224
0.2096142072292021, 0.7749790959647616
0.32971414331942916, 0.777619489778305
0.298601782300001, 0.4545942132781834
0.051672545525360936, 0.6544796632473542
0.5811225266972265, 0.5172439536293322
0.6390241863501719, 0.12481801456591901
0.045397980842620034, 0.24842265188935952
0.5889575656978692, 0.5933276231825829
0.30886506031115757, 0.3012313758373928
0.9681065627556419, 0.9208136697088598
0.3101502010120263, 0.937890887535746
0.11049609268365512, 0.39334243030885163
0.09783797644269643, 0.622184996804043
0.4103907024640031, 0.6650908860140127
0.6298076707534145, 0.39404510053734754
0.6115777017906582, 0.5854028075294394
0.5329863932729519, 0.5873232357314182
0.06993641793928718, 0.7290385793017367
0.8173013964695099, 0.33866227521323056
0.39206450124079795, 0.13019125907636153
0.037778001839988695, 0.09585873646198428
0.4133940121498215, 0.9465689739823309
0.8157662949372688, 0.0816010764465529
0.8400314054431036, 0.2714492607397865
0.32213977191823484, 0.32209061096394775
0.5234901488710116, 0.28226962441248815
0.9671894970027355, 0.8762386607467815
0.8107045028478288, 0.9819752796294962
0.928140256642019, 0.9837975758146312
0.6406352430990898, 0.2906964341142151
0.09477770374786931, 0.3506990558895867
0.8579534070172706, 0.7355384412992105
0.29878153256818174, 0.7074201939657115
0.42837315470294124, 0.7942401496804993
0.23127048480141343, 0.009207177990238513
0.23838542738269697, 0.05718110035950119
0.11372625480622178, 0.8211774958905332
0.2976396637804041, 0.7462873539897392
0.9366413155605638, 0.8842077693590948
0.6441641854792203, 0.3963625648478163
0.33999446444557124, 0.8917698935002218
0.8175805813406302, 0.011821851858138221
0.7211978394665818, 0.8801800430560228
0.49369983065183654, 0.6948056627801876
0.44849258739237186, 0.9453950918614352
0.5036709549592884, 0.16084892551727692
0.2264809148866751, 0.5938144243852578
0.6910289461018565, 0.4600956171920285
0.947715595259974, 0.5488141129397129
0.16588217746499145, 0.75353710427798
0.7105177787997401, 0.208896665631792
