1e-05
0.5019431623476333, 0.9783231115827908
0.5019431623476333, 0.9783231115827908
0.5019431623476333, 0.9783231115827908
0.5019431623476333, 0.9783231115827908
0.5019431623476333, 0.9783231115827908
0.5019431623476333, 0.9783231115827908
0.5019431623476333, 0.9783231115827908
0.5019431623476333, 0.9783231115827908
0.5019431623476333, 0.9783231115827908
0.5019431623476333, 0.9783231115827908
0.2444138141558413, 0.24612512583091473
0.2444138141558413, 0.24612512583091473
0.2444138141558413, 0.24612512583091473
0.2444138141558413, 0.24612512583091473
0.2444138141558413, 0.24612512583091473
0.2444138141558413, 0.24612512583091473
0.2444138141558413, 0.24612512583091473
0.2444138141558413, 0.24612512583091473
0.2444138141558413, 0.24612512583091473
0.2444138141558413, 0.24612512583091473
0.35903854428799353, 0.7254574233516702
0.35903854428799353, 0.7254574233516702
0.35903854428799353, 0.7254574233516702
0.35903854428799353, 0.7254574233516702
0.35903854428799353, 0.7254574233516702
0.35903854428799353, 0.7254574233516702
0.35903854428799353, 0.7254574233516702
0.35903854428799353, 0.7254574233516702
0.35903854428799353, 0.7254574233516702
0.35903854428799353, 0.7254574233516702
0.4344246326543626, 0.5014665177379681
0.4344246326543626, 0.5014665177379681
0.4344246326543626, 0.5014665177379681
0.4344246326543626, 0.5014665177379681
0.4344246326543626, 0.5014665177379681
0.4344246326543626, 0.5014665177379681
0.4344246326543626, 0.5014665177379681
0.4344246326543626, 0.5014665177379681
0.4344246326543626, 0.5014665177379681
0.4344246326543626, 0.5014665177379681
0.13599314565555587, 0.8864858515487543
0.13599314565555587, 0.8864858515487543
0.13599314565555587, 0.8864858515487543
0.13599314565555587, 0.8864858515487543
0.13599314565555587, 0.8864858515487543
0.13599314565555587, 0.8864858515487543
0.13599314565555587, 0.8864858515487543
0.13599314565555587, 0.8864858515487543
0.13599314565555587, 0.8864858515487543
0.13599314565555587, 0.8864858515487543
0.9219775266787726, 0.19572125858640532
0.9219775266787726, 0.19572125858640532
0.9219775266787726, 0.19572125858640532
0.9219775266787726, 0.19572125858640532
0.9219775266787726, 0.19572125858640532
0.9219775266787726, 0.19572125858640532
0.9219775266787726, 0.19572125858640532
0.9219775266787726, 0.19572125858640532
0.9219775266787726, 0.19572125858640532
0.9219775266787726, 0.19572125858640532
0.6258955334488406, 0.7574091507968661
0.6258955334488406, 0.7574091507968661
0.6258955334488406, 0.7574091507968661
0.6258955334488406, 0.7574091507968661
0.6258955334488406, 0.7574091507968661
0.6258955334488406, 0.7574091507968661
0.6258955334488406, 0.7574091507968661
0.6258955334488406, 0.7574091507968661
0.6258955334488406, 0.7574091507968661
0.6258955334488406, 0.7574091507968661
0.34790977645791266, 0.14570060854643496
0.34790977645791266, 0.14570060854643496
0.34790977645791266, 0.14570060854643496
0.34790977645791266, 0.14570060854643496
0.34790977645791266, 0.14570060854643496
0.34790977645791266, 0.14570060854643496
0.34790977645791266, 0.14570060854643496
0.34790977645791266, 0.14570060854643496
0.34790977645791266, 0.14570060854643496
0.34790977645791266, 0.14570060854643496
0.7247236800749183, 0.7948490794011392
0.7247236800749183, 0.7948490794011392
0.7247236800749183, 0.7948490794011392
0.7247236800749183, 0.7948490794011392
0.7247236800749183, 0.7948490794011392
0.7247236800749183, 0.7948490794011392
0.7247236800749183, 0.7948490794011392
0.7247236800749183, 0.7948490794011392
0.7247236800749183, 0.7948490794011392
0.7247236800749183, 0.7948490794011392
0.680803933595405, 0.5776050288404574
0.680803933595405, 0.5776050288404574
0.680803933595405, 0.5776050288404574
0.680803933595405, 0.5776050288404574
0.680803933595405, 0.5776050288404574
0.680803933595405, 0.5776050288404574
0.680803933595405, 0.5776050288404574
0.680803933595405, 0.5776050288404574
0.680803933595405, 0.5776050288404574
0.680803933595405, 0.5776050288404574
