1e-05
0.2993155171792399, 0.9837140609381745
0.2993155171792399, 0.9837140609381745
0.2993155171792399, 0.9837140609381745
0.2993155171792399, 0.9837140609381745
0.2993155171792399, 0.9837140609381745
0.2993155171792399, 0.9837140609381745
0.2993155171792399, 0.9837140609381745
0.2993155171792399, 0.9837140609381745
0.2993155171792399, 0.9837140609381745
0.2993155171792399, 0.9837140609381745
0.8226077789006879, 0.6912679640749452
0.8226077789006879, 0.6912679640749452
0.8226077789006879, 0.6912679640749452
0.8226077789006879, 0.6912679640749452
0.8226077789006879, 0.6912679640749452
0.8226077789006879, 0.6912679640749452
0.8226077789006879, 0.6912679640749452
0.8226077789006879, 0.6912679640749452
0.8226077789006879, 0.6912679640749452
0.8226077789006879, 0.6912679640749452
0.20149748098506648, 0.781272143551962
0.20149748098506648, 0.781272143551962
0.20149748098506648, 0.781272143551962
0.20149748098506648, 0.781272143551962
0.20149748098506648, 0.781272143551962
0.20149748098506648, 0.781272143551962
0.20149748098506648, 0.781272143551962
0.20149748098506648, 0.781272143551962
0.20149748098506648, 0.781272143551962
0.20149748098506648, 0.781272143551962
0.41536243613313706, 0.6103502190109179
0.41536243613313706, 0.6103502190109179
0.41536243613313706, 0.6103502190109179
0.41536243613313706, 0.6103502190109179
0.41536243613313706, 0.6103502190109179
0.41536243613313706, 0.6103502190109179
0.41536243613313706, 0.6103502190109179
0.41536243613313706, 0.6103502190109179
0.41536243613313706, 0.6103502190109179
0.41536243613313706, 0.6103502190109179
0.5147169135922478, 0.17631596532870264
0.5147169135922478, 0.17631596532870264
0.5147169135922478, 0.17631596532870264
0.5147169135922478, 0.17631596532870264
0.5147169135922478, 0.17631596532870264
0.5147169135922478, 0.17631596532870264
0.5147169135922478, 0.17631596532870264
0.5147169135922478, 0.17631596532870264
0.5147169135922478, 0.17631596532870264
0.5147169135922478, 0.17631596532870264
0.20775941173242873, 0.8386849504078874
0.20775941173242873, 0.8386849504078874
0.20775941173242873, 0.8386849504078874
0.20775941173242873, 0.8386849504078874
0.20775941173242873, 0.8386849504078874
0.20775941173242873, 0.8386849504078874
0.20775941173242873, 0.8386849504078874
0.20775941173242873, 0.8386849504078874
0.20775941173242873, 0.8386849504078874
0.20775941173242873, 0.8386849504078874
0.05555323020661085, 0.5339819219209702
0.05555323020661085, 0.5339819219209702
0.05555323020661085, 0.5339819219209702
0.05555323020661085, 0.5339819219209702
0.05555323020661085, 0.5339819219209702
0.05555323020661085, 0.5339819219209702
0.05555323020661085, 0.5339819219209702
0.05555323020661085, 0.5339819219209702
0.05555323020661085, 0.5339819219209702
0.05555323020661085, 0.5339819219209702
0.3523408025091702, 0.3427807493965378
0.3523408025091702, 0.3427807493965378
0.3523408025091702, 0.3427807493965378
0.3523408025091702, 0.3427807493965378
0.3523408025091702, 0.3427807493965378
0.3523408025091702, 0.3427807493965378
0.3523408025091702, 0.3427807493965378
0.3523408025091702, 0.3427807493965378
0.3523408025091702, 0.3427807493965378
0.3523408025091702, 0.3427807493965378
0.00799865706612135, 0.3705542279647288
0.00799865706612135, 0.3705542279647288
0.00799865706612135, 0.3705542279647288
0.00799865706612135, 0.3705542279647288
0.00799865706612135, 0.3705542279647288
0.00799865706612135, 0.3705542279647288
0.00799865706612135, 0.3705542279647288
0.00799865706612135, 0.3705542279647288
0.00799865706612135, 0.3705542279647288
0.00799865706612135, 0.3705542279647288
0.6364411611064861, 0.464210764055319
0.6364411611064861, 0.464210764055319
0.6364411611064861, 0.464210764055319
0.6364411611064861, 0.464210764055319
0.6364411611064861, 0.464210764055319
0.6364411611064861, 0.464210764055319
0.6364411611064861, 0.464210764055319
0.6364411611064861, 0.464210764055319
0.6364411611064861, 0.464210764055319
0.6364411611064861, 0.464210764055319
