1e-05
0.9638395362771224, 0.7150557433012693
0.9638395362771224, 0.7150557433012693
0.9638395362771224, 0.7150557433012693
0.9638395362771224, 0.7150557433012693
0.9638395362771224, 0.7150557433012693
0.9638395362771224, 0.7150557433012693
0.9638395362771224, 0.7150557433012693
0.9638395362771224, 0.7150557433012693
0.9638395362771224, 0.7150557433012693
0.9638395362771224, 0.7150557433012693
0.7506582629994271, 0.2525466450247398
0.7506582629994271, 0.2525466450247398
0.7506582629994271, 0.2525466450247398
0.7506582629994271, 0.2525466450247398
0.7506582629994271, 0.2525466450247398
0.7506582629994271, 0.2525466450247398
0.7506582629994271, 0.2525466450247398
0.7506582629994271, 0.2525466450247398
0.7506582629994271, 0.2525466450247398
0.7506582629994271, 0.2525466450247398
0.34849881099196345, 0.4304747865639771
0.34849881099196345, 0.4304747865639771
0.34849881099196345, 0.4304747865639771
0.34849881099196345, 0.4304747865639771
0.34849881099196345, 0.4304747865639771
0.34849881099196345, 0.4304747865639771
0.34849881099196345, 0.4304747865639771
0.34849881099196345, 0.4304747865639771
0.34849881099196345, 0.4304747865639771
0.34849881099196345, 0.4304747865639771
0.37303396071415507, 0.29039623308061424
0.37303396071415507, 0.29039623308061424
0.37303396071415507, 0.29039623308061424
0.37303396071415507, 0.29039623308061424
0.37303396071415507, 0.29039623308061424
0.37303396071415507, 0.29039623308061424
0.37303396071415507, 0.29039623308061424
0.37303396071415507, 0.29039623308061424
0.37303396071415507, 0.29039623308061424
0.37303396071415507, 0.29039623308061424
0.27942371211070705, 0.8354847236891036
0.27942371211070705, 0.8354847236891036
0.27942371211070705, 0.8354847236891036
0.27942371211070705, 0.8354847236891036
0.27942371211070705, 0.8354847236891036
0.27942371211070705, 0.8354847236891036
0.27942371211070705, 0.8354847236891036
0.27942371211070705, 0.8354847236891036
0.27942371211070705, 0.8354847236891036
0.27942371211070705, 0.8354847236891036
0.9928440663280006, 0.3694373710736445
0.9928440663280006, 0.3694373710736445
0.9928440663280006, 0.3694373710736445
0.9928440663280006, 0.3694373710736445
0.9928440663280006, 0.3694373710736445
0.9928440663280006, 0.3694373710736445
0.9928440663280006, 0.3694373710736445
0.9928440663280006, 0.3694373710736445
0.9928440663280006, 0.3694373710736445
0.9928440663280006, 0.3694373710736445
0.23657546325377932, 0.5071512747159571
0.23657546325377932, 0.5071512747159571
0.23657546325377932, 0.5071512747159571
0.23657546325377932, 0.5071512747159571
0.23657546325377932, 0.5071512747159571
0.23657546325377932, 0.5071512747159571
0.23657546325377932, 0.5071512747159571
0.23657546325377932, 0.5071512747159571
0.23657546325377932, 0.5071512747159571
0.23657546325377932, 0.5071512747159571
0.7110768552991481, 0.9881111276035582
0.7110768552991481, 0.9881111276035582
0.7110768552991481, 0.9881111276035582
0.7110768552991481, 0.9881111276035582
0.7110768552991481, 0.9881111276035582
0.7110768552991481, 0.9881111276035582
0.7110768552991481, 0.9881111276035582
0.7110768552991481, 0.9881111276035582
0.7110768552991481, 0.9881111276035582
0.7110768552991481, 0.9881111276035582
0.9441526260803824, 0.2626398131797928
0.9441526260803824, 0.2626398131797928
0.9441526260803824, 0.2626398131797928
0.9441526260803824, 0.2626398131797928
0.9441526260803824, 0.2626398131797928
0.9441526260803824, 0.2626398131797928
0.9441526260803824, 0.2626398131797928
0.9441526260803824, 0.2626398131797928
0.9441526260803824, 0.2626398131797928
0.9441526260803824, 0.2626398131797928
0.19728044527518573, 0.961161408877205
0.19728044527518573, 0.961161408877205
0.19728044527518573, 0.961161408877205
0.19728044527518573, 0.961161408877205
0.19728044527518573, 0.961161408877205
0.19728044527518573, 0.961161408877205
0.19728044527518573, 0.961161408877205
0.19728044527518573, 0.961161408877205
0.19728044527518573, 0.961161408877205
0.19728044527518573, 0.961161408877205
