1e-05
0.6964309205640128, 0.8170653054341368
0.6964309205640128, 0.8170653054341368
0.6964309205640128, 0.8170653054341368
0.6964309205640128, 0.8170653054341368
0.6964309205640128, 0.8170653054341368
0.6964309205640128, 0.8170653054341368
0.6964309205640128, 0.8170653054341368
0.6964309205640128, 0.8170653054341368
0.6964309205640128, 0.8170653054341368
0.6964309205640128, 0.8170653054341368
0.2866412059243021, 0.4851490220681176
0.2866412059243021, 0.4851490220681176
0.2866412059243021, 0.4851490220681176
0.2866412059243021, 0.4851490220681176
0.2866412059243021, 0.4851490220681176
0.2866412059243021, 0.4851490220681176
0.2866412059243021, 0.4851490220681176
0.2866412059243021, 0.4851490220681176
0.2866412059243021, 0.4851490220681176
0.2866412059243021, 0.4851490220681176
0.29454057535902867, 0.03746266759232508
0.29454057535902867, 0.03746266759232508
0.29454057535902867, 0.03746266759232508
0.29454057535902867, 0.03746266759232508
0.29454057535902867, 0.03746266759232508
0.29454057535902867, 0.03746266759232508
0.29454057535902867, 0.03746266759232508
0.29454057535902867, 0.03746266759232508
0.29454057535902867, 0.03746266759232508
0.29454057535902867, 0.03746266759232508
0.23691477690624763, 0.20335436427781017
0.23691477690624763, 0.20335436427781017
0.23691477690624763, 0.20335436427781017
0.23691477690624763, 0.20335436427781017
0.23691477690624763, 0.20335436427781017
0.23691477690624763, 0.20335436427781017
0.23691477690624763, 0.20335436427781017
0.23691477690624763, 0.20335436427781017
0.23691477690624763, 0.20335436427781017
0.23691477690624763, 0.20335436427781017
0.42728804448064817, 0.11583031833160506
0.42728804448064817, 0.11583031833160506
0.42728804448064817, 0.11583031833160506
0.42728804448064817, 0.11583031833160506
0.42728804448064817, 0.11583031833160506
0.42728804448064817, 0.11583031833160506
0.42728804448064817, 0.11583031833160506
0.42728804448064817, 0.11583031833160506
0.42728804448064817, 0.11583031833160506
0.42728804448064817, 0.11583031833160506
0.8370895099512308, 0.5035744183161317
0.8370895099512308, 0.5035744183161317
0.8370895099512308, 0.5035744183161317
0.8370895099512308, 0.5035744183161317
0.8370895099512308, 0.5035744183161317
0.8370895099512308, 0.5035744183161317
0.8370895099512308, 0.5035744183161317
0.8370895099512308, 0.5035744183161317
0.8370895099512308, 0.5035744183161317
0.8370895099512308, 0.5035744183161317
0.2347869906392066, 0.6710493447630163
0.2347869906392066, 0.6710493447630163
0.2347869906392066, 0.6710493447630163
0.2347869906392066, 0.6710493447630163
0.2347869906392066, 0.6710493447630163
0.2347869906392066, 0.6710493447630163
0.2347869906392066, 0.6710493447630163
0.2347869906392066, 0.6710493447630163
0.2347869906392066, 0.6710493447630163
0.2347869906392066, 0.6710493447630163
0.9389054482406656, 0.16986793435620762
0.9389054482406656, 0.16986793435620762
0.9389054482406656, 0.16986793435620762
0.9389054482406656, 0.16986793435620762
0.9389054482406656, 0.16986793435620762
0.9389054482406656, 0.16986793435620762
0.9389054482406656, 0.16986793435620762
0.9389054482406656, 0.16986793435620762
0.9389054482406656, 0.16986793435620762
0.9389054482406656, 0.16986793435620762
0.9324779159571724, 0.5625941625560841
0.9324779159571724, 0.5625941625560841
0.9324779159571724, 0.5625941625560841
0.9324779159571724, 0.5625941625560841
0.9324779159571724, 0.5625941625560841
0.9324779159571724, 0.5625941625560841
0.9324779159571724, 0.5625941625560841
0.9324779159571724, 0.5625941625560841
0.9324779159571724, 0.5625941625560841
0.9324779159571724, 0.5625941625560841
0.2638281894367892, 0.960784716434005
0.2638281894367892, 0.960784716434005
0.2638281894367892, 0.960784716434005
0.2638281894367892, 0.960784716434005
0.2638281894367892, 0.960784716434005
0.2638281894367892, 0.960784716434005
0.2638281894367892, 0.960784716434005
0.2638281894367892, 0.960784716434005
0.2638281894367892, 0.960784716434005
0.2638281894367892, 0.960784716434005
