1e-05
0.07671207861819107, 0.07350521220833095
0.07671207861819107, 0.07350521220833095
0.07671207861819107, 0.07350521220833095
0.07671207861819107, 0.07350521220833095
0.07671207861819107, 0.07350521220833095
0.07671207861819107, 0.07350521220833095
0.07671207861819107, 0.07350521220833095
0.07671207861819107, 0.07350521220833095
0.07671207861819107, 0.07350521220833095
0.07671207861819107, 0.07350521220833095
0.07092598551568019, 0.08870173103837176
0.07092598551568019, 0.08870173103837176
0.07092598551568019, 0.08870173103837176
0.07092598551568019, 0.08870173103837176
0.07092598551568019, 0.08870173103837176
0.07092598551568019, 0.08870173103837176
0.07092598551568019, 0.08870173103837176
0.07092598551568019, 0.08870173103837176
0.07092598551568019, 0.08870173103837176
0.07092598551568019, 0.08870173103837176
0.9526186860173168, 0.22252513213936054
0.9526186860173168, 0.22252513213936054
0.9526186860173168, 0.22252513213936054
0.9526186860173168, 0.22252513213936054
0.9526186860173168, 0.22252513213936054
0.9526186860173168, 0.22252513213936054
0.9526186860173168, 0.22252513213936054
0.9526186860173168, 0.22252513213936054
0.9526186860173168, 0.22252513213936054
0.9526186860173168, 0.22252513213936054
0.19520764810713642, 0.5635304643823028
0.19520764810713642, 0.5635304643823028
0.19520764810713642, 0.5635304643823028
0.19520764810713642, 0.5635304643823028
0.19520764810713642, 0.5635304643823028
0.19520764810713642, 0.5635304643823028
0.19520764810713642, 0.5635304643823028
0.19520764810713642, 0.5635304643823028
0.19520764810713642, 0.5635304643823028
0.19520764810713642, 0.5635304643823028
0.004909042942345843, 0.5493820540403601
0.004909042942345843, 0.5493820540403601
0.004909042942345843, 0.5493820540403601
0.004909042942345843, 0.5493820540403601
0.004909042942345843, 0.5493820540403601
0.004909042942345843, 0.5493820540403601
0.004909042942345843, 0.5493820540403601
0.004909042942345843, 0.5493820540403601
0.004909042942345843, 0.5493820540403601
0.004909042942345843, 0.5493820540403601
0.322329013142457, 0.11795566399716306
0.322329013142457, 0.11795566399716306
0.322329013142457, 0.11795566399716306
0.322329013142457, 0.11795566399716306
0.322329013142457, 0.11795566399716306
0.322329013142457, 0.11795566399716306
0.322329013142457, 0.11795566399716306
0.322329013142457, 0.11795566399716306
0.322329013142457, 0.11795566399716306
0.322329013142457, 0.11795566399716306
0.4097723629358154, 0.9818861596596321
0.4097723629358154, 0.9818861596596321
0.4097723629358154, 0.9818861596596321
0.4097723629358154, 0.9818861596596321
0.4097723629358154, 0.9818861596596321
0.4097723629358154, 0.9818861596596321
0.4097723629358154, 0.9818861596596321
0.4097723629358154, 0.9818861596596321
0.4097723629358154, 0.9818861596596321
0.4097723629358154, 0.9818861596596321
0.03938553183639015, 0.3845255253671005
0.03938553183639015, 0.3845255253671005
0.03938553183639015, 0.3845255253671005
0.03938553183639015, 0.3845255253671005
0.03938553183639015, 0.3845255253671005
0.03938553183639015, 0.3845255253671005
0.03938553183639015, 0.3845255253671005
0.03938553183639015, 0.3845255253671005
0.03938553183639015, 0.3845255253671005
0.03938553183639015, 0.3845255253671005
0.31134695114294897, 0.5904166986409523
0.31134695114294897, 0.5904166986409523
0.31134695114294897, 0.5904166986409523
0.31134695114294897, 0.5904166986409523
0.31134695114294897, 0.5904166986409523
0.31134695114294897, 0.5904166986409523
0.31134695114294897, 0.5904166986409523
0.31134695114294897, 0.5904166986409523
0.31134695114294897, 0.5904166986409523
0.31134695114294897, 0.5904166986409523
0.9413473474968238, 0.7524958260316866
0.9413473474968238, 0.7524958260316866
0.9413473474968238, 0.7524958260316866
0.9413473474968238, 0.7524958260316866
0.9413473474968238, 0.7524958260316866
0.9413473474968238, 0.7524958260316866
0.9413473474968238, 0.7524958260316866
0.9413473474968238, 0.7524958260316866
0.9413473474968238, 0.7524958260316866
0.9413473474968238, 0.7524958260316866
