1e-05
0.07003322659561118, 0.6774486391970388
0.07003322659561118, 0.6774486391970388
0.07003322659561118, 0.6774486391970388
0.07003322659561118, 0.6774486391970388
0.07003322659561118, 0.6774486391970388
0.07003322659561118, 0.6774486391970388
0.07003322659561118, 0.6774486391970388
0.07003322659561118, 0.6774486391970388
0.07003322659561118, 0.6774486391970388
0.07003322659561118, 0.6774486391970388
0.3777554740283734, 0.8030339633680171
0.3777554740283734, 0.8030339633680171
0.3777554740283734, 0.8030339633680171
0.3777554740283734, 0.8030339633680171
0.3777554740283734, 0.8030339633680171
0.3777554740283734, 0.8030339633680171
0.3777554740283734, 0.8030339633680171
0.3777554740283734, 0.8030339633680171
0.3777554740283734, 0.8030339633680171
0.3777554740283734, 0.8030339633680171
0.5612075051359036, 0.2203040994818638
0.5612075051359036, 0.2203040994818638
0.5612075051359036, 0.2203040994818638
0.5612075051359036, 0.2203040994818638
0.5612075051359036, 0.2203040994818638
0.5612075051359036, 0.2203040994818638
0.5612075051359036, 0.2203040994818638
0.5612075051359036, 0.2203040994818638
0.5612075051359036, 0.2203040994818638
0.5612075051359036, 0.2203040994818638
0.9934586081730203, 0.29864840044929475
0.9934586081730203, 0.29864840044929475
0.9934586081730203, 0.29864840044929475
0.9934586081730203, 0.29864840044929475
0.9934586081730203, 0.29864840044929475
0.9934586081730203, 0.29864840044929475
0.9934586081730203, 0.29864840044929475
0.9934586081730203, 0.29864840044929475
0.9934586081730203, 0.29864840044929475
0.9934586081730203, 0.29864840044929475
0.5467075628532712, 0.1900052681678006
0.5467075628532712, 0.1900052681678006
0.5467075628532712, 0.1900052681678006
0.5467075628532712, 0.1900052681678006
0.5467075628532712, 0.1900052681678006
0.5467075628532712, 0.1900052681678006
0.5467075628532712, 0.1900052681678006
0.5467075628532712, 0.1900052681678006
0.5467075628532712, 0.1900052681678006
0.5467075628532712, 0.1900052681678006
0.7162343581854488, 0.272395861570337
0.7162343581854488, 0.272395861570337
0.7162343581854488, 0.272395861570337
0.7162343581854488, 0.272395861570337
0.7162343581854488, 0.272395861570337
0.7162343581854488, 0.272395861570337
0.7162343581854488, 0.272395861570337
0.7162343581854488, 0.272395861570337
0.7162343581854488, 0.272395861570337
0.7162343581854488, 0.272395861570337
0.21993360417789176, 0.7227670205015864
0.21993360417789176, 0.7227670205015864
0.21993360417789176, 0.7227670205015864
0.21993360417789176, 0.7227670205015864
0.21993360417789176, 0.7227670205015864
0.21993360417789176, 0.7227670205015864
0.21993360417789176, 0.7227670205015864
0.21993360417789176, 0.7227670205015864
0.21993360417789176, 0.7227670205015864
0.21993360417789176, 0.7227670205015864
0.6643696852358911, 0.1663730970374223
0.6643696852358911, 0.1663730970374223
0.6643696852358911, 0.1663730970374223
0.6643696852358911, 0.1663730970374223
0.6643696852358911, 0.1663730970374223
0.6643696852358911, 0.1663730970374223
0.6643696852358911, 0.1663730970374223
0.6643696852358911, 0.1663730970374223
0.6643696852358911, 0.1663730970374223
0.6643696852358911, 0.1663730970374223
0.8131239520495543, 0.43433746857476396
0.8131239520495543, 0.43433746857476396
0.8131239520495543, 0.43433746857476396
0.8131239520495543, 0.43433746857476396
0.8131239520495543, 0.43433746857476396
0.8131239520495543, 0.43433746857476396
0.8131239520495543, 0.43433746857476396
0.8131239520495543, 0.43433746857476396
0.8131239520495543, 0.43433746857476396
0.8131239520495543, 0.43433746857476396
0.43404623958893085, 0.517642896490065
0.43404623958893085, 0.517642896490065
0.43404623958893085, 0.517642896490065
0.43404623958893085, 0.517642896490065
0.43404623958893085, 0.517642896490065
0.43404623958893085, 0.517642896490065
0.43404623958893085, 0.517642896490065
0.43404623958893085, 0.517642896490065
0.43404623958893085, 0.517642896490065
0.43404623958893085, 0.517642896490065
