1e-05
0.21361430971755446, 0.37983808739342706
0.21361430971755446, 0.37983808739342706
0.21361430971755446, 0.37983808739342706
0.21361430971755446, 0.37983808739342706
0.21361430971755446, 0.37983808739342706
0.21361430971755446, 0.37983808739342706
0.21361430971755446, 0.37983808739342706
0.21361430971755446, 0.37983808739342706
0.21361430971755446, 0.37983808739342706
0.21361430971755446, 0.37983808739342706
0.3526947069613, 0.5937147273406802
0.3526947069613, 0.5937147273406802
0.3526947069613, 0.5937147273406802
0.3526947069613, 0.5937147273406802
0.3526947069613, 0.5937147273406802
0.3526947069613, 0.5937147273406802
0.3526947069613, 0.5937147273406802
0.3526947069613, 0.5937147273406802
0.3526947069613, 0.5937147273406802
0.3526947069613, 0.5937147273406802
0.9113074595009415, 0.2471659152052632
0.9113074595009415, 0.2471659152052632
0.9113074595009415, 0.2471659152052632
0.9113074595009415, 0.2471659152052632
0.9113074595009415, 0.2471659152052632
0.9113074595009415, 0.2471659152052632
0.9113074595009415, 0.2471659152052632
0.9113074595009415, 0.2471659152052632
0.9113074595009415, 0.2471659152052632
0.9113074595009415, 0.2471659152052632
0.8045129822892367, 0.558252753441365
0.8045129822892367, 0.558252753441365
0.8045129822892367, 0.558252753441365
0.8045129822892367, 0.558252753441365
0.8045129822892367, 0.558252753441365
0.8045129822892367, 0.558252753441365
0.8045129822892367, 0.558252753441365
0.8045129822892367, 0.558252753441365
0.8045129822892367, 0.558252753441365
0.8045129822892367, 0.558252753441365
0.7842610790152611, 0.31064560315203604
0.7842610790152611, 0.31064560315203604
0.7842610790152611, 0.31064560315203604
0.7842610790152611, 0.31064560315203604
0.7842610790152611, 0.31064560315203604
0.7842610790152611, 0.31064560315203604
0.7842610790152611, 0.31064560315203604
0.7842610790152611, 0.31064560315203604
0.7842610790152611, 0.31064560315203604
0.7842610790152611, 0.31064560315203604
0.05104998001329819, 0.912971154537979
0.05104998001329819, 0.912971154537979
0.05104998001329819, 0.912971154537979
0.05104998001329819, 0.912971154537979
0.05104998001329819, 0.912971154537979
0.05104998001329819, 0.912971154537979
0.05104998001329819, 0.912971154537979
0.05104998001329819, 0.912971154537979
0.05104998001329819, 0.912971154537979
0.05104998001329819, 0.912971154537979
0.840448526276571, 0.7890379324625864
0.840448526276571, 0.7890379324625864
0.840448526276571, 0.7890379324625864
0.840448526276571, 0.7890379324625864
0.840448526276571, 0.7890379324625864
0.840448526276571, 0.7890379324625864
0.840448526276571, 0.7890379324625864
0.840448526276571, 0.7890379324625864
0.840448526276571, 0.7890379324625864
0.840448526276571, 0.7890379324625864
0.5912183503204995, 0.14223763128523514
0.5912183503204995, 0.14223763128523514
0.5912183503204995, 0.14223763128523514
0.5912183503204995, 0.14223763128523514
0.5912183503204995, 0.14223763128523514
0.5912183503204995, 0.14223763128523514
0.5912183503204995, 0.14223763128523514
0.5912183503204995, 0.14223763128523514
0.5912183503204995, 0.14223763128523514
0.5912183503204995, 0.14223763128523514
0.6470094095541612, 0.11971427408037705
0.6470094095541612, 0.11971427408037705
0.6470094095541612, 0.11971427408037705
0.6470094095541612, 0.11971427408037705
0.6470094095541612, 0.11971427408037705
0.6470094095541612, 0.11971427408037705
0.6470094095541612, 0.11971427408037705
0.6470094095541612, 0.11971427408037705
0.6470094095541612, 0.11971427408037705
0.6470094095541612, 0.11971427408037705
0.1532746123372687, 0.6886940804957078
0.1532746123372687, 0.6886940804957078
0.1532746123372687, 0.6886940804957078
0.1532746123372687, 0.6886940804957078
0.1532746123372687, 0.6886940804957078
0.1532746123372687, 0.6886940804957078
0.1532746123372687, 0.6886940804957078
0.1532746123372687, 0.6886940804957078
0.1532746123372687, 0.6886940804957078
0.1532746123372687, 0.6886940804957078
