1e-05
0.7804408526053607, 0.4468017660990845
0.7804408526053607, 0.4468017660990845
0.7804408526053607, 0.4468017660990845
0.7804408526053607, 0.4468017660990845
0.7804408526053607, 0.4468017660990845
0.7804408526053607, 0.4468017660990845
0.7804408526053607, 0.4468017660990845
0.7804408526053607, 0.4468017660990845
0.7804408526053607, 0.4468017660990845
0.7804408526053607, 0.4468017660990845
0.9996673515307577, 0.7702767122824805
0.9996673515307577, 0.7702767122824805
0.9996673515307577, 0.7702767122824805
0.9996673515307577, 0.7702767122824805
0.9996673515307577, 0.7702767122824805
0.9996673515307577, 0.7702767122824805
0.9996673515307577, 0.7702767122824805
0.9996673515307577, 0.7702767122824805
0.9996673515307577, 0.7702767122824805
0.9996673515307577, 0.7702767122824805
0.3526877775438034, 0.29810456529756135
0.3526877775438034, 0.29810456529756135
0.3526877775438034, 0.29810456529756135
0.3526877775438034, 0.29810456529756135
0.3526877775438034, 0.29810456529756135
0.3526877775438034, 0.29810456529756135
0.3526877775438034, 0.29810456529756135
0.3526877775438034, 0.29810456529756135
0.3526877775438034, 0.29810456529756135
0.3526877775438034, 0.29810456529756135
0.48253185861456316, 0.45260137019246116
0.48253185861456316, 0.45260137019246116
0.48253185861456316, 0.45260137019246116
0.48253185861456316, 0.45260137019246116
0.48253185861456316, 0.45260137019246116
0.48253185861456316, 0.45260137019246116
0.48253185861456316, 0.45260137019246116
0.48253185861456316, 0.45260137019246116
0.48253185861456316, 0.45260137019246116
0.48253185861456316, 0.45260137019246116
0.10274007377458194, 0.08567331711555581
0.10274007377458194, 0.08567331711555581
0.10274007377458194, 0.08567331711555581
0.10274007377458194, 0.08567331711555581
0.10274007377458194, 0.08567331711555581
0.10274007377458194, 0.08567331711555581
0.10274007377458194, 0.08567331711555581
0.10274007377458194, 0.08567331711555581
0.10274007377458194, 0.08567331711555581
0.10274007377458194, 0.08567331711555581
0.29326824780260197, 0.8772195611589062
0.29326824780260197, 0.8772195611589062
0.29326824780260197, 0.8772195611589062
0.29326824780260197, 0.8772195611589062
0.29326824780260197, 0.8772195611589062
0.29326824780260197, 0.8772195611589062
0.29326824780260197, 0.8772195611589062
0.29326824780260197, 0.8772195611589062
0.29326824780260197, 0.8772195611589062
0.29326824780260197, 0.8772195611589062
0.7589334949572857, 0.7042967896589339
0.7589334949572857, 0.7042967896589339
0.7589334949572857, 0.7042967896589339
0.7589334949572857, 0.7042967896589339
0.7589334949572857, 0.7042967896589339
0.7589334949572857, 0.7042967896589339
0.7589334949572857, 0.7042967896589339
0.7589334949572857, 0.7042967896589339
0.7589334949572857, 0.7042967896589339
0.7589334949572857, 0.7042967896589339
0.5771878033667943, 0.5252655272953205
0.5771878033667943, 0.5252655272953205
0.5771878033667943, 0.5252655272953205
0.5771878033667943, 0.5252655272953205
0.5771878033667943, 0.5252655272953205
0.5771878033667943, 0.5252655272953205
0.5771878033667943, 0.5252655272953205
0.5771878033667943, 0.5252655272953205
0.5771878033667943, 0.5252655272953205
0.5771878033667943, 0.5252655272953205
0.9721252150643638, 0.5193129435679166
0.9721252150643638, 0.5193129435679166
0.9721252150643638, 0.5193129435679166
0.9721252150643638, 0.5193129435679166
0.9721252150643638, 0.5193129435679166
0.9721252150643638, 0.5193129435679166
0.9721252150643638, 0.5193129435679166
0.9721252150643638, 0.5193129435679166
0.9721252150643638, 0.5193129435679166
0.9721252150643638, 0.5193129435679166
0.5117553433591032, 0.7250193365320613
0.5117553433591032, 0.7250193365320613
0.5117553433591032, 0.7250193365320613
0.5117553433591032, 0.7250193365320613
0.5117553433591032, 0.7250193365320613
0.5117553433591032, 0.7250193365320613
0.5117553433591032, 0.7250193365320613
0.5117553433591032, 0.7250193365320613
0.5117553433591032, 0.7250193365320613
0.5117553433591032, 0.7250193365320613
