1e-05
0.8657468665783767, 0.044436953071720575
0.8657468665783767, 0.044436953071720575
0.8657468665783767, 0.044436953071720575
0.8657468665783767, 0.044436953071720575
0.8657468665783767, 0.044436953071720575
0.8657468665783767, 0.044436953071720575
0.8657468665783767, 0.044436953071720575
0.8657468665783767, 0.044436953071720575
0.8657468665783767, 0.044436953071720575
0.8657468665783767, 0.044436953071720575
0.7435913002799022, 0.779737303969015
0.7435913002799022, 0.779737303969015
0.7435913002799022, 0.779737303969015
0.7435913002799022, 0.779737303969015
0.7435913002799022, 0.779737303969015
0.7435913002799022, 0.779737303969015
0.7435913002799022, 0.779737303969015
0.7435913002799022, 0.779737303969015
0.7435913002799022, 0.779737303969015
0.7435913002799022, 0.779737303969015
0.849015249396852, 0.17091433974342418
0.849015249396852, 0.17091433974342418
0.849015249396852, 0.17091433974342418
0.849015249396852, 0.17091433974342418
0.849015249396852, 0.17091433974342418
0.849015249396852, 0.17091433974342418
0.849015249396852, 0.17091433974342418
0.849015249396852, 0.17091433974342418
0.849015249396852, 0.17091433974342418
0.849015249396852, 0.17091433974342418
0.24825159880002912, 0.7782096302943323
0.24825159880002912, 0.7782096302943323
0.24825159880002912, 0.7782096302943323
0.24825159880002912, 0.7782096302943323
0.24825159880002912, 0.7782096302943323
0.24825159880002912, 0.7782096302943323
0.24825159880002912, 0.7782096302943323
0.24825159880002912, 0.7782096302943323
0.24825159880002912, 0.7782096302943323
0.24825159880002912, 0.7782096302943323
0.7835169298638591, 0.7506359761474264
0.7835169298638591, 0.7506359761474264
0.7835169298638591, 0.7506359761474264
0.7835169298638591, 0.7506359761474264
0.7835169298638591, 0.7506359761474264
0.7835169298638591, 0.7506359761474264
0.7835169298638591, 0.7506359761474264
0.7835169298638591, 0.7506359761474264
0.7835169298638591, 0.7506359761474264
0.7835169298638591, 0.7506359761474264
0.44365803281043936, 0.9416304014164546
0.44365803281043936, 0.9416304014164546
0.44365803281043936, 0.9416304014164546
0.44365803281043936, 0.9416304014164546
0.44365803281043936, 0.9416304014164546
0.44365803281043936, 0.9416304014164546
0.44365803281043936, 0.9416304014164546
0.44365803281043936, 0.9416304014164546
0.44365803281043936, 0.9416304014164546
0.44365803281043936, 0.9416304014164546
0.7130044211878187, 0.6392861764148378
0.7130044211878187, 0.6392861764148378
0.7130044211878187, 0.6392861764148378
0.7130044211878187, 0.6392861764148378
0.7130044211878187, 0.6392861764148378
0.7130044211878187, 0.6392861764148378
0.7130044211878187, 0.6392861764148378
0.7130044211878187, 0.6392861764148378
0.7130044211878187, 0.6392861764148378
0.7130044211878187, 0.6392861764148378
0.06729833456688816, 0.6384550653701617
0.06729833456688816, 0.6384550653701617
0.06729833456688816, 0.6384550653701617
0.06729833456688816, 0.6384550653701617
0.06729833456688816, 0.6384550653701617
0.06729833456688816, 0.6384550653701617
0.06729833456688816, 0.6384550653701617
0.06729833456688816, 0.6384550653701617
0.06729833456688816, 0.6384550653701617
0.06729833456688816, 0.6384550653701617
0.7980228864049299, 0.10779193240121587
0.7980228864049299, 0.10779193240121587
0.7980228864049299, 0.10779193240121587
0.7980228864049299, 0.10779193240121587
0.7980228864049299, 0.10779193240121587
0.7980228864049299, 0.10779193240121587
0.7980228864049299, 0.10779193240121587
0.7980228864049299, 0.10779193240121587
0.7980228864049299, 0.10779193240121587
0.7980228864049299, 0.10779193240121587
0.7954511377125272, 0.3176470007471016
0.7954511377125272, 0.3176470007471016
0.7954511377125272, 0.3176470007471016
0.7954511377125272, 0.3176470007471016
0.7954511377125272, 0.3176470007471016
0.7954511377125272, 0.3176470007471016
0.7954511377125272, 0.3176470007471016
0.7954511377125272, 0.3176470007471016
0.7954511377125272, 0.3176470007471016
0.7954511377125272, 0.3176470007471016
