1e-05
0.9446431864048578, 0.2727142612971535
0.9446431864048578, 0.2727142612971535
0.9446431864048578, 0.2727142612971535
0.9446431864048578, 0.2727142612971535
0.9446431864048578, 0.2727142612971535
0.9446431864048578, 0.2727142612971535
0.9446431864048578, 0.2727142612971535
0.9446431864048578, 0.2727142612971535
0.9446431864048578, 0.2727142612971535
0.9446431864048578, 0.2727142612971535
0.3979601468523025, 0.8876836781973635
0.3979601468523025, 0.8876836781973635
0.3979601468523025, 0.8876836781973635
0.3979601468523025, 0.8876836781973635
0.3979601468523025, 0.8876836781973635
0.3979601468523025, 0.8876836781973635
0.3979601468523025, 0.8876836781973635
0.3979601468523025, 0.8876836781973635
0.3979601468523025, 0.8876836781973635
0.3979601468523025, 0.8876836781973635
0.9914206179526726, 0.18153406750936207
0.9914206179526726, 0.18153406750936207
0.9914206179526726, 0.18153406750936207
0.9914206179526726, 0.18153406750936207
0.9914206179526726, 0.18153406750936207
0.9914206179526726, 0.18153406750936207
0.9914206179526726, 0.18153406750936207
0.9914206179526726, 0.18153406750936207
0.9914206179526726, 0.18153406750936207
0.9914206179526726, 0.18153406750936207
0.1861410081235665, 0.5263955948614544
0.1861410081235665, 0.5263955948614544
0.1861410081235665, 0.5263955948614544
0.1861410081235665, 0.5263955948614544
0.1861410081235665, 0.5263955948614544
0.1861410081235665, 0.5263955948614544
0.1861410081235665, 0.5263955948614544
0.1861410081235665, 0.5263955948614544
0.1861410081235665, 0.5263955948614544
0.1861410081235665, 0.5263955948614544
0.6147486871039827, 0.8318052885597639
0.6147486871039827, 0.8318052885597639
0.6147486871039827, 0.8318052885597639
0.6147486871039827, 0.8318052885597639
0.6147486871039827, 0.8318052885597639
0.6147486871039827, 0.8318052885597639
0.6147486871039827, 0.8318052885597639
0.6147486871039827, 0.8318052885597639
0.6147486871039827, 0.8318052885597639
0.6147486871039827, 0.8318052885597639
0.9620353070011937, 0.40367818039618275
0.9620353070011937, 0.40367818039618275
0.9620353070011937, 0.40367818039618275
0.9620353070011937, 0.40367818039618275
0.9620353070011937, 0.40367818039618275
0.9620353070011937, 0.40367818039618275
0.9620353070011937, 0.40367818039618275
0.9620353070011937, 0.40367818039618275
0.9620353070011937, 0.40367818039618275
0.9620353070011937, 0.40367818039618275
0.08152446903262256, 0.7719029977399923
0.08152446903262256, 0.7719029977399923
0.08152446903262256, 0.7719029977399923
0.08152446903262256, 0.7719029977399923
0.08152446903262256, 0.7719029977399923
0.08152446903262256, 0.7719029977399923
0.08152446903262256, 0.7719029977399923
0.08152446903262256, 0.7719029977399923
0.08152446903262256, 0.7719029977399923
0.08152446903262256, 0.7719029977399923
0.784213662520893, 0.19969816353357883
0.784213662520893, 0.19969816353357883
0.784213662520893, 0.19969816353357883
0.784213662520893, 0.19969816353357883
0.784213662520893, 0.19969816353357883
0.784213662520893, 0.19969816353357883
0.784213662520893, 0.19969816353357883
0.784213662520893, 0.19969816353357883
0.784213662520893, 0.19969816353357883
0.784213662520893, 0.19969816353357883
0.34492377166921606, 0.6971564386036294
0.34492377166921606, 0.6971564386036294
0.34492377166921606, 0.6971564386036294
0.34492377166921606, 0.6971564386036294
0.34492377166921606, 0.6971564386036294
0.34492377166921606, 0.6971564386036294
0.34492377166921606, 0.6971564386036294
0.34492377166921606, 0.6971564386036294
0.34492377166921606, 0.6971564386036294
0.34492377166921606, 0.6971564386036294
0.3059700545483598, 0.022088934457013876
0.3059700545483598, 0.022088934457013876
0.3059700545483598, 0.022088934457013876
0.3059700545483598, 0.022088934457013876
0.3059700545483598, 0.022088934457013876
0.3059700545483598, 0.022088934457013876
0.3059700545483598, 0.022088934457013876
0.3059700545483598, 0.022088934457013876
0.3059700545483598, 0.022088934457013876
0.3059700545483598, 0.022088934457013876
