1e-05
0.20274968708159158, 0.9061747258103169
0.20274968708159158, 0.9061747258103169
0.20274968708159158, 0.9061747258103169
0.20274968708159158, 0.9061747258103169
0.20274968708159158, 0.9061747258103169
0.20274968708159158, 0.9061747258103169
0.20274968708159158, 0.9061747258103169
0.20274968708159158, 0.9061747258103169
0.20274968708159158, 0.9061747258103169
0.20274968708159158, 0.9061747258103169
0.6806963260719653, 0.6828998448604219
0.6806963260719653, 0.6828998448604219
0.6806963260719653, 0.6828998448604219
0.6806963260719653, 0.6828998448604219
0.6806963260719653, 0.6828998448604219
0.6806963260719653, 0.6828998448604219
0.6806963260719653, 0.6828998448604219
0.6806963260719653, 0.6828998448604219
0.6806963260719653, 0.6828998448604219
0.6806963260719653, 0.6828998448604219
0.445852764019372, 0.42046568212928626
0.445852764019372, 0.42046568212928626
0.445852764019372, 0.42046568212928626
0.445852764019372, 0.42046568212928626
0.445852764019372, 0.42046568212928626
0.445852764019372, 0.42046568212928626
0.445852764019372, 0.42046568212928626
0.445852764019372, 0.42046568212928626
0.445852764019372, 0.42046568212928626
0.445852764019372, 0.42046568212928626
0.3480510889551941, 0.25479068195033094
0.3480510889551941, 0.25479068195033094
0.3480510889551941, 0.25479068195033094
0.3480510889551941, 0.25479068195033094
0.3480510889551941, 0.25479068195033094
0.3480510889551941, 0.25479068195033094
0.3480510889551941, 0.25479068195033094
0.3480510889551941, 0.25479068195033094
0.3480510889551941, 0.25479068195033094
0.3480510889551941, 0.25479068195033094
0.8257789770031281, 0.8029950728089091
0.8257789770031281, 0.8029950728089091
0.8257789770031281, 0.8029950728089091
0.8257789770031281, 0.8029950728089091
0.8257789770031281, 0.8029950728089091
0.8257789770031281, 0.8029950728089091
0.8257789770031281, 0.8029950728089091
0.8257789770031281, 0.8029950728089091
0.8257789770031281, 0.8029950728089091
0.8257789770031281, 0.8029950728089091
0.6905322675975597, 0.06310722984222905
0.6905322675975597, 0.06310722984222905
0.6905322675975597, 0.06310722984222905
0.6905322675975597, 0.06310722984222905
0.6905322675975597, 0.06310722984222905
0.6905322675975597, 0.06310722984222905
0.6905322675975597, 0.06310722984222905
0.6905322675975597, 0.06310722984222905
0.6905322675975597, 0.06310722984222905
0.6905322675975597, 0.06310722984222905
0.8847025402007228, 0.09741980059161037
0.8847025402007228, 0.09741980059161037
0.8847025402007228, 0.09741980059161037
0.8847025402007228, 0.09741980059161037
0.8847025402007228, 0.09741980059161037
0.8847025402007228, 0.09741980059161037
0.8847025402007228, 0.09741980059161037
0.8847025402007228, 0.09741980059161037
0.8847025402007228, 0.09741980059161037
0.8847025402007228, 0.09741980059161037
0.3578620506197777, 0.6183306145069022
0.3578620506197777, 0.6183306145069022
0.3578620506197777, 0.6183306145069022
0.3578620506197777, 0.6183306145069022
0.3578620506197777, 0.6183306145069022
0.3578620506197777, 0.6183306145069022
0.3578620506197777, 0.6183306145069022
0.3578620506197777, 0.6183306145069022
0.3578620506197777, 0.6183306145069022
0.3578620506197777, 0.6183306145069022
0.8006495043831423, 0.9810669471797491
0.8006495043831423, 0.9810669471797491
0.8006495043831423, 0.9810669471797491
0.8006495043831423, 0.9810669471797491
0.8006495043831423, 0.9810669471797491
0.8006495043831423, 0.9810669471797491
0.8006495043831423, 0.9810669471797491
0.8006495043831423, 0.9810669471797491
0.8006495043831423, 0.9810669471797491
0.8006495043831423, 0.9810669471797491
0.36093831513597585, 0.6523393384617553
0.36093831513597585, 0.6523393384617553
0.36093831513597585, 0.6523393384617553
0.36093831513597585, 0.6523393384617553
0.36093831513597585, 0.6523393384617553
0.36093831513597585, 0.6523393384617553
0.36093831513597585, 0.6523393384617553
0.36093831513597585, 0.6523393384617553
0.36093831513597585, 0.6523393384617553
0.36093831513597585, 0.6523393384617553
