1e-05
0.2935658367245365, 0.5617243234872232
0.2935658367245365, 0.5617243234872232
0.2935658367245365, 0.5617243234872232
0.2935658367245365, 0.5617243234872232
0.2935658367245365, 0.5617243234872232
0.2935658367245365, 0.5617243234872232
0.2935658367245365, 0.5617243234872232
0.2935658367245365, 0.5617243234872232
0.2935658367245365, 0.5617243234872232
0.2935658367245365, 0.5617243234872232
0.09985012424357476, 0.4976406408977686
0.09985012424357476, 0.4976406408977686
0.09985012424357476, 0.4976406408977686
0.09985012424357476, 0.4976406408977686
0.09985012424357476, 0.4976406408977686
0.09985012424357476, 0.4976406408977686
0.09985012424357476, 0.4976406408977686
0.09985012424357476, 0.4976406408977686
0.09985012424357476, 0.4976406408977686
0.09985012424357476, 0.4976406408977686
0.7305178014645931, 0.7131344756964509
0.7305178014645931, 0.7131344756964509
0.7305178014645931, 0.7131344756964509
0.7305178014645931, 0.7131344756964509
0.7305178014645931, 0.7131344756964509
0.7305178014645931, 0.7131344756964509
0.7305178014645931, 0.7131344756964509
0.7305178014645931, 0.7131344756964509
0.7305178014645931, 0.7131344756964509
0.7305178014645931, 0.7131344756964509
0.2259307515451091, 0.2698583990845067
0.2259307515451091, 0.2698583990845067
0.2259307515451091, 0.2698583990845067
0.2259307515451091, 0.2698583990845067
0.2259307515451091, 0.2698583990845067
0.2259307515451091, 0.2698583990845067
0.2259307515451091, 0.2698583990845067
0.2259307515451091, 0.2698583990845067
0.2259307515451091, 0.2698583990845067
0.2259307515451091, 0.2698583990845067
0.1569257541244773, 0.9881980003371601
0.1569257541244773, 0.9881980003371601
0.1569257541244773, 0.9881980003371601
0.1569257541244773, 0.9881980003371601
0.1569257541244773, 0.9881980003371601
0.1569257541244773, 0.9881980003371601
0.1569257541244773, 0.9881980003371601
0.1569257541244773, 0.9881980003371601
0.1569257541244773, 0.9881980003371601
0.1569257541244773, 0.9881980003371601
0.3496191618511192, 0.5045784523798471
0.3496191618511192, 0.5045784523798471
0.3496191618511192, 0.5045784523798471
0.3496191618511192, 0.5045784523798471
0.3496191618511192, 0.5045784523798471
0.3496191618511192, 0.5045784523798471
0.3496191618511192, 0.5045784523798471
0.3496191618511192, 0.5045784523798471
0.3496191618511192, 0.5045784523798471
0.3496191618511192, 0.5045784523798471
0.9500077400999531, 0.8093064288751123
0.9500077400999531, 0.8093064288751123
0.9500077400999531, 0.8093064288751123
0.9500077400999531, 0.8093064288751123
0.9500077400999531, 0.8093064288751123
0.9500077400999531, 0.8093064288751123
0.9500077400999531, 0.8093064288751123
0.9500077400999531, 0.8093064288751123
0.9500077400999531, 0.8093064288751123
0.9500077400999531, 0.8093064288751123
0.8475506208300937, 0.22146909737863407
0.8475506208300937, 0.22146909737863407
0.8475506208300937, 0.22146909737863407
0.8475506208300937, 0.22146909737863407
0.8475506208300937, 0.22146909737863407
0.8475506208300937, 0.22146909737863407
0.8475506208300937, 0.22146909737863407
0.8475506208300937, 0.22146909737863407
0.8475506208300937, 0.22146909737863407
0.8475506208300937, 0.22146909737863407
0.2190226060477064, 0.07237598851629756
0.2190226060477064, 0.07237598851629756
0.2190226060477064, 0.07237598851629756
0.2190226060477064, 0.07237598851629756
0.2190226060477064, 0.07237598851629756
0.2190226060477064, 0.07237598851629756
0.2190226060477064, 0.07237598851629756
0.2190226060477064, 0.07237598851629756
0.2190226060477064, 0.07237598851629756
0.2190226060477064, 0.07237598851629756
0.2788088358177021, 0.5165691591999545
0.2788088358177021, 0.5165691591999545
0.2788088358177021, 0.5165691591999545
0.2788088358177021, 0.5165691591999545
0.2788088358177021, 0.5165691591999545
0.2788088358177021, 0.5165691591999545
0.2788088358177021, 0.5165691591999545
0.2788088358177021, 0.5165691591999545
0.2788088358177021, 0.5165691591999545
0.2788088358177021, 0.5165691591999545
