1e-05
0.3482569095693049, 0.9996600247443819
0.3482569095693049, 0.9996600247443819
0.3482569095693049, 0.9996600247443819
0.3482569095693049, 0.9996600247443819
0.3482569095693049, 0.9996600247443819
0.3482569095693049, 0.9996600247443819
0.3482569095693049, 0.9996600247443819
0.3482569095693049, 0.9996600247443819
0.3482569095693049, 0.9996600247443819
0.3482569095693049, 0.9996600247443819
0.7338991124832122, 0.6503726765169892
0.7338991124832122, 0.6503726765169892
0.7338991124832122, 0.6503726765169892
0.7338991124832122, 0.6503726765169892
0.7338991124832122, 0.6503726765169892
0.7338991124832122, 0.6503726765169892
0.7338991124832122, 0.6503726765169892
0.7338991124832122, 0.6503726765169892
0.7338991124832122, 0.6503726765169892
0.7338991124832122, 0.6503726765169892
0.5808376622047988, 0.5168301091887274
0.5808376622047988, 0.5168301091887274
0.5808376622047988, 0.5168301091887274
0.5808376622047988, 0.5168301091887274
0.5808376622047988, 0.5168301091887274
0.5808376622047988, 0.5168301091887274
0.5808376622047988, 0.5168301091887274
0.5808376622047988, 0.5168301091887274
0.5808376622047988, 0.5168301091887274
0.5808376622047988, 0.5168301091887274
0.3289451889207774, 0.14757285789672936
0.3289451889207774, 0.14757285789672936
0.3289451889207774, 0.14757285789672936
0.3289451889207774, 0.14757285789672936
0.3289451889207774, 0.14757285789672936
0.3289451889207774, 0.14757285789672936
0.3289451889207774, 0.14757285789672936
0.3289451889207774, 0.14757285789672936
0.3289451889207774, 0.14757285789672936
0.3289451889207774, 0.14757285789672936
0.0031726612120505093, 0.015336089617736914
0.0031726612120505093, 0.015336089617736914
0.0031726612120505093, 0.015336089617736914
0.0031726612120505093, 0.015336089617736914
0.0031726612120505093, 0.015336089617736914
0.0031726612120505093, 0.015336089617736914
0.0031726612120505093, 0.015336089617736914
0.0031726612120505093, 0.015336089617736914
0.0031726612120505093, 0.015336089617736914
0.0031726612120505093, 0.015336089617736914
0.011960276939039005, 0.033914124343711216
0.011960276939039005, 0.033914124343711216
0.011960276939039005, 0.033914124343711216
0.011960276939039005, 0.033914124343711216
0.011960276939039005, 0.033914124343711216
0.011960276939039005, 0.033914124343711216
0.011960276939039005, 0.033914124343711216
0.011960276939039005, 0.033914124343711216
0.011960276939039005, 0.033914124343711216
0.011960276939039005, 0.033914124343711216
0.8199766364488934, 0.06779853528316326
0.8199766364488934, 0.06779853528316326
0.8199766364488934, 0.06779853528316326
0.8199766364488934, 0.06779853528316326
0.8199766364488934, 0.06779853528316326
0.8199766364488934, 0.06779853528316326
0.8199766364488934, 0.06779853528316326
0.8199766364488934, 0.06779853528316326
0.8199766364488934, 0.06779853528316326
0.8199766364488934, 0.06779853528316326
0.8037334160892237, 0.640360612103851
0.8037334160892237, 0.640360612103851
0.8037334160892237, 0.640360612103851
0.8037334160892237, 0.640360612103851
0.8037334160892237, 0.640360612103851
0.8037334160892237, 0.640360612103851
0.8037334160892237, 0.640360612103851
0.8037334160892237, 0.640360612103851
0.8037334160892237, 0.640360612103851
0.8037334160892237, 0.640360612103851
0.7175883959859977, 0.3452834111763229
0.7175883959859977, 0.3452834111763229
0.7175883959859977, 0.3452834111763229
0.7175883959859977, 0.3452834111763229
0.7175883959859977, 0.3452834111763229
0.7175883959859977, 0.3452834111763229
0.7175883959859977, 0.3452834111763229
0.7175883959859977, 0.3452834111763229
0.7175883959859977, 0.3452834111763229
0.7175883959859977, 0.3452834111763229
0.4122103844081574, 0.24058550864194983
0.4122103844081574, 0.24058550864194983
0.4122103844081574, 0.24058550864194983
0.4122103844081574, 0.24058550864194983
0.4122103844081574, 0.24058550864194983
0.4122103844081574, 0.24058550864194983
0.4122103844081574, 0.24058550864194983
0.4122103844081574, 0.24058550864194983
0.4122103844081574, 0.24058550864194983
0.4122103844081574, 0.24058550864194983
