1e-05
0.8052321800358219, 0.5919389759130096
0.8052321800358219, 0.5919389759130096
0.8052321800358219, 0.5919389759130096
0.8052321800358219, 0.5919389759130096
0.8052321800358219, 0.5919389759130096
0.8052321800358219, 0.5919389759130096
0.8052321800358219, 0.5919389759130096
0.8052321800358219, 0.5919389759130096
0.8052321800358219, 0.5919389759130096
0.8052321800358219, 0.5919389759130096
0.6965098889224823, 0.18340753001839272
0.6965098889224823, 0.18340753001839272
0.6965098889224823, 0.18340753001839272
0.6965098889224823, 0.18340753001839272
0.6965098889224823, 0.18340753001839272
0.6965098889224823, 0.18340753001839272
0.6965098889224823, 0.18340753001839272
0.6965098889224823, 0.18340753001839272
0.6965098889224823, 0.18340753001839272
0.6965098889224823, 0.18340753001839272
0.848254801613073, 0.19432419305845694
0.848254801613073, 0.19432419305845694
0.848254801613073, 0.19432419305845694
0.848254801613073, 0.19432419305845694
0.848254801613073, 0.19432419305845694
0.848254801613073, 0.19432419305845694
0.848254801613073, 0.19432419305845694
0.848254801613073, 0.19432419305845694
0.848254801613073, 0.19432419305845694
0.848254801613073, 0.19432419305845694
0.47856287945532194, 0.08057135627883139
0.47856287945532194, 0.08057135627883139
0.47856287945532194, 0.08057135627883139
0.47856287945532194, 0.08057135627883139
0.47856287945532194, 0.08057135627883139
0.47856287945532194, 0.08057135627883139
0.47856287945532194, 0.08057135627883139
0.47856287945532194, 0.08057135627883139
0.47856287945532194, 0.08057135627883139
0.47856287945532194, 0.08057135627883139
0.5725385146003794, 0.8720070519805003
0.5725385146003794, 0.8720070519805003
0.5725385146003794, 0.8720070519805003
0.5725385146003794, 0.8720070519805003
0.5725385146003794, 0.8720070519805003
0.5725385146003794, 0.8720070519805003
0.5725385146003794, 0.8720070519805003
0.5725385146003794, 0.8720070519805003
0.5725385146003794, 0.8720070519805003
0.5725385146003794, 0.8720070519805003
0.9958933632461607, 0.8166107189049651
0.9958933632461607, 0.8166107189049651
0.9958933632461607, 0.8166107189049651
0.9958933632461607, 0.8166107189049651
0.9958933632461607, 0.8166107189049651
0.9958933632461607, 0.8166107189049651
0.9958933632461607, 0.8166107189049651
0.9958933632461607, 0.8166107189049651
0.9958933632461607, 0.8166107189049651
0.9958933632461607, 0.8166107189049651
0.3180009037414734, 0.9645127468475229
0.3180009037414734, 0.9645127468475229
0.3180009037414734, 0.9645127468475229
0.3180009037414734, 0.9645127468475229
0.3180009037414734, 0.9645127468475229
0.3180009037414734, 0.9645127468475229
0.3180009037414734, 0.9645127468475229
0.3180009037414734, 0.9645127468475229
0.3180009037414734, 0.9645127468475229
0.3180009037414734, 0.9645127468475229
0.8960707279931273, 0.9528319503789505
0.8960707279931273, 0.9528319503789505
0.8960707279931273, 0.9528319503789505
0.8960707279931273, 0.9528319503789505
0.8960707279931273, 0.9528319503789505
0.8960707279931273, 0.9528319503789505
0.8960707279931273, 0.9528319503789505
0.8960707279931273, 0.9528319503789505
0.8960707279931273, 0.9528319503789505
0.8960707279931273, 0.9528319503789505
0.45644238966968254, 0.11102284266842766
0.45644238966968254, 0.11102284266842766
0.45644238966968254, 0.11102284266842766
0.45644238966968254, 0.11102284266842766
0.45644238966968254, 0.11102284266842766
0.45644238966968254, 0.11102284266842766
0.45644238966968254, 0.11102284266842766
0.45644238966968254, 0.11102284266842766
0.45644238966968254, 0.11102284266842766
0.45644238966968254, 0.11102284266842766
0.3438641254285717, 0.09530412335371374
0.3438641254285717, 0.09530412335371374
0.3438641254285717, 0.09530412335371374
0.3438641254285717, 0.09530412335371374
0.3438641254285717, 0.09530412335371374
0.3438641254285717, 0.09530412335371374
0.3438641254285717, 0.09530412335371374
0.3438641254285717, 0.09530412335371374
0.3438641254285717, 0.09530412335371374
0.3438641254285717, 0.09530412335371374
