1e-05
0.39478273768523553, 0.5448195382085004
0.39478273768523553, 0.5448195382085004
0.39478273768523553, 0.5448195382085004
0.39478273768523553, 0.5448195382085004
0.39478273768523553, 0.5448195382085004
0.39478273768523553, 0.5448195382085004
0.39478273768523553, 0.5448195382085004
0.39478273768523553, 0.5448195382085004
0.39478273768523553, 0.5448195382085004
0.39478273768523553, 0.5448195382085004
0.5087009125596287, 0.6550689950241467
0.5087009125596287, 0.6550689950241467
0.5087009125596287, 0.6550689950241467
0.5087009125596287, 0.6550689950241467
0.5087009125596287, 0.6550689950241467
0.5087009125596287, 0.6550689950241467
0.5087009125596287, 0.6550689950241467
0.5087009125596287, 0.6550689950241467
0.5087009125596287, 0.6550689950241467
0.5087009125596287, 0.6550689950241467
0.4195853422778695, 0.11228604712120882
0.4195853422778695, 0.11228604712120882
0.4195853422778695, 0.11228604712120882
0.4195853422778695, 0.11228604712120882
0.4195853422778695, 0.11228604712120882
0.4195853422778695, 0.11228604712120882
0.4195853422778695, 0.11228604712120882
0.4195853422778695, 0.11228604712120882
0.4195853422778695, 0.11228604712120882
0.4195853422778695, 0.11228604712120882
0.3419749625031968, 0.6869069805646391
0.3419749625031968, 0.6869069805646391
0.3419749625031968, 0.6869069805646391
0.3419749625031968, 0.6869069805646391
0.3419749625031968, 0.6869069805646391
0.3419749625031968, 0.6869069805646391
0.3419749625031968, 0.6869069805646391
0.3419749625031968, 0.6869069805646391
0.3419749625031968, 0.6869069805646391
0.3419749625031968, 0.6869069805646391
0.8417512905752578, 0.15410543930414333
0.8417512905752578, 0.15410543930414333
0.8417512905752578, 0.15410543930414333
0.8417512905752578, 0.15410543930414333
0.8417512905752578, 0.15410543930414333
0.8417512905752578, 0.15410543930414333
0.8417512905752578, 0.15410543930414333
0.8417512905752578, 0.15410543930414333
0.8417512905752578, 0.15410543930414333
0.8417512905752578, 0.15410543930414333
0.7635425487787758, 0.5823953524890685
0.7635425487787758, 0.5823953524890685
0.7635425487787758, 0.5823953524890685
0.7635425487787758, 0.5823953524890685
0.7635425487787758, 0.5823953524890685
0.7635425487787758, 0.5823953524890685
0.7635425487787758, 0.5823953524890685
0.7635425487787758, 0.5823953524890685
0.7635425487787758, 0.5823953524890685
0.7635425487787758, 0.5823953524890685
0.3089242796902545, 0.10162742122182133
0.3089242796902545, 0.10162742122182133
0.3089242796902545, 0.10162742122182133
0.3089242796902545, 0.10162742122182133
0.3089242796902545, 0.10162742122182133
0.3089242796902545, 0.10162742122182133
0.3089242796902545, 0.10162742122182133
0.3089242796902545, 0.10162742122182133
0.3089242796902545, 0.10162742122182133
0.3089242796902545, 0.10162742122182133
0.09680997464375829, 0.7161859492711345
0.09680997464375829, 0.7161859492711345
0.09680997464375829, 0.7161859492711345
0.09680997464375829, 0.7161859492711345
0.09680997464375829, 0.7161859492711345
0.09680997464375829, 0.7161859492711345
0.09680997464375829, 0.7161859492711345
0.09680997464375829, 0.7161859492711345
0.09680997464375829, 0.7161859492711345
0.09680997464375829, 0.7161859492711345
0.1600100930870647, 0.9936447517218641
0.1600100930870647, 0.9936447517218641
0.1600100930870647, 0.9936447517218641
0.1600100930870647, 0.9936447517218641
0.1600100930870647, 0.9936447517218641
0.1600100930870647, 0.9936447517218641
0.1600100930870647, 0.9936447517218641
0.1600100930870647, 0.9936447517218641
0.1600100930870647, 0.9936447517218641
0.1600100930870647, 0.9936447517218641
0.38232012564962703, 0.4227993412090971
0.38232012564962703, 0.4227993412090971
0.38232012564962703, 0.4227993412090971
0.38232012564962703, 0.4227993412090971
0.38232012564962703, 0.4227993412090971
0.38232012564962703, 0.4227993412090971
0.38232012564962703, 0.4227993412090971
0.38232012564962703, 0.4227993412090971
0.38232012564962703, 0.4227993412090971
0.38232012564962703, 0.4227993412090971
