1e-05
0.26024263548493387, 0.665755567838617
0.26024263548493387, 0.665755567838617
0.26024263548493387, 0.665755567838617
0.26024263548493387, 0.665755567838617
0.26024263548493387, 0.665755567838617
0.26024263548493387, 0.665755567838617
0.26024263548493387, 0.665755567838617
0.26024263548493387, 0.665755567838617
0.26024263548493387, 0.665755567838617
0.26024263548493387, 0.665755567838617
0.025604925774542542, 0.6870513296153307
0.025604925774542542, 0.6870513296153307
0.025604925774542542, 0.6870513296153307
0.025604925774542542, 0.6870513296153307
0.025604925774542542, 0.6870513296153307
0.025604925774542542, 0.6870513296153307
0.025604925774542542, 0.6870513296153307
0.025604925774542542, 0.6870513296153307
0.025604925774542542, 0.6870513296153307
0.025604925774542542, 0.6870513296153307
0.17226202116916878, 0.48015395138578654
0.17226202116916878, 0.48015395138578654
0.17226202116916878, 0.48015395138578654
0.17226202116916878, 0.48015395138578654
0.17226202116916878, 0.48015395138578654
0.17226202116916878, 0.48015395138578654
0.17226202116916878, 0.48015395138578654
0.17226202116916878, 0.48015395138578654
0.17226202116916878, 0.48015395138578654
0.17226202116916878, 0.48015395138578654
0.09118215192084522, 0.18522112530048906
0.09118215192084522, 0.18522112530048906
0.09118215192084522, 0.18522112530048906
0.09118215192084522, 0.18522112530048906
0.09118215192084522, 0.18522112530048906
0.09118215192084522, 0.18522112530048906
0.09118215192084522, 0.18522112530048906
0.09118215192084522, 0.18522112530048906
0.09118215192084522, 0.18522112530048906
0.09118215192084522, 0.18522112530048906
0.5111093990850999, 0.5999326995904386
0.5111093990850999, 0.5999326995904386
0.5111093990850999, 0.5999326995904386
0.5111093990850999, 0.5999326995904386
0.5111093990850999, 0.5999326995904386
0.5111093990850999, 0.5999326995904386
0.5111093990850999, 0.5999326995904386
0.5111093990850999, 0.5999326995904386
0.5111093990850999, 0.5999326995904386
0.5111093990850999, 0.5999326995904386
0.3542791005685799, 0.6289192873249978
0.3542791005685799, 0.6289192873249978
0.3542791005685799, 0.6289192873249978
0.3542791005685799, 0.6289192873249978
0.3542791005685799, 0.6289192873249978
0.3542791005685799, 0.6289192873249978
0.3542791005685799, 0.6289192873249978
0.3542791005685799, 0.6289192873249978
0.3542791005685799, 0.6289192873249978
0.3542791005685799, 0.6289192873249978
0.3584734334013794, 0.5479189289612914
0.3584734334013794, 0.5479189289612914
0.3584734334013794, 0.5479189289612914
0.3584734334013794, 0.5479189289612914
0.3584734334013794, 0.5479189289612914
0.3584734334013794, 0.5479189289612914
0.3584734334013794, 0.5479189289612914
0.3584734334013794, 0.5479189289612914
0.3584734334013794, 0.5479189289612914
0.3584734334013794, 0.5479189289612914
0.8344754564715028, 0.3084790007538928
0.8344754564715028, 0.3084790007538928
0.8344754564715028, 0.3084790007538928
0.8344754564715028, 0.3084790007538928
0.8344754564715028, 0.3084790007538928
0.8344754564715028, 0.3084790007538928
0.8344754564715028, 0.3084790007538928
0.8344754564715028, 0.3084790007538928
0.8344754564715028, 0.3084790007538928
0.8344754564715028, 0.3084790007538928
0.8134656672652428, 0.7596093525340203
0.8134656672652428, 0.7596093525340203
0.8134656672652428, 0.7596093525340203
0.8134656672652428, 0.7596093525340203
0.8134656672652428, 0.7596093525340203
0.8134656672652428, 0.7596093525340203
0.8134656672652428, 0.7596093525340203
0.8134656672652428, 0.7596093525340203
0.8134656672652428, 0.7596093525340203
0.8134656672652428, 0.7596093525340203
0.2177962923529525, 0.23247404978399322
0.2177962923529525, 0.23247404978399322
0.2177962923529525, 0.23247404978399322
0.2177962923529525, 0.23247404978399322
0.2177962923529525, 0.23247404978399322
0.2177962923529525, 0.23247404978399322
0.2177962923529525, 0.23247404978399322
0.2177962923529525, 0.23247404978399322
0.2177962923529525, 0.23247404978399322
0.2177962923529525, 0.23247404978399322
