1e-05
0.7950628211267109, 0.023784843830726987
0.7950628211267109, 0.023784843830726987
0.7950628211267109, 0.023784843830726987
0.7950628211267109, 0.023784843830726987
0.7950628211267109, 0.023784843830726987
0.7950628211267109, 0.023784843830726987
0.7950628211267109, 0.023784843830726987
0.7950628211267109, 0.023784843830726987
0.7950628211267109, 0.023784843830726987
0.7950628211267109, 0.023784843830726987
0.07408907527809705, 0.8697910944923424
0.07408907527809705, 0.8697910944923424
0.07408907527809705, 0.8697910944923424
0.07408907527809705, 0.8697910944923424
0.07408907527809705, 0.8697910944923424
0.07408907527809705, 0.8697910944923424
0.07408907527809705, 0.8697910944923424
0.07408907527809705, 0.8697910944923424
0.07408907527809705, 0.8697910944923424
0.07408907527809705, 0.8697910944923424
0.0700394051786365, 0.5652131485451308
0.0700394051786365, 0.5652131485451308
0.0700394051786365, 0.5652131485451308
0.0700394051786365, 0.5652131485451308
0.0700394051786365, 0.5652131485451308
0.0700394051786365, 0.5652131485451308
0.0700394051786365, 0.5652131485451308
0.0700394051786365, 0.5652131485451308
0.0700394051786365, 0.5652131485451308
0.0700394051786365, 0.5652131485451308
0.7070874876688399, 0.9295329456470758
0.7070874876688399, 0.9295329456470758
0.7070874876688399, 0.9295329456470758
0.7070874876688399, 0.9295329456470758
0.7070874876688399, 0.9295329456470758
0.7070874876688399, 0.9295329456470758
0.7070874876688399, 0.9295329456470758
0.7070874876688399, 0.9295329456470758
0.7070874876688399, 0.9295329456470758
0.7070874876688399, 0.9295329456470758
0.6453580845508545, 0.35413783676832045
0.6453580845508545, 0.35413783676832045
0.6453580845508545, 0.35413783676832045
0.6453580845508545, 0.35413783676832045
0.6453580845508545, 0.35413783676832045
0.6453580845508545, 0.35413783676832045
0.6453580845508545, 0.35413783676832045
0.6453580845508545, 0.35413783676832045
0.6453580845508545, 0.35413783676832045
0.6453580845508545, 0.35413783676832045
0.7913815865878978, 0.5464002888356501
0.7913815865878978, 0.5464002888356501
0.7913815865878978, 0.5464002888356501
0.7913815865878978, 0.5464002888356501
0.7913815865878978, 0.5464002888356501
0.7913815865878978, 0.5464002888356501
0.7913815865878978, 0.5464002888356501
0.7913815865878978, 0.5464002888356501
0.7913815865878978, 0.5464002888356501
0.7913815865878978, 0.5464002888356501
0.8506884429183957, 0.7060269928460081
0.8506884429183957, 0.7060269928460081
0.8506884429183957, 0.7060269928460081
0.8506884429183957, 0.7060269928460081
0.8506884429183957, 0.7060269928460081
0.8506884429183957, 0.7060269928460081
0.8506884429183957, 0.7060269928460081
0.8506884429183957, 0.7060269928460081
0.8506884429183957, 0.7060269928460081
0.8506884429183957, 0.7060269928460081
0.44718705189737695, 0.8413571321486499
0.44718705189737695, 0.8413571321486499
0.44718705189737695, 0.8413571321486499
0.44718705189737695, 0.8413571321486499
0.44718705189737695, 0.8413571321486499
0.44718705189737695, 0.8413571321486499
0.44718705189737695, 0.8413571321486499
0.44718705189737695, 0.8413571321486499
0.44718705189737695, 0.8413571321486499
0.44718705189737695, 0.8413571321486499
0.9289147633340707, 0.247403780239277
0.9289147633340707, 0.247403780239277
0.9289147633340707, 0.247403780239277
0.9289147633340707, 0.247403780239277
0.9289147633340707, 0.247403780239277
0.9289147633340707, 0.247403780239277
0.9289147633340707, 0.247403780239277
0.9289147633340707, 0.247403780239277
0.9289147633340707, 0.247403780239277
0.9289147633340707, 0.247403780239277
0.8727564501059891, 0.3284134527696939
0.8727564501059891, 0.3284134527696939
0.8727564501059891, 0.3284134527696939
0.8727564501059891, 0.3284134527696939
0.8727564501059891, 0.3284134527696939
0.8727564501059891, 0.3284134527696939
0.8727564501059891, 0.3284134527696939
0.8727564501059891, 0.3284134527696939
0.8727564501059891, 0.3284134527696939
0.8727564501059891, 0.3284134527696939
