1e-05
0.23809074520291496, 0.27320924188243956
0.23809074520291496, 0.27320924188243956
0.23809074520291496, 0.27320924188243956
0.23809074520291496, 0.27320924188243956
0.23809074520291496, 0.27320924188243956
0.23809074520291496, 0.27320924188243956
0.23809074520291496, 0.27320924188243956
0.23809074520291496, 0.27320924188243956
0.23809074520291496, 0.27320924188243956
0.23809074520291496, 0.27320924188243956
0.9341263168154719, 0.7487677376787357
0.9341263168154719, 0.7487677376787357
0.9341263168154719, 0.7487677376787357
0.9341263168154719, 0.7487677376787357
0.9341263168154719, 0.7487677376787357
0.9341263168154719, 0.7487677376787357
0.9341263168154719, 0.7487677376787357
0.9341263168154719, 0.7487677376787357
0.9341263168154719, 0.7487677376787357
0.9341263168154719, 0.7487677376787357
0.07447558148790101, 0.23406799363462516
0.07447558148790101, 0.23406799363462516
0.07447558148790101, 0.23406799363462516
0.07447558148790101, 0.23406799363462516
0.07447558148790101, 0.23406799363462516
0.07447558148790101, 0.23406799363462516
0.07447558148790101, 0.23406799363462516
0.07447558148790101, 0.23406799363462516
0.07447558148790101, 0.23406799363462516
0.07447558148790101, 0.23406799363462516
0.8670118569759541, 0.98043523760768
0.8670118569759541, 0.98043523760768
0.8670118569759541, 0.98043523760768
0.8670118569759541, 0.98043523760768
0.8670118569759541, 0.98043523760768
0.8670118569759541, 0.98043523760768
0.8670118569759541, 0.98043523760768
0.8670118569759541, 0.98043523760768
0.8670118569759541, 0.98043523760768
0.8670118569759541, 0.98043523760768
0.4401146827311423, 0.15132341686804351
0.4401146827311423, 0.15132341686804351
0.4401146827311423, 0.15132341686804351
0.4401146827311423, 0.15132341686804351
0.4401146827311423, 0.15132341686804351
0.4401146827311423, 0.15132341686804351
0.4401146827311423, 0.15132341686804351
0.4401146827311423, 0.15132341686804351
0.4401146827311423, 0.15132341686804351
0.4401146827311423, 0.15132341686804351
0.3422697197102811, 0.4218705915708747
0.3422697197102811, 0.4218705915708747
0.3422697197102811, 0.4218705915708747
0.3422697197102811, 0.4218705915708747
0.3422697197102811, 0.4218705915708747
0.3422697197102811, 0.4218705915708747
0.3422697197102811, 0.4218705915708747
0.3422697197102811, 0.4218705915708747
0.3422697197102811, 0.4218705915708747
0.3422697197102811, 0.4218705915708747
0.24472687555410466, 0.04585470649125445
0.24472687555410466, 0.04585470649125445
0.24472687555410466, 0.04585470649125445
0.24472687555410466, 0.04585470649125445
0.24472687555410466, 0.04585470649125445
0.24472687555410466, 0.04585470649125445
0.24472687555410466, 0.04585470649125445
0.24472687555410466, 0.04585470649125445
0.24472687555410466, 0.04585470649125445
0.24472687555410466, 0.04585470649125445
0.5687454844471788, 0.1749429794380578
0.5687454844471788, 0.1749429794380578
0.5687454844471788, 0.1749429794380578
0.5687454844471788, 0.1749429794380578
0.5687454844471788, 0.1749429794380578
0.5687454844471788, 0.1749429794380578
0.5687454844471788, 0.1749429794380578
0.5687454844471788, 0.1749429794380578
0.5687454844471788, 0.1749429794380578
0.5687454844471788, 0.1749429794380578
0.6405557972740915, 0.6920449883077286
0.6405557972740915, 0.6920449883077286
0.6405557972740915, 0.6920449883077286
0.6405557972740915, 0.6920449883077286
0.6405557972740915, 0.6920449883077286
0.6405557972740915, 0.6920449883077286
0.6405557972740915, 0.6920449883077286
0.6405557972740915, 0.6920449883077286
0.6405557972740915, 0.6920449883077286
0.6405557972740915, 0.6920449883077286
0.25062499874860367, 0.7536546808505646
0.25062499874860367, 0.7536546808505646
0.25062499874860367, 0.7536546808505646
0.25062499874860367, 0.7536546808505646
0.25062499874860367, 0.7536546808505646
0.25062499874860367, 0.7536546808505646
0.25062499874860367, 0.7536546808505646
0.25062499874860367, 0.7536546808505646
0.25062499874860367, 0.7536546808505646
0.25062499874860367, 0.7536546808505646
