1e-05
0.537271049234235, 0.46146002397479946
0.537271049234235, 0.46146002397479946
0.537271049234235, 0.46146002397479946
0.537271049234235, 0.46146002397479946
0.537271049234235, 0.46146002397479946
0.537271049234235, 0.46146002397479946
0.537271049234235, 0.46146002397479946
0.537271049234235, 0.46146002397479946
0.537271049234235, 0.46146002397479946
0.537271049234235, 0.46146002397479946
0.7205748853343097, 0.006068655369598663
0.7205748853343097, 0.006068655369598663
0.7205748853343097, 0.006068655369598663
0.7205748853343097, 0.006068655369598663
0.7205748853343097, 0.006068655369598663
0.7205748853343097, 0.006068655369598663
0.7205748853343097, 0.006068655369598663
0.7205748853343097, 0.006068655369598663
0.7205748853343097, 0.006068655369598663
0.7205748853343097, 0.006068655369598663
0.02224034204655434, 0.11837772067284458
0.02224034204655434, 0.11837772067284458
0.02224034204655434, 0.11837772067284458
0.02224034204655434, 0.11837772067284458
0.02224034204655434, 0.11837772067284458
0.02224034204655434, 0.11837772067284458
0.02224034204655434, 0.11837772067284458
0.02224034204655434, 0.11837772067284458
0.02224034204655434, 0.11837772067284458
0.02224034204655434, 0.11837772067284458
0.9643220564212573, 0.8149763714464363
0.9643220564212573, 0.8149763714464363
0.9643220564212573, 0.8149763714464363
0.9643220564212573, 0.8149763714464363
0.9643220564212573, 0.8149763714464363
0.9643220564212573, 0.8149763714464363
0.9643220564212573, 0.8149763714464363
0.9643220564212573, 0.8149763714464363
0.9643220564212573, 0.8149763714464363
0.9643220564212573, 0.8149763714464363
0.3002256692940487, 0.31548477078423687
0.3002256692940487, 0.31548477078423687
0.3002256692940487, 0.31548477078423687
0.3002256692940487, 0.31548477078423687
0.3002256692940487, 0.31548477078423687
0.3002256692940487, 0.31548477078423687
0.3002256692940487, 0.31548477078423687
0.3002256692940487, 0.31548477078423687
0.3002256692940487, 0.31548477078423687
0.3002256692940487, 0.31548477078423687
0.11659862996628356, 0.7766752156259653
0.11659862996628356, 0.7766752156259653
0.11659862996628356, 0.7766752156259653
0.11659862996628356, 0.7766752156259653
0.11659862996628356, 0.7766752156259653
0.11659862996628356, 0.7766752156259653
0.11659862996628356, 0.7766752156259653
0.11659862996628356, 0.7766752156259653
0.11659862996628356, 0.7766752156259653
0.11659862996628356, 0.7766752156259653
0.6184541886828301, 0.1897665791868658
0.6184541886828301, 0.1897665791868658
0.6184541886828301, 0.1897665791868658
0.6184541886828301, 0.1897665791868658
0.6184541886828301, 0.1897665791868658
0.6184541886828301, 0.1897665791868658
0.6184541886828301, 0.1897665791868658
0.6184541886828301, 0.1897665791868658
0.6184541886828301, 0.1897665791868658
0.6184541886828301, 0.1897665791868658
0.5952282497102147, 0.19113151668397133
0.5952282497102147, 0.19113151668397133
0.5952282497102147, 0.19113151668397133
0.5952282497102147, 0.19113151668397133
0.5952282497102147, 0.19113151668397133
0.5952282497102147, 0.19113151668397133
0.5952282497102147, 0.19113151668397133
0.5952282497102147, 0.19113151668397133
0.5952282497102147, 0.19113151668397133
0.5952282497102147, 0.19113151668397133
0.6222610462651856, 0.5378549013035832
0.6222610462651856, 0.5378549013035832
0.6222610462651856, 0.5378549013035832
0.6222610462651856, 0.5378549013035832
0.6222610462651856, 0.5378549013035832
0.6222610462651856, 0.5378549013035832
0.6222610462651856, 0.5378549013035832
0.6222610462651856, 0.5378549013035832
0.6222610462651856, 0.5378549013035832
0.6222610462651856, 0.5378549013035832
0.443436284219732, 0.8578479426119517
0.443436284219732, 0.8578479426119517
0.443436284219732, 0.8578479426119517
0.443436284219732, 0.8578479426119517
0.443436284219732, 0.8578479426119517
0.443436284219732, 0.8578479426119517
0.443436284219732, 0.8578479426119517
0.443436284219732, 0.8578479426119517
0.443436284219732, 0.8578479426119517
0.443436284219732, 0.8578479426119517
