1e-05
0.934765213305226, 0.25924488737710405
0.934765213305226, 0.25924488737710405
0.934765213305226, 0.25924488737710405
0.934765213305226, 0.25924488737710405
0.934765213305226, 0.25924488737710405
0.934765213305226, 0.25924488737710405
0.934765213305226, 0.25924488737710405
0.934765213305226, 0.25924488737710405
0.934765213305226, 0.25924488737710405
0.934765213305226, 0.25924488737710405
0.25315256568218647, 0.26095968797104296
0.25315256568218647, 0.26095968797104296
0.25315256568218647, 0.26095968797104296
0.25315256568218647, 0.26095968797104296
0.25315256568218647, 0.26095968797104296
0.25315256568218647, 0.26095968797104296
0.25315256568218647, 0.26095968797104296
0.25315256568218647, 0.26095968797104296
0.25315256568218647, 0.26095968797104296
0.25315256568218647, 0.26095968797104296
0.009364281449621314, 0.24977783043019164
0.009364281449621314, 0.24977783043019164
0.009364281449621314, 0.24977783043019164
0.009364281449621314, 0.24977783043019164
0.009364281449621314, 0.24977783043019164
0.009364281449621314, 0.24977783043019164
0.009364281449621314, 0.24977783043019164
0.009364281449621314, 0.24977783043019164
0.009364281449621314, 0.24977783043019164
0.009364281449621314, 0.24977783043019164
0.13100129309224084, 0.10513854259894129
0.13100129309224084, 0.10513854259894129
0.13100129309224084, 0.10513854259894129
0.13100129309224084, 0.10513854259894129
0.13100129309224084, 0.10513854259894129
0.13100129309224084, 0.10513854259894129
0.13100129309224084, 0.10513854259894129
0.13100129309224084, 0.10513854259894129
0.13100129309224084, 0.10513854259894129
0.13100129309224084, 0.10513854259894129
0.4149926248842434, 0.15832794942144457
0.4149926248842434, 0.15832794942144457
0.4149926248842434, 0.15832794942144457
0.4149926248842434, 0.15832794942144457
0.4149926248842434, 0.15832794942144457
0.4149926248842434, 0.15832794942144457
0.4149926248842434, 0.15832794942144457
0.4149926248842434, 0.15832794942144457
0.4149926248842434, 0.15832794942144457
0.4149926248842434, 0.15832794942144457
0.36523963161122797, 0.7737420467280585
0.36523963161122797, 0.7737420467280585
0.36523963161122797, 0.7737420467280585
0.36523963161122797, 0.7737420467280585
0.36523963161122797, 0.7737420467280585
0.36523963161122797, 0.7737420467280585
0.36523963161122797, 0.7737420467280585
0.36523963161122797, 0.7737420467280585
0.36523963161122797, 0.7737420467280585
0.36523963161122797, 0.7737420467280585
0.48013072364304754, 0.22365586454598518
0.48013072364304754, 0.22365586454598518
0.48013072364304754, 0.22365586454598518
0.48013072364304754, 0.22365586454598518
0.48013072364304754, 0.22365586454598518
0.48013072364304754, 0.22365586454598518
0.48013072364304754, 0.22365586454598518
0.48013072364304754, 0.22365586454598518
0.48013072364304754, 0.22365586454598518
0.48013072364304754, 0.22365586454598518
0.458938173700311, 0.06387589191371279
0.458938173700311, 0.06387589191371279
0.458938173700311, 0.06387589191371279
0.458938173700311, 0.06387589191371279
0.458938173700311, 0.06387589191371279
0.458938173700311, 0.06387589191371279
0.458938173700311, 0.06387589191371279
0.458938173700311, 0.06387589191371279
0.458938173700311, 0.06387589191371279
0.458938173700311, 0.06387589191371279
0.47277100544103423, 0.8279152157742758
0.47277100544103423, 0.8279152157742758
0.47277100544103423, 0.8279152157742758
0.47277100544103423, 0.8279152157742758
0.47277100544103423, 0.8279152157742758
0.47277100544103423, 0.8279152157742758
0.47277100544103423, 0.8279152157742758
0.47277100544103423, 0.8279152157742758
0.47277100544103423, 0.8279152157742758
0.47277100544103423, 0.8279152157742758
0.7919957224936732, 0.732845921480363
0.7919957224936732, 0.732845921480363
0.7919957224936732, 0.732845921480363
0.7919957224936732, 0.732845921480363
0.7919957224936732, 0.732845921480363
0.7919957224936732, 0.732845921480363
0.7919957224936732, 0.732845921480363
0.7919957224936732, 0.732845921480363
0.7919957224936732, 0.732845921480363
0.7919957224936732, 0.732845921480363
