1e-05
0.3649363343565267, 0.15803943704122014
0.3649363343565267, 0.15803943704122014
0.3649363343565267, 0.15803943704122014
0.3649363343565267, 0.15803943704122014
0.3649363343565267, 0.15803943704122014
0.3649363343565267, 0.15803943704122014
0.3649363343565267, 0.15803943704122014
0.3649363343565267, 0.15803943704122014
0.3649363343565267, 0.15803943704122014
0.3649363343565267, 0.15803943704122014
0.47539352090035447, 0.92149804279005
0.47539352090035447, 0.92149804279005
0.47539352090035447, 0.92149804279005
0.47539352090035447, 0.92149804279005
0.47539352090035447, 0.92149804279005
0.47539352090035447, 0.92149804279005
0.47539352090035447, 0.92149804279005
0.47539352090035447, 0.92149804279005
0.47539352090035447, 0.92149804279005
0.47539352090035447, 0.92149804279005
0.5337002398190517, 0.44913374794668326
0.5337002398190517, 0.44913374794668326
0.5337002398190517, 0.44913374794668326
0.5337002398190517, 0.44913374794668326
0.5337002398190517, 0.44913374794668326
0.5337002398190517, 0.44913374794668326
0.5337002398190517, 0.44913374794668326
0.5337002398190517, 0.44913374794668326
0.5337002398190517, 0.44913374794668326
0.5337002398190517, 0.44913374794668326
0.6536480718109207, 0.8740269632726129
0.6536480718109207, 0.8740269632726129
0.6536480718109207, 0.8740269632726129
0.6536480718109207, 0.8740269632726129
0.6536480718109207, 0.8740269632726129
0.6536480718109207, 0.8740269632726129
0.6536480718109207, 0.8740269632726129
0.6536480718109207, 0.8740269632726129
0.6536480718109207, 0.8740269632726129
0.6536480718109207, 0.8740269632726129
0.4357693259365938, 0.5544001916946227
0.4357693259365938, 0.5544001916946227
0.4357693259365938, 0.5544001916946227
0.4357693259365938, 0.5544001916946227
0.4357693259365938, 0.5544001916946227
0.4357693259365938, 0.5544001916946227
0.4357693259365938, 0.5544001916946227
0.4357693259365938, 0.5544001916946227
0.4357693259365938, 0.5544001916946227
0.4357693259365938, 0.5544001916946227
0.9977684325374051, 0.6562489956227067
0.9977684325374051, 0.6562489956227067
0.9977684325374051, 0.6562489956227067
0.9977684325374051, 0.6562489956227067
0.9977684325374051, 0.6562489956227067
0.9977684325374051, 0.6562489956227067
0.9977684325374051, 0.6562489956227067
0.9977684325374051, 0.6562489956227067
0.9977684325374051, 0.6562489956227067
0.9977684325374051, 0.6562489956227067
0.6183890944889473, 0.4890241647602288
0.6183890944889473, 0.4890241647602288
0.6183890944889473, 0.4890241647602288
0.6183890944889473, 0.4890241647602288
0.6183890944889473, 0.4890241647602288
0.6183890944889473, 0.4890241647602288
0.6183890944889473, 0.4890241647602288
0.6183890944889473, 0.4890241647602288
0.6183890944889473, 0.4890241647602288
0.6183890944889473, 0.4890241647602288
0.036575059990543, 0.341336413871134
0.036575059990543, 0.341336413871134
0.036575059990543, 0.341336413871134
0.036575059990543, 0.341336413871134
0.036575059990543, 0.341336413871134
0.036575059990543, 0.341336413871134
0.036575059990543, 0.341336413871134
0.036575059990543, 0.341336413871134
0.036575059990543, 0.341336413871134
0.036575059990543, 0.341336413871134
0.8608834135259245, 0.29414984718185266
0.8608834135259245, 0.29414984718185266
0.8608834135259245, 0.29414984718185266
0.8608834135259245, 0.29414984718185266
0.8608834135259245, 0.29414984718185266
0.8608834135259245, 0.29414984718185266
0.8608834135259245, 0.29414984718185266
0.8608834135259245, 0.29414984718185266
0.8608834135259245, 0.29414984718185266
0.8608834135259245, 0.29414984718185266
0.3322417714924646, 0.30665789253012377
0.3322417714924646, 0.30665789253012377
0.3322417714924646, 0.30665789253012377
0.3322417714924646, 0.30665789253012377
0.3322417714924646, 0.30665789253012377
0.3322417714924646, 0.30665789253012377
0.3322417714924646, 0.30665789253012377
0.3322417714924646, 0.30665789253012377
0.3322417714924646, 0.30665789253012377
0.3322417714924646, 0.30665789253012377
