1e-05
0.83087803372084, 0.1992964463593414
0.83087803372084, 0.1992964463593414
0.83087803372084, 0.1992964463593414
0.83087803372084, 0.1992964463593414
0.83087803372084, 0.1992964463593414
0.83087803372084, 0.1992964463593414
0.83087803372084, 0.1992964463593414
0.83087803372084, 0.1992964463593414
0.83087803372084, 0.1992964463593414
0.83087803372084, 0.1992964463593414
0.9049359617264607, 0.8321682777370102
0.9049359617264607, 0.8321682777370102
0.9049359617264607, 0.8321682777370102
0.9049359617264607, 0.8321682777370102
0.9049359617264607, 0.8321682777370102
0.9049359617264607, 0.8321682777370102
0.9049359617264607, 0.8321682777370102
0.9049359617264607, 0.8321682777370102
0.9049359617264607, 0.8321682777370102
0.9049359617264607, 0.8321682777370102
0.006577155822439673, 0.249228142137652
0.006577155822439673, 0.249228142137652
0.006577155822439673, 0.249228142137652
0.006577155822439673, 0.249228142137652
0.006577155822439673, 0.249228142137652
0.006577155822439673, 0.249228142137652
0.006577155822439673, 0.249228142137652
0.006577155822439673, 0.249228142137652
0.006577155822439673, 0.249228142137652
0.006577155822439673, 0.249228142137652
0.6724649445688591, 0.6677731636007839
0.6724649445688591, 0.6677731636007839
0.6724649445688591, 0.6677731636007839
0.6724649445688591, 0.6677731636007839
0.6724649445688591, 0.6677731636007839
0.6724649445688591, 0.6677731636007839
0.6724649445688591, 0.6677731636007839
0.6724649445688591, 0.6677731636007839
0.6724649445688591, 0.6677731636007839
0.6724649445688591, 0.6677731636007839
0.0024994781268019572, 0.3478231397392624
0.0024994781268019572, 0.3478231397392624
0.0024994781268019572, 0.3478231397392624
0.0024994781268019572, 0.3478231397392624
0.0024994781268019572, 0.3478231397392624
0.0024994781268019572, 0.3478231397392624
0.0024994781268019572, 0.3478231397392624
0.0024994781268019572, 0.3478231397392624
0.0024994781268019572, 0.3478231397392624
0.0024994781268019572, 0.3478231397392624
0.31999626745639853, 0.2959839622865057
0.31999626745639853, 0.2959839622865057
0.31999626745639853, 0.2959839622865057
0.31999626745639853, 0.2959839622865057
0.31999626745639853, 0.2959839622865057
0.31999626745639853, 0.2959839622865057
0.31999626745639853, 0.2959839622865057
0.31999626745639853, 0.2959839622865057
0.31999626745639853, 0.2959839622865057
0.31999626745639853, 0.2959839622865057
0.5409514105109242, 0.1387877138916791
0.5409514105109242, 0.1387877138916791
0.5409514105109242, 0.1387877138916791
0.5409514105109242, 0.1387877138916791
0.5409514105109242, 0.1387877138916791
0.5409514105109242, 0.1387877138916791
0.5409514105109242, 0.1387877138916791
0.5409514105109242, 0.1387877138916791
0.5409514105109242, 0.1387877138916791
0.5409514105109242, 0.1387877138916791
0.04691323817191784, 0.4922967234255441
0.04691323817191784, 0.4922967234255441
0.04691323817191784, 0.4922967234255441
0.04691323817191784, 0.4922967234255441
0.04691323817191784, 0.4922967234255441
0.04691323817191784, 0.4922967234255441
0.04691323817191784, 0.4922967234255441
0.04691323817191784, 0.4922967234255441
0.04691323817191784, 0.4922967234255441
0.04691323817191784, 0.4922967234255441
0.7931198867117503, 0.5086296774474163
0.7931198867117503, 0.5086296774474163
0.7931198867117503, 0.5086296774474163
0.7931198867117503, 0.5086296774474163
0.7931198867117503, 0.5086296774474163
0.7931198867117503, 0.5086296774474163
0.7931198867117503, 0.5086296774474163
0.7931198867117503, 0.5086296774474163
0.7931198867117503, 0.5086296774474163
0.7931198867117503, 0.5086296774474163
0.9355221903535653, 0.3033209649939539
0.9355221903535653, 0.3033209649939539
0.9355221903535653, 0.3033209649939539
0.9355221903535653, 0.3033209649939539
0.9355221903535653, 0.3033209649939539
0.9355221903535653, 0.3033209649939539
0.9355221903535653, 0.3033209649939539
0.9355221903535653, 0.3033209649939539
0.9355221903535653, 0.3033209649939539
0.9355221903535653, 0.3033209649939539
