1e-05
0.021744281924193642, 0.24697695170445866
0.021744281924193642, 0.24697695170445866
0.021744281924193642, 0.24697695170445866
0.021744281924193642, 0.24697695170445866
0.021744281924193642, 0.24697695170445866
0.021744281924193642, 0.24697695170445866
0.021744281924193642, 0.24697695170445866
0.021744281924193642, 0.24697695170445866
0.021744281924193642, 0.24697695170445866
0.021744281924193642, 0.24697695170445866
0.7185794728716758, 0.813494345998891
0.7185794728716758, 0.813494345998891
0.7185794728716758, 0.813494345998891
0.7185794728716758, 0.813494345998891
0.7185794728716758, 0.813494345998891
0.7185794728716758, 0.813494345998891
0.7185794728716758, 0.813494345998891
0.7185794728716758, 0.813494345998891
0.7185794728716758, 0.813494345998891
0.7185794728716758, 0.813494345998891
0.7805977416602501, 0.30010317633015526
0.7805977416602501, 0.30010317633015526
0.7805977416602501, 0.30010317633015526
0.7805977416602501, 0.30010317633015526
0.7805977416602501, 0.30010317633015526
0.7805977416602501, 0.30010317633015526
0.7805977416602501, 0.30010317633015526
0.7805977416602501, 0.30010317633015526
0.7805977416602501, 0.30010317633015526
0.7805977416602501, 0.30010317633015526
0.8356242666769319, 0.9308138689024418
0.8356242666769319, 0.9308138689024418
0.8356242666769319, 0.9308138689024418
0.8356242666769319, 0.9308138689024418
0.8356242666769319, 0.9308138689024418
0.8356242666769319, 0.9308138689024418
0.8356242666769319, 0.9308138689024418
0.8356242666769319, 0.9308138689024418
0.8356242666769319, 0.9308138689024418
0.8356242666769319, 0.9308138689024418
0.6749302486209703, 0.5567764461088456
0.6749302486209703, 0.5567764461088456
0.6749302486209703, 0.5567764461088456
0.6749302486209703, 0.5567764461088456
0.6749302486209703, 0.5567764461088456
0.6749302486209703, 0.5567764461088456
0.6749302486209703, 0.5567764461088456
0.6749302486209703, 0.5567764461088456
0.6749302486209703, 0.5567764461088456
0.6749302486209703, 0.5567764461088456
0.36618584437464974, 0.3986129472019714
0.36618584437464974, 0.3986129472019714
0.36618584437464974, 0.3986129472019714
0.36618584437464974, 0.3986129472019714
0.36618584437464974, 0.3986129472019714
0.36618584437464974, 0.3986129472019714
0.36618584437464974, 0.3986129472019714
0.36618584437464974, 0.3986129472019714
0.36618584437464974, 0.3986129472019714
0.36618584437464974, 0.3986129472019714
0.4263334801748442, 0.2313252313133518
0.4263334801748442, 0.2313252313133518
0.4263334801748442, 0.2313252313133518
0.4263334801748442, 0.2313252313133518
0.4263334801748442, 0.2313252313133518
0.4263334801748442, 0.2313252313133518
0.4263334801748442, 0.2313252313133518
0.4263334801748442, 0.2313252313133518
0.4263334801748442, 0.2313252313133518
0.4263334801748442, 0.2313252313133518
0.13278628343642795, 0.4081076560115814
0.13278628343642795, 0.4081076560115814
0.13278628343642795, 0.4081076560115814
0.13278628343642795, 0.4081076560115814
0.13278628343642795, 0.4081076560115814
0.13278628343642795, 0.4081076560115814
0.13278628343642795, 0.4081076560115814
0.13278628343642795, 0.4081076560115814
0.13278628343642795, 0.4081076560115814
0.13278628343642795, 0.4081076560115814
0.49328154347116493, 0.6078764420624816
0.49328154347116493, 0.6078764420624816
0.49328154347116493, 0.6078764420624816
0.49328154347116493, 0.6078764420624816
0.49328154347116493, 0.6078764420624816
0.49328154347116493, 0.6078764420624816
0.49328154347116493, 0.6078764420624816
0.49328154347116493, 0.6078764420624816
0.49328154347116493, 0.6078764420624816
0.49328154347116493, 0.6078764420624816
0.15558425722611036, 0.8982951438105156
0.15558425722611036, 0.8982951438105156
0.15558425722611036, 0.8982951438105156
0.15558425722611036, 0.8982951438105156
0.15558425722611036, 0.8982951438105156
0.15558425722611036, 0.8982951438105156
0.15558425722611036, 0.8982951438105156
0.15558425722611036, 0.8982951438105156
0.15558425722611036, 0.8982951438105156
0.15558425722611036, 0.8982951438105156
