1e-05
0.222225682780389, 0.406521099823835
0.222225682780389, 0.406521099823835
0.222225682780389, 0.406521099823835
0.222225682780389, 0.406521099823835
0.222225682780389, 0.406521099823835
0.222225682780389, 0.406521099823835
0.222225682780389, 0.406521099823835
0.222225682780389, 0.406521099823835
0.222225682780389, 0.406521099823835
0.222225682780389, 0.406521099823835
0.49537149241895984, 0.2084433897128899
0.49537149241895984, 0.2084433897128899
0.49537149241895984, 0.2084433897128899
0.49537149241895984, 0.2084433897128899
0.49537149241895984, 0.2084433897128899
0.49537149241895984, 0.2084433897128899
0.49537149241895984, 0.2084433897128899
0.49537149241895984, 0.2084433897128899
0.49537149241895984, 0.2084433897128899
0.49537149241895984, 0.2084433897128899
0.262887659248493, 0.21636482389692124
0.262887659248493, 0.21636482389692124
0.262887659248493, 0.21636482389692124
0.262887659248493, 0.21636482389692124
0.262887659248493, 0.21636482389692124
0.262887659248493, 0.21636482389692124
0.262887659248493, 0.21636482389692124
0.262887659248493, 0.21636482389692124
0.262887659248493, 0.21636482389692124
0.262887659248493, 0.21636482389692124
0.44064391402920444, 0.5504322340117019
0.44064391402920444, 0.5504322340117019
0.44064391402920444, 0.5504322340117019
0.44064391402920444, 0.5504322340117019
0.44064391402920444, 0.5504322340117019
0.44064391402920444, 0.5504322340117019
0.44064391402920444, 0.5504322340117019
0.44064391402920444, 0.5504322340117019
0.44064391402920444, 0.5504322340117019
0.44064391402920444, 0.5504322340117019
0.009286700875961507, 0.6916139072186446
0.009286700875961507, 0.6916139072186446
0.009286700875961507, 0.6916139072186446
0.009286700875961507, 0.6916139072186446
0.009286700875961507, 0.6916139072186446
0.009286700875961507, 0.6916139072186446
0.009286700875961507, 0.6916139072186446
0.009286700875961507, 0.6916139072186446
0.009286700875961507, 0.6916139072186446
0.009286700875961507, 0.6916139072186446
0.9213116273307995, 0.14227378333895935
0.9213116273307995, 0.14227378333895935
0.9213116273307995, 0.14227378333895935
0.9213116273307995, 0.14227378333895935
0.9213116273307995, 0.14227378333895935
0.9213116273307995, 0.14227378333895935
0.9213116273307995, 0.14227378333895935
0.9213116273307995, 0.14227378333895935
0.9213116273307995, 0.14227378333895935
0.9213116273307995, 0.14227378333895935
0.5336376308094413, 0.25442775380286187
0.5336376308094413, 0.25442775380286187
0.5336376308094413, 0.25442775380286187
0.5336376308094413, 0.25442775380286187
0.5336376308094413, 0.25442775380286187
0.5336376308094413, 0.25442775380286187
0.5336376308094413, 0.25442775380286187
0.5336376308094413, 0.25442775380286187
0.5336376308094413, 0.25442775380286187
0.5336376308094413, 0.25442775380286187
0.23066779403807314, 0.0286762722329148
0.23066779403807314, 0.0286762722329148
0.23066779403807314, 0.0286762722329148
0.23066779403807314, 0.0286762722329148
0.23066779403807314, 0.0286762722329148
0.23066779403807314, 0.0286762722329148
0.23066779403807314, 0.0286762722329148
0.23066779403807314, 0.0286762722329148
0.23066779403807314, 0.0286762722329148
0.23066779403807314, 0.0286762722329148
0.3375833470582036, 0.6444040236142594
0.3375833470582036, 0.6444040236142594
0.3375833470582036, 0.6444040236142594
0.3375833470582036, 0.6444040236142594
0.3375833470582036, 0.6444040236142594
0.3375833470582036, 0.6444040236142594
0.3375833470582036, 0.6444040236142594
0.3375833470582036, 0.6444040236142594
0.3375833470582036, 0.6444040236142594
0.3375833470582036, 0.6444040236142594
0.35568982642292546, 0.46353246924623803
0.35568982642292546, 0.46353246924623803
0.35568982642292546, 0.46353246924623803
0.35568982642292546, 0.46353246924623803
0.35568982642292546, 0.46353246924623803
0.35568982642292546, 0.46353246924623803
0.35568982642292546, 0.46353246924623803
0.35568982642292546, 0.46353246924623803
0.35568982642292546, 0.46353246924623803
0.35568982642292546, 0.46353246924623803
