1e-05
0.9542326688785666, 0.5257214464454937
0.9542326688785666, 0.5257214464454937
0.9542326688785666, 0.5257214464454937
0.9542326688785666, 0.5257214464454937
0.9542326688785666, 0.5257214464454937
0.9542326688785666, 0.5257214464454937
0.9542326688785666, 0.5257214464454937
0.9542326688785666, 0.5257214464454937
0.9542326688785666, 0.5257214464454937
0.9542326688785666, 0.5257214464454937
0.870987696242231, 0.11682780356598077
0.870987696242231, 0.11682780356598077
0.870987696242231, 0.11682780356598077
0.870987696242231, 0.11682780356598077
0.870987696242231, 0.11682780356598077
0.870987696242231, 0.11682780356598077
0.870987696242231, 0.11682780356598077
0.870987696242231, 0.11682780356598077
0.870987696242231, 0.11682780356598077
0.870987696242231, 0.11682780356598077
0.04824810252979661, 0.8831416300196301
0.04824810252979661, 0.8831416300196301
0.04824810252979661, 0.8831416300196301
0.04824810252979661, 0.8831416300196301
0.04824810252979661, 0.8831416300196301
0.04824810252979661, 0.8831416300196301
0.04824810252979661, 0.8831416300196301
0.04824810252979661, 0.8831416300196301
0.04824810252979661, 0.8831416300196301
0.04824810252979661, 0.8831416300196301
0.2974160959075929, 0.5050665263649837
0.2974160959075929, 0.5050665263649837
0.2974160959075929, 0.5050665263649837
0.2974160959075929, 0.5050665263649837
0.2974160959075929, 0.5050665263649837
0.2974160959075929, 0.5050665263649837
0.2974160959075929, 0.5050665263649837
0.2974160959075929, 0.5050665263649837
0.2974160959075929, 0.5050665263649837
0.2974160959075929, 0.5050665263649837
0.6678755384135966, 0.47550454826152655
0.6678755384135966, 0.47550454826152655
0.6678755384135966, 0.47550454826152655
0.6678755384135966, 0.47550454826152655
0.6678755384135966, 0.47550454826152655
0.6678755384135966, 0.47550454826152655
0.6678755384135966, 0.47550454826152655
0.6678755384135966, 0.47550454826152655
0.6678755384135966, 0.47550454826152655
0.6678755384135966, 0.47550454826152655
0.9752743232381754, 0.8614020233041869
0.9752743232381754, 0.8614020233041869
0.9752743232381754, 0.8614020233041869
0.9752743232381754, 0.8614020233041869
0.9752743232381754, 0.8614020233041869
0.9752743232381754, 0.8614020233041869
0.9752743232381754, 0.8614020233041869
0.9752743232381754, 0.8614020233041869
0.9752743232381754, 0.8614020233041869
0.9752743232381754, 0.8614020233041869
0.3819129469930741, 0.629029247779353
0.3819129469930741, 0.629029247779353
0.3819129469930741, 0.629029247779353
0.3819129469930741, 0.629029247779353
0.3819129469930741, 0.629029247779353
0.3819129469930741, 0.629029247779353
0.3819129469930741, 0.629029247779353
0.3819129469930741, 0.629029247779353
0.3819129469930741, 0.629029247779353
0.3819129469930741, 0.629029247779353
0.0375010465377269, 0.6290104804019824
0.0375010465377269, 0.6290104804019824
0.0375010465377269, 0.6290104804019824
0.0375010465377269, 0.6290104804019824
0.0375010465377269, 0.6290104804019824
0.0375010465377269, 0.6290104804019824
0.0375010465377269, 0.6290104804019824
0.0375010465377269, 0.6290104804019824
0.0375010465377269, 0.6290104804019824
0.0375010465377269, 0.6290104804019824
0.08440017582781456, 0.6210081775090387
0.08440017582781456, 0.6210081775090387
0.08440017582781456, 0.6210081775090387
0.08440017582781456, 0.6210081775090387
0.08440017582781456, 0.6210081775090387
0.08440017582781456, 0.6210081775090387
0.08440017582781456, 0.6210081775090387
0.08440017582781456, 0.6210081775090387
0.08440017582781456, 0.6210081775090387
0.08440017582781456, 0.6210081775090387
0.356885092742421, 0.21713554757110554
0.356885092742421, 0.21713554757110554
0.356885092742421, 0.21713554757110554
0.356885092742421, 0.21713554757110554
0.356885092742421, 0.21713554757110554
0.356885092742421, 0.21713554757110554
0.356885092742421, 0.21713554757110554
0.356885092742421, 0.21713554757110554
0.356885092742421, 0.21713554757110554
0.356885092742421, 0.21713554757110554
