0.001
0.8346783030780256, 0.8290490580571906
0.37189062434975795, 0.02590094161597234
0.203874990967442, 0.20061975157869538
0.9426545214443277, 0.3908408384821622
0.1844008640871242, 0.6296674609337133
0.034074978679100254, 0.43416557999229344
0.2590454575223915, 0.8754695265006026
0.6424628143141988, 0.3208557100486784
0.6580037363624609, 0.7880267748051806
0.21677725257240366, 0.3658199863648407
0.3323563525140454, 0.33736020251654386
0.0474215521331558, 0.8685041125709576
0.7448455203379379, 0.4518388094817355
0.6740031193589149, 0.3865012066447231
0.28372850640317226, 0.5746507980290074
0.5935849066093366, 0.36943404918695233
0.9187210957056653, 0.17624199709604627
