1e-05
0.9400707366680208, 0.5367053165536204
0.9400707366680208, 0.5367053165536204
0.9400707366680208, 0.5367053165536204
0.9400707366680208, 0.5367053165536204
0.9400707366680208, 0.5367053165536204
0.9400707366680208, 0.5367053165536204
0.9400707366680208, 0.5367053165536204
0.9400707366680208, 0.5367053165536204
0.9400707366680208, 0.5367053165536204
0.9400707366680208, 0.5367053165536204
0.6132339340351353, 0.30383713942633295
0.6132339340351353, 0.30383713942633295
0.6132339340351353, 0.30383713942633295
0.6132339340351353, 0.30383713942633295
0.6132339340351353, 0.30383713942633295
0.6132339340351353, 0.30383713942633295
0.6132339340351353, 0.30383713942633295
0.6132339340351353, 0.30383713942633295
0.6132339340351353, 0.30383713942633295
0.6132339340351353, 0.30383713942633295
0.12362140824809109, 0.35946229473267377
0.12362140824809109, 0.35946229473267377
0.12362140824809109, 0.35946229473267377
0.12362140824809109, 0.35946229473267377
0.12362140824809109, 0.35946229473267377
0.12362140824809109, 0.35946229473267377
0.12362140824809109, 0.35946229473267377
0.12362140824809109, 0.35946229473267377
0.12362140824809109, 0.35946229473267377
0.12362140824809109, 0.35946229473267377
0.8146164491608673, 0.8789992216907054
0.8146164491608673, 0.8789992216907054
0.8146164491608673, 0.8789992216907054
0.8146164491608673, 0.8789992216907054
0.8146164491608673, 0.8789992216907054
0.8146164491608673, 0.8789992216907054
0.8146164491608673, 0.8789992216907054
0.8146164491608673, 0.8789992216907054
0.8146164491608673, 0.8789992216907054
0.8146164491608673, 0.8789992216907054
0.8642030630977697, 0.03204839989508235
0.8642030630977697, 0.03204839989508235
0.8642030630977697, 0.03204839989508235
0.8642030630977697, 0.03204839989508235
0.8642030630977697, 0.03204839989508235
0.8642030630977697, 0.03204839989508235
0.8642030630977697, 0.03204839989508235
0.8642030630977697, 0.03204839989508235
0.8642030630977697, 0.03204839989508235
0.8642030630977697, 0.03204839989508235
0.5410428496981844, 0.8600682739403908
0.5410428496981844, 0.8600682739403908
0.5410428496981844, 0.8600682739403908
0.5410428496981844, 0.8600682739403908
0.5410428496981844, 0.8600682739403908
0.5410428496981844, 0.8600682739403908
0.5410428496981844, 0.8600682739403908
0.5410428496981844, 0.8600682739403908
0.5410428496981844, 0.8600682739403908
0.5410428496981844, 0.8600682739403908
0.1895030223019848, 0.6651531409201523
0.1895030223019848, 0.6651531409201523
0.1895030223019848, 0.6651531409201523
0.1895030223019848, 0.6651531409201523
0.1895030223019848, 0.6651531409201523
0.1895030223019848, 0.6651531409201523
0.1895030223019848, 0.6651531409201523
0.1895030223019848, 0.6651531409201523
0.1895030223019848, 0.6651531409201523
0.1895030223019848, 0.6651531409201523
0.616065847449414, 0.640772013024044
0.616065847449414, 0.640772013024044
0.616065847449414, 0.640772013024044
0.616065847449414, 0.640772013024044
0.616065847449414, 0.640772013024044
0.616065847449414, 0.640772013024044
0.616065847449414, 0.640772013024044
0.616065847449414, 0.640772013024044
0.616065847449414, 0.640772013024044
0.616065847449414, 0.640772013024044
0.6455288819999337, 0.04454318454486117
0.6455288819999337, 0.04454318454486117
0.6455288819999337, 0.04454318454486117
0.6455288819999337, 0.04454318454486117
0.6455288819999337, 0.04454318454486117
0.6455288819999337, 0.04454318454486117
0.6455288819999337, 0.04454318454486117
0.6455288819999337, 0.04454318454486117
0.6455288819999337, 0.04454318454486117
0.6455288819999337, 0.04454318454486117
0.5458072015981292, 0.24164020130662012
0.5458072015981292, 0.24164020130662012
0.5458072015981292, 0.24164020130662012
0.5458072015981292, 0.24164020130662012
0.5458072015981292, 0.24164020130662012
0.5458072015981292, 0.24164020130662012
0.5458072015981292, 0.24164020130662012
0.5458072015981292, 0.24164020130662012
0.5458072015981292, 0.24164020130662012
0.5458072015981292, 0.24164020130662012
