0.1
0.8968983860355614, 0.6179636233065305
0.24753083949035648, 0.5967780023146453
0.29964570668814894, 0.22240536412252643
0.6835657566650729, 0.6474468531697757
0.16146605534421044, 0.2591175917221641
0.2343708582230668, 0.13609599411526485
0.9076519156725235, 0.3576468710560631
0.9609025259033385, 0.128579084986565
0.8427672814370553, 0.061605760145655886
0.2540446035385058, 0.6645672117721384
0.21310779829627835, 0.43458525583117935
0.6971943439687328, 0.731325406006148
0.5003229161755305, 0.6469071797478648
0.20778468255490457, 0.6112215413624102
0.4351777565937881, 0.913358477699064
0.21546291651610872, 0.6948914162977433
0.8114103617103916, 0.9683635250043141
0.7310864180495414, 0.3831189592525067
0.5152185149867494, 0.19037772876881498
0.1853008263003989, 0.5148079486810918
0.8763429227622158, 0.4737727889139691
0.5540506328119343, 0.19362480087468226
0.22063827455853668, 0.1752769970726048
0.3086323633968936, 0.9958890455124316
0.08895269063549927, 0.0983792925802025
0.7048122564831545, 0.5611473414596854
0.2012180470150432, 0.3789928044903125
0.9662323556894634, 0.25573943706598445
0.9327404924927031, 0.9094986801309906
0.16193156957080823, 0.8537216832731703
0.03401271968918507, 0.5693937182337634
0.9441343143607873, 0.8989189907145153
0.21393762806120786, 0.2212640882741279
0.689195653125885, 0.2125747813245833
0.3708174199563844, 0.16491089736005682
0.4338747779286284, 0.5190379817904404
0.45940983810333047, 0.009462931528253504
0.19967136834554655, 0.49093996722435895
0.2449168189031543, 0.14430586311574511
0.4329944016626127, 0.3754808032787126
0.35578040414730483, 0.41866161727929596
0.8173091271306744, 0.5350864585648772
0.9914064634122212, 0.17180892561792782
0.888592272254024, 0.08561617351952366
0.46179373610655194, 0.6182284563465716
0.021923377423794466, 0.6381470571603157
0.6065672483565278, 0.9770109906735264
0.23624443563765285, 0.8658492188353178
0.02840839276563567, 0.014786986638065769
0.0027507680149665426, 0.8848485550571231
0.07771287633669788, 0.8813957202129931
0.05705970906827873, 0.6903939190966248
0.6219022851638938, 0.25475489193050904
0.5545560624329963, 0.7943882070498058
0.7226257028854947, 0.23487381016213316
0.8172901479119483, 0.4912000319978965
0.6504740018673126, 0.4752757101629578
0.5758539130370989, 0.9141670279473266
0.6700832437312351, 0.9999060043672612
0.3116398029456875, 0.6257302802982747
0.09525453923792004, 0.9224782125301774
0.3365597323412248, 0.22540491806008522
0.6708094664378594, 0.22142268486983296
0.36471898135532865, 0.23938735359132923
0.6900776163725966, 0.976036307910935
0.9415062777123423, 0.4655903685860583
0.1909784765433996, 0.896746615355444
0.12843092936980582, 0.15770614045849984
0.1852186656205913, 0.43527576398859913
0.3570062734634456, 0.12767696734727363
0.9772952893115839, 0.6921271462224176
0.886938920127047, 0.23305604853717954
0.09390986955659919, 0.7957631654938856
0.3916849691541896, 0.558691688302726
0.10145433190360775, 0.2998980240142427
0.37798709082962234, 0.6215688112147919
0.6797315416229035, 0.849607557585283
0.13624134278049138, 0.5046997890855415
0.04402036337515758, 0.9883585173697507
0.8777436149998256, 0.38192699645721695
0.8209787190915475, 0.006977575038715211
0.8585421312175711, 0.11096901063279274
