1e-05
0.5810520050654295, 0.09927699716306371
0.5810520050654295, 0.09927699716306371
0.5810520050654295, 0.09927699716306371
0.5810520050654295, 0.09927699716306371
0.5810520050654295, 0.09927699716306371
0.5810520050654295, 0.09927699716306371
0.5810520050654295, 0.09927699716306371
0.5810520050654295, 0.09927699716306371
0.5810520050654295, 0.09927699716306371
0.5810520050654295, 0.09927699716306371
0.3962081272140907, 0.18142740506586474
0.3962081272140907, 0.18142740506586474
0.3962081272140907, 0.18142740506586474
0.3962081272140907, 0.18142740506586474
0.3962081272140907, 0.18142740506586474
0.3962081272140907, 0.18142740506586474
0.3962081272140907, 0.18142740506586474
0.3962081272140907, 0.18142740506586474
0.3962081272140907, 0.18142740506586474
0.3962081272140907, 0.18142740506586474
0.008651298976961819, 0.8822984635591848
0.008651298976961819, 0.8822984635591848
0.008651298976961819, 0.8822984635591848
0.008651298976961819, 0.8822984635591848
0.008651298976961819, 0.8822984635591848
0.008651298976961819, 0.8822984635591848
0.008651298976961819, 0.8822984635591848
0.008651298976961819, 0.8822984635591848
0.008651298976961819, 0.8822984635591848
0.008651298976961819, 0.8822984635591848
0.2119108844587977, 0.6081514075960662
0.2119108844587977, 0.6081514075960662
0.2119108844587977, 0.6081514075960662
0.2119108844587977, 0.6081514075960662
0.2119108844587977, 0.6081514075960662
0.2119108844587977, 0.6081514075960662
0.2119108844587977, 0.6081514075960662
0.2119108844587977, 0.6081514075960662
0.2119108844587977, 0.6081514075960662
0.2119108844587977, 0.6081514075960662
0.0614378812972175, 0.13217135211701936
0.0614378812972175, 0.13217135211701936
0.0614378812972175, 0.13217135211701936
0.0614378812972175, 0.13217135211701936
0.0614378812972175, 0.13217135211701936
0.0614378812972175, 0.13217135211701936
0.0614378812972175, 0.13217135211701936
0.0614378812972175, 0.13217135211701936
0.0614378812972175, 0.13217135211701936
0.0614378812972175, 0.13217135211701936
0.23682530164953108, 0.7057281170364283
0.23682530164953108, 0.7057281170364283
0.23682530164953108, 0.7057281170364283
0.23682530164953108, 0.7057281170364283
0.23682530164953108, 0.7057281170364283
0.23682530164953108, 0.7057281170364283
0.23682530164953108, 0.7057281170364283
0.23682530164953108, 0.7057281170364283
0.23682530164953108, 0.7057281170364283
0.23682530164953108, 0.7057281170364283
0.25015638850277766, 0.443983940756595
0.25015638850277766, 0.443983940756595
0.25015638850277766, 0.443983940756595
0.25015638850277766, 0.443983940756595
0.25015638850277766, 0.443983940756595
0.25015638850277766, 0.443983940756595
0.25015638850277766, 0.443983940756595
0.25015638850277766, 0.443983940756595
0.25015638850277766, 0.443983940756595
0.25015638850277766, 0.443983940756595
0.5735952927739071, 0.4729805309043329
0.5735952927739071, 0.4729805309043329
0.5735952927739071, 0.4729805309043329
0.5735952927739071, 0.4729805309043329
0.5735952927739071, 0.4729805309043329
0.5735952927739071, 0.4729805309043329
0.5735952927739071, 0.4729805309043329
0.5735952927739071, 0.4729805309043329
0.5735952927739071, 0.4729805309043329
0.5735952927739071, 0.4729805309043329
0.03788171946784025, 0.8552586178735827
0.03788171946784025, 0.8552586178735827
0.03788171946784025, 0.8552586178735827
0.03788171946784025, 0.8552586178735827
0.03788171946784025, 0.8552586178735827
0.03788171946784025, 0.8552586178735827
0.03788171946784025, 0.8552586178735827
0.03788171946784025, 0.8552586178735827
0.03788171946784025, 0.8552586178735827
0.03788171946784025, 0.8552586178735827
0.4945121869626371, 0.6327675569701683
0.4945121869626371, 0.6327675569701683
0.4945121869626371, 0.6327675569701683
0.4945121869626371, 0.6327675569701683
0.4945121869626371, 0.6327675569701683
0.4945121869626371, 0.6327675569701683
0.4945121869626371, 0.6327675569701683
0.4945121869626371, 0.6327675569701683
0.4945121869626371, 0.6327675569701683
0.4945121869626371, 0.6327675569701683
