1e-05
0.98512443269329, 0.02874131274970182
0.98512443269329, 0.02874131274970182
0.98512443269329, 0.02874131274970182
0.98512443269329, 0.02874131274970182
0.98512443269329, 0.02874131274970182
0.98512443269329, 0.02874131274970182
0.98512443269329, 0.02874131274970182
0.98512443269329, 0.02874131274970182
0.98512443269329, 0.02874131274970182
0.98512443269329, 0.02874131274970182
0.32507857311863264, 0.5848053968913792
0.32507857311863264, 0.5848053968913792
0.32507857311863264, 0.5848053968913792
0.32507857311863264, 0.5848053968913792
0.32507857311863264, 0.5848053968913792
0.32507857311863264, 0.5848053968913792
0.32507857311863264, 0.5848053968913792
0.32507857311863264, 0.5848053968913792
0.32507857311863264, 0.5848053968913792
0.32507857311863264, 0.5848053968913792
0.631419891604433, 0.8260542037061606
0.631419891604433, 0.8260542037061606
0.631419891604433, 0.8260542037061606
0.631419891604433, 0.8260542037061606
0.631419891604433, 0.8260542037061606
0.631419891604433, 0.8260542037061606
0.631419891604433, 0.8260542037061606
0.631419891604433, 0.8260542037061606
0.631419891604433, 0.8260542037061606
0.631419891604433, 0.8260542037061606
0.8073560798560572, 0.27438149627014996
0.8073560798560572, 0.27438149627014996
0.8073560798560572, 0.27438149627014996
0.8073560798560572, 0.27438149627014996
0.8073560798560572, 0.27438149627014996
0.8073560798560572, 0.27438149627014996
0.8073560798560572, 0.27438149627014996
0.8073560798560572, 0.27438149627014996
0.8073560798560572, 0.27438149627014996
0.8073560798560572, 0.27438149627014996
0.30778337506521614, 0.1372432969313474
0.30778337506521614, 0.1372432969313474
0.30778337506521614, 0.1372432969313474
0.30778337506521614, 0.1372432969313474
0.30778337506521614, 0.1372432969313474
0.30778337506521614, 0.1372432969313474
0.30778337506521614, 0.1372432969313474
0.30778337506521614, 0.1372432969313474
0.30778337506521614, 0.1372432969313474
0.30778337506521614, 0.1372432969313474
0.1834561430671282, 0.4630795678563173
0.1834561430671282, 0.4630795678563173
0.1834561430671282, 0.4630795678563173
0.1834561430671282, 0.4630795678563173
0.1834561430671282, 0.4630795678563173
0.1834561430671282, 0.4630795678563173
0.1834561430671282, 0.4630795678563173
0.1834561430671282, 0.4630795678563173
0.1834561430671282, 0.4630795678563173
0.1834561430671282, 0.4630795678563173
0.37357509864989413, 0.7511122135763861
0.37357509864989413, 0.7511122135763861
0.37357509864989413, 0.7511122135763861
0.37357509864989413, 0.7511122135763861
0.37357509864989413, 0.7511122135763861
0.37357509864989413, 0.7511122135763861
0.37357509864989413, 0.7511122135763861
0.37357509864989413, 0.7511122135763861
0.37357509864989413, 0.7511122135763861
0.37357509864989413, 0.7511122135763861
0.43302688337946205, 0.2452286533304593
0.43302688337946205, 0.2452286533304593
0.43302688337946205, 0.2452286533304593
0.43302688337946205, 0.2452286533304593
0.43302688337946205, 0.2452286533304593
0.43302688337946205, 0.2452286533304593
0.43302688337946205, 0.2452286533304593
0.43302688337946205, 0.2452286533304593
0.43302688337946205, 0.2452286533304593
0.43302688337946205, 0.2452286533304593
0.03133675317305973, 0.4046068900395656
0.03133675317305973, 0.4046068900395656
0.03133675317305973, 0.4046068900395656
0.03133675317305973, 0.4046068900395656
0.03133675317305973, 0.4046068900395656
0.03133675317305973, 0.4046068900395656
0.03133675317305973, 0.4046068900395656
0.03133675317305973, 0.4046068900395656
0.03133675317305973, 0.4046068900395656
0.03133675317305973, 0.4046068900395656
0.44281624783119833, 0.943175842558679
0.44281624783119833, 0.943175842558679
0.44281624783119833, 0.943175842558679
0.44281624783119833, 0.943175842558679
0.44281624783119833, 0.943175842558679
0.44281624783119833, 0.943175842558679
0.44281624783119833, 0.943175842558679
0.44281624783119833, 0.943175842558679
0.44281624783119833, 0.943175842558679
0.44281624783119833, 0.943175842558679
