1e-05
0.15016439968314776, 0.07649288175168534
0.15016439968314776, 0.07649288175168534
0.15016439968314776, 0.07649288175168534
0.15016439968314776, 0.07649288175168534
0.15016439968314776, 0.07649288175168534
0.15016439968314776, 0.07649288175168534
0.15016439968314776, 0.07649288175168534
0.15016439968314776, 0.07649288175168534
0.15016439968314776, 0.07649288175168534
0.15016439968314776, 0.07649288175168534
0.5032491878688172, 0.6968576830829851
0.5032491878688172, 0.6968576830829851
0.5032491878688172, 0.6968576830829851
0.5032491878688172, 0.6968576830829851
0.5032491878688172, 0.6968576830829851
0.5032491878688172, 0.6968576830829851
0.5032491878688172, 0.6968576830829851
0.5032491878688172, 0.6968576830829851
0.5032491878688172, 0.6968576830829851
0.5032491878688172, 0.6968576830829851
0.6585480438574015, 0.3589836529253826
0.6585480438574015, 0.3589836529253826
0.6585480438574015, 0.3589836529253826
0.6585480438574015, 0.3589836529253826
0.6585480438574015, 0.3589836529253826
0.6585480438574015, 0.3589836529253826
0.6585480438574015, 0.3589836529253826
0.6585480438574015, 0.3589836529253826
0.6585480438574015, 0.3589836529253826
0.6585480438574015, 0.3589836529253826
0.11217348928687843, 0.42498040027774087
0.11217348928687843, 0.42498040027774087
0.11217348928687843, 0.42498040027774087
0.11217348928687843, 0.42498040027774087
0.11217348928687843, 0.42498040027774087
0.11217348928687843, 0.42498040027774087
0.11217348928687843, 0.42498040027774087
0.11217348928687843, 0.42498040027774087
0.11217348928687843, 0.42498040027774087
0.11217348928687843, 0.42498040027774087
0.9115535232395108, 0.4803180136569837
0.9115535232395108, 0.4803180136569837
0.9115535232395108, 0.4803180136569837
0.9115535232395108, 0.4803180136569837
0.9115535232395108, 0.4803180136569837
0.9115535232395108, 0.4803180136569837
0.9115535232395108, 0.4803180136569837
0.9115535232395108, 0.4803180136569837
0.9115535232395108, 0.4803180136569837
0.9115535232395108, 0.4803180136569837
0.04512858104171391, 0.7604446820552352
0.04512858104171391, 0.7604446820552352
0.04512858104171391, 0.7604446820552352
0.04512858104171391, 0.7604446820552352
0.04512858104171391, 0.7604446820552352
0.04512858104171391, 0.7604446820552352
0.04512858104171391, 0.7604446820552352
0.04512858104171391, 0.7604446820552352
0.04512858104171391, 0.7604446820552352
0.04512858104171391, 0.7604446820552352
0.23477040374247105, 0.3644512250433446
0.23477040374247105, 0.3644512250433446
0.23477040374247105, 0.3644512250433446
0.23477040374247105, 0.3644512250433446
0.23477040374247105, 0.3644512250433446
0.23477040374247105, 0.3644512250433446
0.23477040374247105, 0.3644512250433446
0.23477040374247105, 0.3644512250433446
0.23477040374247105, 0.3644512250433446
0.23477040374247105, 0.3644512250433446
0.9192929684359951, 0.5152710494796849
0.9192929684359951, 0.5152710494796849
0.9192929684359951, 0.5152710494796849
0.9192929684359951, 0.5152710494796849
0.9192929684359951, 0.5152710494796849
0.9192929684359951, 0.5152710494796849
0.9192929684359951, 0.5152710494796849
0.9192929684359951, 0.5152710494796849
0.9192929684359951, 0.5152710494796849
0.9192929684359951, 0.5152710494796849
0.4617317422517456, 0.8247514959670104
0.4617317422517456, 0.8247514959670104
0.4617317422517456, 0.8247514959670104
0.4617317422517456, 0.8247514959670104
0.4617317422517456, 0.8247514959670104
0.4617317422517456, 0.8247514959670104
0.4617317422517456, 0.8247514959670104
0.4617317422517456, 0.8247514959670104
0.4617317422517456, 0.8247514959670104
0.4617317422517456, 0.8247514959670104
0.41414869229563267, 0.5911695446056437
0.41414869229563267, 0.5911695446056437
0.41414869229563267, 0.5911695446056437
0.41414869229563267, 0.5911695446056437
0.41414869229563267, 0.5911695446056437
0.41414869229563267, 0.5911695446056437
0.41414869229563267, 0.5911695446056437
0.41414869229563267, 0.5911695446056437
0.41414869229563267, 0.5911695446056437
0.41414869229563267, 0.5911695446056437
