0.1
0.736078157976231, 0.06420730255973439
0.9117526208879477, 0.49297502488473854
0.4266923083808787, 0.2608206272949882
0.6663516572446299, 0.14401562729284312
0.011221217888410684, 0.7864957340278329
0.43894809062102913, 0.9182804562861457
0.3409299190218942, 0.8448654619044415
0.6410143154424107, 0.2696928433383131
0.5681480541828611, 0.0435345860049825
0.9967680814832925, 0.593206202036124
0.3228318404966596, 0.46384555715949527
0.690431988539989, 0.18660824450221614
0.33410123075580456, 0.8578608379122239
0.4831354464247921, 0.40794449189943083
0.18985221298216237, 0.4627140713985608
0.8425716011590046, 0.8209383825124135
0.7435157717888222, 0.4329863762767048
0.13553022057704178, 0.5319272252215449
0.16432588170818507, 0.5857999699610181
0.9279998126946167, 0.6508479993538243
0.45084136676448205, 0.14385438125036443
0.1891825672480535, 0.7829397102669522
0.009589792950307374, 0.37662460814820764
0.6585205612525892, 0.23431867739399215
0.12672173986247115, 0.013481191864981201
0.6256417191436526, 0.15377522640215668
0.11098178920762602, 0.16731378726831625
0.9909794176276833, 0.9794937216284886
0.45075550271534515, 0.4500560262060651
0.5348452152915615, 0.4422907940401052
0.07998562850293489, 0.8023620443287512
0.5841219845158344, 0.7797989987527842
0.14333934477156796, 0.33718997376769133
0.06978904738646918, 0.10313113632342352
0.06302352897371355, 0.5068859287819245
0.8309666099465812, 0.040828836362327814
0.04691844503650422, 0.28588510346756646
0.5391392771730185, 0.12966792631897428
0.6469539159917659, 0.2447939279385969
0.1310394275799357, 0.03444279588187993
0.8971133702375076, 0.6112824481840184
0.6682236914972429, 0.4177824106152176
0.5050784372770671, 0.735011012526261
0.4239748158585914, 0.3962785497847561
0.5461172990375669, 0.2815898919308054
0.8933059953690949, 0.0905530568661792
0.8033313639809974, 0.6561055417874271
0.1337771804336778, 0.5775651552221204
0.0704831435540828, 0.40191702176318844
0.29640886367175945, 0.32788981512366944
0.9338022690351988, 0.4000851059326641
0.050710527554924445, 0.3461186606245943
0.9024942146879321, 0.18931083395070625
0.6451388280431536, 0.8693776180047789
0.6634357983820264, 0.629768585250767
0.6652935938315672, 0.5171984361062082
0.7907927134113604, 0.6767655292379509
0.5735879580306068, 0.021093200655821875
0.6314908140803877, 0.9117051333447362
0.7868491020879017, 0.517575790558509
0.9641371793136426, 0.14168727189628316
0.45363143161186104, 0.30407565152206495
0.38414016687077734, 0.447844226511001
0.5473191404127673, 0.20284417358150852
0.8635064719846547, 0.07340692823122807
0.6042995481304296, 0.7050526834165498
0.11527567247165726, 0.08422759956223791
0.9220009643048305, 0.5436171648965498
0.44195739765459263, 0.3519057061029961
0.9445835861609098, 0.7291840362447366
0.4201674599245736, 0.547706392404488
0.603342955792653, 0.15871104736685848
0.4972615732847331, 0.39279282830385764
0.4955004926425818, 0.5026707946929014
0.22877228415765727, 0.5894079159599471
0.46612588920721787, 0.2753630162327154
0.17340117099969632, 0.07495872966776906
0.6626896573387924, 0.2853561957611348
0.20486346132124444, 0.045703106771139534
0.4338497097906193, 0.7375729761120595
0.6872586214427475, 0.712623482273918
0.833149120639293, 0.7614297764230556
