1e-05
0.46831601951477697, 0.6428778065812067
0.46831601951477697, 0.6428778065812067
0.46831601951477697, 0.6428778065812067
0.46831601951477697, 0.6428778065812067
0.46831601951477697, 0.6428778065812067
0.46831601951477697, 0.6428778065812067
0.46831601951477697, 0.6428778065812067
0.46831601951477697, 0.6428778065812067
0.46831601951477697, 0.6428778065812067
0.46831601951477697, 0.6428778065812067
0.3433241270509091, 0.3157324039539182
0.3433241270509091, 0.3157324039539182
0.3433241270509091, 0.3157324039539182
0.3433241270509091, 0.3157324039539182
0.3433241270509091, 0.3157324039539182
0.3433241270509091, 0.3157324039539182
0.3433241270509091, 0.3157324039539182
0.3433241270509091, 0.3157324039539182
0.3433241270509091, 0.3157324039539182
0.3433241270509091, 0.3157324039539182
0.6234237184858121, 0.26398397352069314
0.6234237184858121, 0.26398397352069314
0.6234237184858121, 0.26398397352069314
0.6234237184858121, 0.26398397352069314
0.6234237184858121, 0.26398397352069314
0.6234237184858121, 0.26398397352069314
0.6234237184858121, 0.26398397352069314
0.6234237184858121, 0.26398397352069314
0.6234237184858121, 0.26398397352069314
0.6234237184858121, 0.26398397352069314
0.8980935131006837, 0.0064169448476787405
0.8980935131006837, 0.0064169448476787405
0.8980935131006837, 0.0064169448476787405
0.8980935131006837, 0.0064169448476787405
0.8980935131006837, 0.0064169448476787405
0.8980935131006837, 0.0064169448476787405
0.8980935131006837, 0.0064169448476787405
0.8980935131006837, 0.0064169448476787405
0.8980935131006837, 0.0064169448476787405
0.8980935131006837, 0.0064169448476787405
0.989419028158906, 0.9772877738559802
0.989419028158906, 0.9772877738559802
0.989419028158906, 0.9772877738559802
0.989419028158906, 0.9772877738559802
0.989419028158906, 0.9772877738559802
0.989419028158906, 0.9772877738559802
0.989419028158906, 0.9772877738559802
0.989419028158906, 0.9772877738559802
0.989419028158906, 0.9772877738559802
0.989419028158906, 0.9772877738559802
0.3598879429951194, 0.39984224347334063
0.3598879429951194, 0.39984224347334063
0.3598879429951194, 0.39984224347334063
0.3598879429951194, 0.39984224347334063
0.3598879429951194, 0.39984224347334063
0.3598879429951194, 0.39984224347334063
0.3598879429951194, 0.39984224347334063
0.3598879429951194, 0.39984224347334063
0.3598879429951194, 0.39984224347334063
0.3598879429951194, 0.39984224347334063
0.6464755180373358, 0.6870029823357459
0.6464755180373358, 0.6870029823357459
0.6464755180373358, 0.6870029823357459
0.6464755180373358, 0.6870029823357459
0.6464755180373358, 0.6870029823357459
0.6464755180373358, 0.6870029823357459
0.6464755180373358, 0.6870029823357459
0.6464755180373358, 0.6870029823357459
0.6464755180373358, 0.6870029823357459
0.6464755180373358, 0.6870029823357459
0.39558805100082284, 0.46578305120328556
0.39558805100082284, 0.46578305120328556
0.39558805100082284, 0.46578305120328556
0.39558805100082284, 0.46578305120328556
0.39558805100082284, 0.46578305120328556
0.39558805100082284, 0.46578305120328556
0.39558805100082284, 0.46578305120328556
0.39558805100082284, 0.46578305120328556
0.39558805100082284, 0.46578305120328556
0.39558805100082284, 0.46578305120328556
0.9652506174609043, 0.7889048660977057
0.9652506174609043, 0.7889048660977057
0.9652506174609043, 0.7889048660977057
0.9652506174609043, 0.7889048660977057
0.9652506174609043, 0.7889048660977057
0.9652506174609043, 0.7889048660977057
0.9652506174609043, 0.7889048660977057
0.9652506174609043, 0.7889048660977057
0.9652506174609043, 0.7889048660977057
0.9652506174609043, 0.7889048660977057
0.3082277531944668, 0.4915672761344897
0.3082277531944668, 0.4915672761344897
0.3082277531944668, 0.4915672761344897
0.3082277531944668, 0.4915672761344897
0.3082277531944668, 0.4915672761344897
0.3082277531944668, 0.4915672761344897
0.3082277531944668, 0.4915672761344897
0.3082277531944668, 0.4915672761344897
0.3082277531944668, 0.4915672761344897
0.3082277531944668, 0.4915672761344897
