1e-05
0.15085021695319867, 0.7142426890275176
0.2835942839207499, 0.16706912568699261
0.13574348496911393, 0.21360533671235937
0.34097204302477724, 0.6500276969587825
0.8840221390812245, 0.34831060250287327
0.06916675722800691, 0.809274880765045
0.8925415125225423, 0.3630430724839978
0.40917470164048675, 0.8614757037790769
0.40218432356188993, 0.25389904217049164
0.09720691634628664, 0.5376851828566608
0.4195932369751544, 0.8017900776228296
0.05652930088850938, 0.16693333081731265
0.5918704245487638, 0.7242218544744604
0.32602355161489793, 0.8627298776469959
0.7429811701524727, 0.7148774321593032
0.2403628230708985, 0.34235093385946047
0.8568867234047054, 0.48725463721317985
0.008262960756877824, 0.96112357820732
0.7474887674261748, 0.17560007073266026
0.9930414314349276, 0.7518237133444681
0.020165967835694576, 0.43944292322837797
0.4132150586215565, 0.2717157914965397
0.3955646298650586, 0.28010856352478064
0.4885516483300725, 0.16673628963254294
0.1022581216847338, 0.43686527209926895
0.5903614918744877, 0.7839560766459069
0.3571379533021075, 0.10089029959363172
0.6636888554122093, 0.6341492095082598
0.41210221043243433, 0.2069248276450879
0.7790273066044523, 0.5154159968427993
0.8215796722222161, 0.4925257095207096
0.10251157327323912, 0.4136760935702918
0.8036460628691643, 0.8115277795230825
0.3631076742282625, 0.4884922898998345
0.03455499712232957, 0.9050935830133331
0.08535969001110733, 0.37697001094929683
0.5452840843267658, 0.9645808832039933
0.007537732995524515, 0.9267436055251936
0.9202574243067572, 0.9167888493994607
0.05912769396392037, 0.9049040739067686
0.44072012600199595, 0.020314029186980775
0.22751308311997875, 0.8451414330313396
0.1298847015244069, 0.5908230430694154
0.07746272448745206, 0.49326427796282923
0.39242701138018055, 0.28269443469433186
0.17422432485837014, 0.03388650252888259
0.1814529708785696, 0.7182151793425596
0.2628127699955026, 0.27413887708898355
0.5115034046421031, 0.3664839142227784
0.903975312205849, 0.6612027101404035
0.15806070897497992, 0.4341362708810298
0.8673137525013578, 0.9487538975349653
0.207642578118431, 0.6384742568350181
0.8796189948181882, 0.8294387458111313
0.9039134238420704, 0.6652534112990084
0.9514666816953339, 0.07597431584786773
0.893475834366284, 0.46440008221389395
0.7972646174327579, 0.40860329614976654
0.10144933522069333, 0.866844721657019
0.7217021071186864, 0.5023196548059873
0.893499099024417, 0.6311751957984647
0.9699185694040958, 0.2331054480415118
0.5913782907841999, 0.12144286822633887
0.014671079294890532, 0.27257512048581756
0.23984848103533285, 0.16710799023990486
0.4711754012841993, 0.9009384627498636
0.15479710711604655, 0.4519740955825483
0.9499537067429381, 0.7949007291812925
0.029888550866183583, 0.7069234542457999
0.6024299226247437, 0.9255116591268655
0.42194402090956806, 0.6799229290565046
0.7924241418255997, 0.34433314597451803
0.6676892850815583, 0.8727333012994554
0.9870510782397764, 0.2155496549299607
0.027805461317938263, 0.25116838468814484
0.6867129511558695, 0.9862693048275731
0.9072920235809578, 0.7394422584738117
0.512754688892435, 0.9895902827324344
0.5624344590394776, 0.0628858024487966
0.7691874821230001, 0.18935728946465546
0.6272567371273129, 0.21409230577392901
0.016836713133759784, 0.0720827262110576
0.7981106549699769, 0.49946995280193607
0.3648667140076187, 0.9951908111502612
0.08704021954929875, 0.5464158708539703
0.1572375986972332, 0.09018433212746424
0.7787284357220421, 0.816082753159564
0.28242456065939026, 0.8806973545769451
0.4391960749991425, 0.9545353251122025
0.8192659455187784, 0.060313722119059276
0.011884442360602043, 0.10545930309457463
0.15304210841213195, 0.7835279523340525
0.4617294001181552, 0.9851347018654699
0.9692155676072639, 0.1619044499431329
0.9963724415918507, 0.47449855115646344
0.9093451826007193, 0.5639047107541473
0.15049611852396594, 0.40380399736185
0.810221828211851, 0.24277140161770794
0.9942393255560797, 0.7167177668346841
0.21384414009889652, 0.14506793665736084
