1e-05
0.25455017276748004, 0.9113274790181601
0.25455017276748004, 0.9113274790181601
0.25455017276748004, 0.9113274790181601
0.25455017276748004, 0.9113274790181601
0.25455017276748004, 0.9113274790181601
0.25455017276748004, 0.9113274790181601
0.25455017276748004, 0.9113274790181601
0.25455017276748004, 0.9113274790181601
0.25455017276748004, 0.9113274790181601
0.25455017276748004, 0.9113274790181601
0.8201793480652725, 0.4483167712036167
0.8201793480652725, 0.4483167712036167
0.8201793480652725, 0.4483167712036167
0.8201793480652725, 0.4483167712036167
0.8201793480652725, 0.4483167712036167
0.8201793480652725, 0.4483167712036167
0.8201793480652725, 0.4483167712036167
0.8201793480652725, 0.4483167712036167
0.8201793480652725, 0.4483167712036167
0.8201793480652725, 0.4483167712036167
0.54295528248971, 0.4504583686489392
0.54295528248971, 0.4504583686489392
0.54295528248971, 0.4504583686489392
0.54295528248971, 0.4504583686489392
0.54295528248971, 0.4504583686489392
0.54295528248971, 0.4504583686489392
0.54295528248971, 0.4504583686489392
0.54295528248971, 0.4504583686489392
0.54295528248971, 0.4504583686489392
0.54295528248971, 0.4504583686489392
0.989948161951895, 0.8759154271471136
0.989948161951895, 0.8759154271471136
0.989948161951895, 0.8759154271471136
0.989948161951895, 0.8759154271471136
0.989948161951895, 0.8759154271471136
0.989948161951895, 0.8759154271471136
0.989948161951895, 0.8759154271471136
0.989948161951895, 0.8759154271471136
0.989948161951895, 0.8759154271471136
0.989948161951895, 0.8759154271471136
0.24537260534382765, 0.05014264627137488
0.24537260534382765, 0.05014264627137488
0.24537260534382765, 0.05014264627137488
0.24537260534382765, 0.05014264627137488
0.24537260534382765, 0.05014264627137488
0.24537260534382765, 0.05014264627137488
0.24537260534382765, 0.05014264627137488
0.24537260534382765, 0.05014264627137488
0.24537260534382765, 0.05014264627137488
0.24537260534382765, 0.05014264627137488
0.3192698673104615, 0.3062591111522891
0.3192698673104615, 0.3062591111522891
0.3192698673104615, 0.3062591111522891
0.3192698673104615, 0.3062591111522891
0.3192698673104615, 0.3062591111522891
0.3192698673104615, 0.3062591111522891
0.3192698673104615, 0.3062591111522891
0.3192698673104615, 0.3062591111522891
0.3192698673104615, 0.3062591111522891
0.3192698673104615, 0.3062591111522891
0.5715789582524188, 0.5826905731836194
0.5715789582524188, 0.5826905731836194
0.5715789582524188, 0.5826905731836194
0.5715789582524188, 0.5826905731836194
0.5715789582524188, 0.5826905731836194
0.5715789582524188, 0.5826905731836194
0.5715789582524188, 0.5826905731836194
0.5715789582524188, 0.5826905731836194
0.5715789582524188, 0.5826905731836194
0.5715789582524188, 0.5826905731836194
0.936442963784367, 0.7316622122363519
0.936442963784367, 0.7316622122363519
0.936442963784367, 0.7316622122363519
0.936442963784367, 0.7316622122363519
0.936442963784367, 0.7316622122363519
0.936442963784367, 0.7316622122363519
0.936442963784367, 0.7316622122363519
0.936442963784367, 0.7316622122363519
0.936442963784367, 0.7316622122363519
0.936442963784367, 0.7316622122363519
0.22125122726208557, 0.8343481063952456
0.22125122726208557, 0.8343481063952456
0.22125122726208557, 0.8343481063952456
0.22125122726208557, 0.8343481063952456
0.22125122726208557, 0.8343481063952456
0.22125122726208557, 0.8343481063952456
0.22125122726208557, 0.8343481063952456
0.22125122726208557, 0.8343481063952456
0.22125122726208557, 0.8343481063952456
0.22125122726208557, 0.8343481063952456
0.8957640615250438, 0.8136788645372226
0.8957640615250438, 0.8136788645372226
0.8957640615250438, 0.8136788645372226
0.8957640615250438, 0.8136788645372226
0.8957640615250438, 0.8136788645372226
0.8957640615250438, 0.8136788645372226
0.8957640615250438, 0.8136788645372226
0.8957640615250438, 0.8136788645372226
0.8957640615250438, 0.8136788645372226
0.8957640615250438, 0.8136788645372226
