0.001
0.204557320842905, 0.4360941297832561
0.9971091055811795, 0.7509692858904312
0.1186018866358135, 0.8423193899411233
0.6213647740315013, 0.6576082935477581
0.8747985542549351, 0.5010876982085541
0.5575313642342847, 0.9042971636680064
0.3482709018890602, 0.9124415381004045
0.5950543334086862, 0.0663223915080895
0.0031448833671727794, 0.018137711508625642
0.9374286265570821, 0.993415958796993
0.687823845321517, 0.7009347652774218
0.08154037383514912, 0.42992925125762804
0.9669484847005871, 0.9768341200683217
0.8534833303876858, 0.9876094808151354
0.90890139751296, 0.6721290121901906
0.8202644385556616, 0.04654232334718922
0.24927133687758218, 0.19119897354742477
