1e-05
0.32875238429795217, 0.07920568166598263
0.32875238429795217, 0.07920568166598263
0.32875238429795217, 0.07920568166598263
0.32875238429795217, 0.07920568166598263
0.32875238429795217, 0.07920568166598263
0.32875238429795217, 0.07920568166598263
0.32875238429795217, 0.07920568166598263
0.32875238429795217, 0.07920568166598263
0.32875238429795217, 0.07920568166598263
0.32875238429795217, 0.07920568166598263
0.27707281469235223, 0.9539773355853569
0.27707281469235223, 0.9539773355853569
0.27707281469235223, 0.9539773355853569
0.27707281469235223, 0.9539773355853569
0.27707281469235223, 0.9539773355853569
0.27707281469235223, 0.9539773355853569
0.27707281469235223, 0.9539773355853569
0.27707281469235223, 0.9539773355853569
0.27707281469235223, 0.9539773355853569
0.27707281469235223, 0.9539773355853569
0.3661406235090573, 0.7818819990567997
0.3661406235090573, 0.7818819990567997
0.3661406235090573, 0.7818819990567997
0.3661406235090573, 0.7818819990567997
0.3661406235090573, 0.7818819990567997
0.3661406235090573, 0.7818819990567997
0.3661406235090573, 0.7818819990567997
0.3661406235090573, 0.7818819990567997
0.3661406235090573, 0.7818819990567997
0.3661406235090573, 0.7818819990567997
0.9992480800812913, 0.3837069473789687
0.9992480800812913, 0.3837069473789687
0.9992480800812913, 0.3837069473789687
0.9992480800812913, 0.3837069473789687
0.9992480800812913, 0.3837069473789687
0.9992480800812913, 0.3837069473789687
0.9992480800812913, 0.3837069473789687
0.9992480800812913, 0.3837069473789687
0.9992480800812913, 0.3837069473789687
0.9992480800812913, 0.3837069473789687
0.57161095550681, 0.1215097525888218
0.57161095550681, 0.1215097525888218
0.57161095550681, 0.1215097525888218
0.57161095550681, 0.1215097525888218
0.57161095550681, 0.1215097525888218
0.57161095550681, 0.1215097525888218
0.57161095550681, 0.1215097525888218
0.57161095550681, 0.1215097525888218
0.57161095550681, 0.1215097525888218
0.57161095550681, 0.1215097525888218
0.8949188944408589, 0.16807643975823083
0.8949188944408589, 0.16807643975823083
0.8949188944408589, 0.16807643975823083
0.8949188944408589, 0.16807643975823083
0.8949188944408589, 0.16807643975823083
0.8949188944408589, 0.16807643975823083
0.8949188944408589, 0.16807643975823083
0.8949188944408589, 0.16807643975823083
0.8949188944408589, 0.16807643975823083
0.8949188944408589, 0.16807643975823083
0.7908650708217378, 0.8618009062877641
0.7908650708217378, 0.8618009062877641
0.7908650708217378, 0.8618009062877641
0.7908650708217378, 0.8618009062877641
0.7908650708217378, 0.8618009062877641
0.7908650708217378, 0.8618009062877641
0.7908650708217378, 0.8618009062877641
0.7908650708217378, 0.8618009062877641
0.7908650708217378, 0.8618009062877641
0.7908650708217378, 0.8618009062877641
0.7642111115130175, 0.08556474220002985
0.7642111115130175, 0.08556474220002985
0.7642111115130175, 0.08556474220002985
0.7642111115130175, 0.08556474220002985
0.7642111115130175, 0.08556474220002985
0.7642111115130175, 0.08556474220002985
0.7642111115130175, 0.08556474220002985
0.7642111115130175, 0.08556474220002985
0.7642111115130175, 0.08556474220002985
0.7642111115130175, 0.08556474220002985
0.15839775047869398, 0.10156843753832734
0.15839775047869398, 0.10156843753832734
0.15839775047869398, 0.10156843753832734
0.15839775047869398, 0.10156843753832734
0.15839775047869398, 0.10156843753832734
0.15839775047869398, 0.10156843753832734
0.15839775047869398, 0.10156843753832734
0.15839775047869398, 0.10156843753832734
0.15839775047869398, 0.10156843753832734
0.15839775047869398, 0.10156843753832734
0.6589344529245971, 0.8834876144556378
0.6589344529245971, 0.8834876144556378
0.6589344529245971, 0.8834876144556378
0.6589344529245971, 0.8834876144556378
0.6589344529245971, 0.8834876144556378
0.6589344529245971, 0.8834876144556378
0.6589344529245971, 0.8834876144556378
0.6589344529245971, 0.8834876144556378
0.6589344529245971, 0.8834876144556378
0.6589344529245971, 0.8834876144556378
