0.1
0.7068160300948328, 0.75556030329677
0.2756815685063123, 0.03570426446762065
0.864053005959796, 0.717838062841862
0.4543797674971992, 0.8066774303029354
0.18831918093456834, 0.4539353926411458
0.4706294943890479, 0.008075751507741424
0.5306458947566426, 0.3863698332191646
0.6383182594549026, 0.17461518040713986
0.3108589144284144, 0.06838444314729752
0.17224104103151971, 0.18854736581277476
0.14525460210068897, 0.3172240737230838
0.5578647386326021, 0.08414278737405434
0.9244195623689475, 0.7652581253214803
0.25338396041891476, 0.2980994027355186
0.3242924228449596, 0.2871017293407869
0.8647175693324952, 0.6504841368959363
0.7436420307977317, 0.9478868235558368
0.8230507182038305, 0.3552984793158409
0.6590516441520253, 0.48011797726383476
0.9454364979679337, 0.41874953390384284
0.2581982767760752, 0.30651009532600715
0.3769964414276694, 0.2987868619276748
0.8316974027638858, 0.8719078761180296
0.6907905035638916, 0.4840929603469295
0.10564122669002374, 0.12653514998349769
0.016416967560882845, 0.608893173657371
0.6945960563454787, 0.4150537092245108
0.29603690782057734, 0.3538212375137537
0.8909848164608, 0.31112545748539233
0.9569965615101697, 0.31070918285118654
0.33142321087409554, 0.33655043271985485
0.3517027577602089, 0.3097487333076069
0.6514485510854439, 0.7022577654585075
0.3076917758239335, 0.29944582774594897
0.18053331750802748, 0.8120199443874954
0.9943460429076663, 0.9910227712137966
0.24780877300375925, 0.22372665086739085
0.04314394179090941, 0.41850030149283735
0.026581151682903092, 0.932938358789087
0.8092778192789174, 0.5114286794434552
0.3158579150176676, 0.2169970830527852
0.5740690874778281, 0.9220063752815347
0.7312507495025904, 0.7439940286466811
0.002295930235700183, 0.3692335249023725
0.5823019260300446, 0.5098002796619988
0.31413172540060075, 0.5875116810698536
0.5993029968667918, 0.08037396551319531
0.4616850479590755, 0.696132784376843
0.08545345824975359, 0.628882039636932
0.6601447043377018, 0.990460011875926
0.45216737661402706, 0.6704104038089163
0.3067663032161876, 0.6882291542792095
0.10519578188971779, 0.5320200310817615
0.9144388022267189, 0.8557050103693712
0.8332798575606172, 0.15246370485448346
0.0037843773334327313, 0.5338870625335568
0.01641996965434578, 0.5900692763329722
0.6194986548260736, 0.13181283905587993
0.6286466684687293, 0.34618124524233507
0.16235818889029963, 0.7069207533311089
0.9639625079264603, 0.3730132924645998
0.5532663223049938, 0.19307811079372394
0.9501711195777456, 0.6441364900350485
0.6894554558072853, 0.564978276066078
0.3696227120797789, 0.9128092748289538
0.806792167661828, 0.08381369489792578
0.20835154004438838, 0.0759308569505972
0.6536062074237258, 0.7350514198718073
0.32916812043641497, 0.8183380879945946
0.7579785210495585, 0.0693821806123247
0.5966843527654904, 0.7410122473937093
0.27537497061601424, 0.1998084400980813
0.8991849015012647, 0.8104140841199714
0.59997770742591, 0.38620703428830205
0.791817880530453, 0.6324358265005735
0.48736260860041414, 0.5558136091631767
0.01650042184629863, 0.8771375900120765
0.3112130703642405, 0.545739530821474
0.47900598016227713, 0.6556815035772234
0.261361206905914, 0.4260876209344868
0.6302541801231203, 0.21154445513931952
0.2977295983682824, 0.23875595763573298
