1e-05
0.22287190224177056, 0.8724713117918371
0.22287190224177056, 0.8724713117918371
0.22287190224177056, 0.8724713117918371
0.22287190224177056, 0.8724713117918371
0.22287190224177056, 0.8724713117918371
0.22287190224177056, 0.8724713117918371
0.22287190224177056, 0.8724713117918371
0.22287190224177056, 0.8724713117918371
0.22287190224177056, 0.8724713117918371
0.22287190224177056, 0.8724713117918371
0.9065583361877956, 0.9596817379070778
0.9065583361877956, 0.9596817379070778
0.9065583361877956, 0.9596817379070778
0.9065583361877956, 0.9596817379070778
0.9065583361877956, 0.9596817379070778
0.9065583361877956, 0.9596817379070778
0.9065583361877956, 0.9596817379070778
0.9065583361877956, 0.9596817379070778
0.9065583361877956, 0.9596817379070778
0.9065583361877956, 0.9596817379070778
0.06708046670233347, 0.23196417486773846
0.06708046670233347, 0.23196417486773846
0.06708046670233347, 0.23196417486773846
0.06708046670233347, 0.23196417486773846
0.06708046670233347, 0.23196417486773846
0.06708046670233347, 0.23196417486773846
0.06708046670233347, 0.23196417486773846
0.06708046670233347, 0.23196417486773846
0.06708046670233347, 0.23196417486773846
0.06708046670233347, 0.23196417486773846
0.03559383286304907, 0.09628737137581123
0.03559383286304907, 0.09628737137581123
0.03559383286304907, 0.09628737137581123
0.03559383286304907, 0.09628737137581123
0.03559383286304907, 0.09628737137581123
0.03559383286304907, 0.09628737137581123
0.03559383286304907, 0.09628737137581123
0.03559383286304907, 0.09628737137581123
0.03559383286304907, 0.09628737137581123
0.03559383286304907, 0.09628737137581123
0.5056215560558895, 0.10061704700586394
0.5056215560558895, 0.10061704700586394
0.5056215560558895, 0.10061704700586394
0.5056215560558895, 0.10061704700586394
0.5056215560558895, 0.10061704700586394
0.5056215560558895, 0.10061704700586394
0.5056215560558895, 0.10061704700586394
0.5056215560558895, 0.10061704700586394
0.5056215560558895, 0.10061704700586394
0.5056215560558895, 0.10061704700586394
0.10937625763739, 0.17495023551014732
0.10937625763739, 0.17495023551014732
0.10937625763739, 0.17495023551014732
0.10937625763739, 0.17495023551014732
0.10937625763739, 0.17495023551014732
0.10937625763739, 0.17495023551014732
0.10937625763739, 0.17495023551014732
0.10937625763739, 0.17495023551014732
0.10937625763739, 0.17495023551014732
0.10937625763739, 0.17495023551014732
0.1660575694321389, 0.7775477691722515
0.1660575694321389, 0.7775477691722515
0.1660575694321389, 0.7775477691722515
0.1660575694321389, 0.7775477691722515
0.1660575694321389, 0.7775477691722515
0.1660575694321389, 0.7775477691722515
0.1660575694321389, 0.7775477691722515
0.1660575694321389, 0.7775477691722515
0.1660575694321389, 0.7775477691722515
0.1660575694321389, 0.7775477691722515
0.9024250294146435, 0.32325442616361266
0.9024250294146435, 0.32325442616361266
0.9024250294146435, 0.32325442616361266
0.9024250294146435, 0.32325442616361266
0.9024250294146435, 0.32325442616361266
0.9024250294146435, 0.32325442616361266
0.9024250294146435, 0.32325442616361266
0.9024250294146435, 0.32325442616361266
0.9024250294146435, 0.32325442616361266
0.9024250294146435, 0.32325442616361266
0.8383220745766784, 0.25049617731904394
0.8383220745766784, 0.25049617731904394
0.8383220745766784, 0.25049617731904394
0.8383220745766784, 0.25049617731904394
0.8383220745766784, 0.25049617731904394
0.8383220745766784, 0.25049617731904394
0.8383220745766784, 0.25049617731904394
0.8383220745766784, 0.25049617731904394
0.8383220745766784, 0.25049617731904394
0.8383220745766784, 0.25049617731904394
0.3217607670053535, 0.33186274793103576
0.3217607670053535, 0.33186274793103576
0.3217607670053535, 0.33186274793103576
0.3217607670053535, 0.33186274793103576
0.3217607670053535, 0.33186274793103576
0.3217607670053535, 0.33186274793103576
0.3217607670053535, 0.33186274793103576
0.3217607670053535, 0.33186274793103576
0.3217607670053535, 0.33186274793103576
0.3217607670053535, 0.33186274793103576
