1e-05
0.45087017656960526, 0.274676095203059
0.45087017656960526, 0.274676095203059
0.45087017656960526, 0.274676095203059
0.45087017656960526, 0.274676095203059
0.45087017656960526, 0.274676095203059
0.45087017656960526, 0.274676095203059
0.45087017656960526, 0.274676095203059
0.45087017656960526, 0.274676095203059
0.45087017656960526, 0.274676095203059
0.45087017656960526, 0.274676095203059
0.3006636689244425, 0.6438515840656172
0.3006636689244425, 0.6438515840656172
0.3006636689244425, 0.6438515840656172
0.3006636689244425, 0.6438515840656172
0.3006636689244425, 0.6438515840656172
0.3006636689244425, 0.6438515840656172
0.3006636689244425, 0.6438515840656172
0.3006636689244425, 0.6438515840656172
0.3006636689244425, 0.6438515840656172
0.3006636689244425, 0.6438515840656172
0.7566878826692998, 0.7961165107214183
0.7566878826692998, 0.7961165107214183
0.7566878826692998, 0.7961165107214183
0.7566878826692998, 0.7961165107214183
0.7566878826692998, 0.7961165107214183
0.7566878826692998, 0.7961165107214183
0.7566878826692998, 0.7961165107214183
0.7566878826692998, 0.7961165107214183
0.7566878826692998, 0.7961165107214183
0.7566878826692998, 0.7961165107214183
0.724662762287453, 0.04134936690015678
0.724662762287453, 0.04134936690015678
0.724662762287453, 0.04134936690015678
0.724662762287453, 0.04134936690015678
0.724662762287453, 0.04134936690015678
0.724662762287453, 0.04134936690015678
0.724662762287453, 0.04134936690015678
0.724662762287453, 0.04134936690015678
0.724662762287453, 0.04134936690015678
0.724662762287453, 0.04134936690015678
0.815456133026883, 0.43263845842043447
0.815456133026883, 0.43263845842043447
0.815456133026883, 0.43263845842043447
0.815456133026883, 0.43263845842043447
0.815456133026883, 0.43263845842043447
0.815456133026883, 0.43263845842043447
0.815456133026883, 0.43263845842043447
0.815456133026883, 0.43263845842043447
0.815456133026883, 0.43263845842043447
0.815456133026883, 0.43263845842043447
0.8761037677997966, 0.22448814616388657
0.8761037677997966, 0.22448814616388657
0.8761037677997966, 0.22448814616388657
0.8761037677997966, 0.22448814616388657
0.8761037677997966, 0.22448814616388657
0.8761037677997966, 0.22448814616388657
0.8761037677997966, 0.22448814616388657
0.8761037677997966, 0.22448814616388657
0.8761037677997966, 0.22448814616388657
0.8761037677997966, 0.22448814616388657
0.7343373882261818, 0.6697566177755245
0.7343373882261818, 0.6697566177755245
0.7343373882261818, 0.6697566177755245
0.7343373882261818, 0.6697566177755245
0.7343373882261818, 0.6697566177755245
0.7343373882261818, 0.6697566177755245
0.7343373882261818, 0.6697566177755245
0.7343373882261818, 0.6697566177755245
0.7343373882261818, 0.6697566177755245
0.7343373882261818, 0.6697566177755245
0.008390758518315722, 0.8082507367610696
0.008390758518315722, 0.8082507367610696
0.008390758518315722, 0.8082507367610696
0.008390758518315722, 0.8082507367610696
0.008390758518315722, 0.8082507367610696
0.008390758518315722, 0.8082507367610696
0.008390758518315722, 0.8082507367610696
0.008390758518315722, 0.8082507367610696
0.008390758518315722, 0.8082507367610696
0.008390758518315722, 0.8082507367610696
0.004933977507635912, 0.42382582771186705
0.004933977507635912, 0.42382582771186705
0.004933977507635912, 0.42382582771186705
0.004933977507635912, 0.42382582771186705
0.004933977507635912, 0.42382582771186705
0.004933977507635912, 0.42382582771186705
0.004933977507635912, 0.42382582771186705
0.004933977507635912, 0.42382582771186705
0.004933977507635912, 0.42382582771186705
0.004933977507635912, 0.42382582771186705
0.697032201467005, 0.6943971497329201
0.697032201467005, 0.6943971497329201
0.697032201467005, 0.6943971497329201
0.697032201467005, 0.6943971497329201
0.697032201467005, 0.6943971497329201
0.697032201467005, 0.6943971497329201
0.697032201467005, 0.6943971497329201
0.697032201467005, 0.6943971497329201
0.697032201467005, 0.6943971497329201
0.697032201467005, 0.6943971497329201
