1e-05
0.8554210586400538, 0.17936636344949175
0.8554210586400538, 0.17936636344949175
0.8554210586400538, 0.17936636344949175
0.8554210586400538, 0.17936636344949175
0.8554210586400538, 0.17936636344949175
0.8554210586400538, 0.17936636344949175
0.8554210586400538, 0.17936636344949175
0.8554210586400538, 0.17936636344949175
0.8554210586400538, 0.17936636344949175
0.8554210586400538, 0.17936636344949175
0.8175957730904801, 0.08711997754616518
0.8175957730904801, 0.08711997754616518
0.8175957730904801, 0.08711997754616518
0.8175957730904801, 0.08711997754616518
0.8175957730904801, 0.08711997754616518
0.8175957730904801, 0.08711997754616518
0.8175957730904801, 0.08711997754616518
0.8175957730904801, 0.08711997754616518
0.8175957730904801, 0.08711997754616518
0.8175957730904801, 0.08711997754616518
0.5602495952455046, 0.6722193297603858
0.5602495952455046, 0.6722193297603858
0.5602495952455046, 0.6722193297603858
0.5602495952455046, 0.6722193297603858
0.5602495952455046, 0.6722193297603858
0.5602495952455046, 0.6722193297603858
0.5602495952455046, 0.6722193297603858
0.5602495952455046, 0.6722193297603858
0.5602495952455046, 0.6722193297603858
0.5602495952455046, 0.6722193297603858
0.06969782361124532, 0.21217285177215017
0.06969782361124532, 0.21217285177215017
0.06969782361124532, 0.21217285177215017
0.06969782361124532, 0.21217285177215017
0.06969782361124532, 0.21217285177215017
0.06969782361124532, 0.21217285177215017
0.06969782361124532, 0.21217285177215017
0.06969782361124532, 0.21217285177215017
0.06969782361124532, 0.21217285177215017
0.06969782361124532, 0.21217285177215017
0.661759547442684, 0.477722880885711
0.661759547442684, 0.477722880885711
0.661759547442684, 0.477722880885711
0.661759547442684, 0.477722880885711
0.661759547442684, 0.477722880885711
0.661759547442684, 0.477722880885711
0.661759547442684, 0.477722880885711
0.661759547442684, 0.477722880885711
0.661759547442684, 0.477722880885711
0.661759547442684, 0.477722880885711
0.11383605396714125, 0.1606895543787279
0.11383605396714125, 0.1606895543787279
0.11383605396714125, 0.1606895543787279
0.11383605396714125, 0.1606895543787279
0.11383605396714125, 0.1606895543787279
0.11383605396714125, 0.1606895543787279
0.11383605396714125, 0.1606895543787279
0.11383605396714125, 0.1606895543787279
0.11383605396714125, 0.1606895543787279
0.11383605396714125, 0.1606895543787279
0.5916057329420831, 0.40457691484628044
0.5916057329420831, 0.40457691484628044
0.5916057329420831, 0.40457691484628044
0.5916057329420831, 0.40457691484628044
0.5916057329420831, 0.40457691484628044
0.5916057329420831, 0.40457691484628044
0.5916057329420831, 0.40457691484628044
0.5916057329420831, 0.40457691484628044
0.5916057329420831, 0.40457691484628044
0.5916057329420831, 0.40457691484628044
0.5522045758168032, 0.2782043385910785
0.5522045758168032, 0.2782043385910785
0.5522045758168032, 0.2782043385910785
0.5522045758168032, 0.2782043385910785
0.5522045758168032, 0.2782043385910785
0.5522045758168032, 0.2782043385910785
0.5522045758168032, 0.2782043385910785
0.5522045758168032, 0.2782043385910785
0.5522045758168032, 0.2782043385910785
0.5522045758168032, 0.2782043385910785
0.46674429796480754, 0.6662202376999344
0.46674429796480754, 0.6662202376999344
0.46674429796480754, 0.6662202376999344
0.46674429796480754, 0.6662202376999344
0.46674429796480754, 0.6662202376999344
0.46674429796480754, 0.6662202376999344
0.46674429796480754, 0.6662202376999344
0.46674429796480754, 0.6662202376999344
0.46674429796480754, 0.6662202376999344
0.46674429796480754, 0.6662202376999344
0.15906404714340383, 0.6649568270804367
0.15906404714340383, 0.6649568270804367
0.15906404714340383, 0.6649568270804367
0.15906404714340383, 0.6649568270804367
0.15906404714340383, 0.6649568270804367
0.15906404714340383, 0.6649568270804367
0.15906404714340383, 0.6649568270804367
0.15906404714340383, 0.6649568270804367
0.15906404714340383, 0.6649568270804367
0.15906404714340383, 0.6649568270804367
