1e-05
0.8871555062109541, 0.5196166964091623
0.8871555062109541, 0.5196166964091623
0.8871555062109541, 0.5196166964091623
0.8871555062109541, 0.5196166964091623
0.8871555062109541, 0.5196166964091623
0.8871555062109541, 0.5196166964091623
0.8871555062109541, 0.5196166964091623
0.8871555062109541, 0.5196166964091623
0.8871555062109541, 0.5196166964091623
0.8871555062109541, 0.5196166964091623
0.484632405998073, 0.14107704692089695
0.484632405998073, 0.14107704692089695
0.484632405998073, 0.14107704692089695
0.484632405998073, 0.14107704692089695
0.484632405998073, 0.14107704692089695
0.484632405998073, 0.14107704692089695
0.484632405998073, 0.14107704692089695
0.484632405998073, 0.14107704692089695
0.484632405998073, 0.14107704692089695
0.484632405998073, 0.14107704692089695
0.00116395477890463, 0.7261986123148977
0.00116395477890463, 0.7261986123148977
0.00116395477890463, 0.7261986123148977
0.00116395477890463, 0.7261986123148977
0.00116395477890463, 0.7261986123148977
0.00116395477890463, 0.7261986123148977
0.00116395477890463, 0.7261986123148977
0.00116395477890463, 0.7261986123148977
0.00116395477890463, 0.7261986123148977
0.00116395477890463, 0.7261986123148977
0.38294151934547904, 0.3991427267745511
0.38294151934547904, 0.3991427267745511
0.38294151934547904, 0.3991427267745511
0.38294151934547904, 0.3991427267745511
0.38294151934547904, 0.3991427267745511
0.38294151934547904, 0.3991427267745511
0.38294151934547904, 0.3991427267745511
0.38294151934547904, 0.3991427267745511
0.38294151934547904, 0.3991427267745511
0.38294151934547904, 0.3991427267745511
0.8136460014276398, 0.290720619239767
0.8136460014276398, 0.290720619239767
0.8136460014276398, 0.290720619239767
0.8136460014276398, 0.290720619239767
0.8136460014276398, 0.290720619239767
0.8136460014276398, 0.290720619239767
0.8136460014276398, 0.290720619239767
0.8136460014276398, 0.290720619239767
0.8136460014276398, 0.290720619239767
0.8136460014276398, 0.290720619239767
0.3598237051539147, 0.4004614029946134
0.3598237051539147, 0.4004614029946134
0.3598237051539147, 0.4004614029946134
0.3598237051539147, 0.4004614029946134
0.3598237051539147, 0.4004614029946134
0.3598237051539147, 0.4004614029946134
0.3598237051539147, 0.4004614029946134
0.3598237051539147, 0.4004614029946134
0.3598237051539147, 0.4004614029946134
0.3598237051539147, 0.4004614029946134
0.20914578759932534, 0.22467355092954633
0.20914578759932534, 0.22467355092954633
0.20914578759932534, 0.22467355092954633
0.20914578759932534, 0.22467355092954633
0.20914578759932534, 0.22467355092954633
0.20914578759932534, 0.22467355092954633
0.20914578759932534, 0.22467355092954633
0.20914578759932534, 0.22467355092954633
0.20914578759932534, 0.22467355092954633
0.20914578759932534, 0.22467355092954633
0.9616547101837611, 0.31672019272013585
0.9616547101837611, 0.31672019272013585
0.9616547101837611, 0.31672019272013585
0.9616547101837611, 0.31672019272013585
0.9616547101837611, 0.31672019272013585
0.9616547101837611, 0.31672019272013585
0.9616547101837611, 0.31672019272013585
0.9616547101837611, 0.31672019272013585
0.9616547101837611, 0.31672019272013585
0.9616547101837611, 0.31672019272013585
0.3615748798374743, 0.08813719030307055
0.3615748798374743, 0.08813719030307055
0.3615748798374743, 0.08813719030307055
0.3615748798374743, 0.08813719030307055
0.3615748798374743, 0.08813719030307055
0.3615748798374743, 0.08813719030307055
0.3615748798374743, 0.08813719030307055
0.3615748798374743, 0.08813719030307055
0.3615748798374743, 0.08813719030307055
0.3615748798374743, 0.08813719030307055
0.7039495124516805, 0.6103190957052042
0.7039495124516805, 0.6103190957052042
0.7039495124516805, 0.6103190957052042
0.7039495124516805, 0.6103190957052042
0.7039495124516805, 0.6103190957052042
0.7039495124516805, 0.6103190957052042
0.7039495124516805, 0.6103190957052042
0.7039495124516805, 0.6103190957052042
0.7039495124516805, 0.6103190957052042
0.7039495124516805, 0.6103190957052042
