0.001
0.3176424159326183, 0.2882632131974171
0.8061435415137076, 0.12077217223377679
0.20731188722067806, 0.42609381264589996
0.4543140894934875, 0.11459715033304751
0.023111357260496068, 0.7423973748719745
0.07573099205851563, 0.40002753678712755
0.5310981353274118, 0.14777762167246977
0.9748081134652201, 0.5737500025224158
0.0465432753044257, 0.7498396214797891
0.7204046363840564, 0.622856545061952
0.12790648243403768, 0.9475020922637797
0.0523303559371151, 0.42732104474685884
0.48218825003323795, 0.7241096698917455
0.9585728905703639, 0.960794203097703
0.02506783684946523, 0.4411537433100168
0.6467685560424775, 0.8172720101688303
0.6524198738352763, 0.16084379060076737
