1e-05
0.8051517245738387, 0.8319538208501989
0.8051517245738387, 0.8319538208501989
0.8051517245738387, 0.8319538208501989
0.8051517245738387, 0.8319538208501989
0.8051517245738387, 0.8319538208501989
0.8051517245738387, 0.8319538208501989
0.8051517245738387, 0.8319538208501989
0.8051517245738387, 0.8319538208501989
0.8051517245738387, 0.8319538208501989
0.8051517245738387, 0.8319538208501989
0.49485280130248843, 0.1417757780770662
0.49485280130248843, 0.1417757780770662
0.49485280130248843, 0.1417757780770662
0.49485280130248843, 0.1417757780770662
0.49485280130248843, 0.1417757780770662
0.49485280130248843, 0.1417757780770662
0.49485280130248843, 0.1417757780770662
0.49485280130248843, 0.1417757780770662
0.49485280130248843, 0.1417757780770662
0.49485280130248843, 0.1417757780770662
0.588009656206548, 0.03204660158550343
0.588009656206548, 0.03204660158550343
0.588009656206548, 0.03204660158550343
0.588009656206548, 0.03204660158550343
0.588009656206548, 0.03204660158550343
0.588009656206548, 0.03204660158550343
0.588009656206548, 0.03204660158550343
0.588009656206548, 0.03204660158550343
0.588009656206548, 0.03204660158550343
0.588009656206548, 0.03204660158550343
0.6914935027900557, 0.27733877583228805
0.6914935027900557, 0.27733877583228805
0.6914935027900557, 0.27733877583228805
0.6914935027900557, 0.27733877583228805
0.6914935027900557, 0.27733877583228805
0.6914935027900557, 0.27733877583228805
0.6914935027900557, 0.27733877583228805
0.6914935027900557, 0.27733877583228805
0.6914935027900557, 0.27733877583228805
0.6914935027900557, 0.27733877583228805
0.7804471664910826, 0.880345479349129
0.7804471664910826, 0.880345479349129
0.7804471664910826, 0.880345479349129
0.7804471664910826, 0.880345479349129
0.7804471664910826, 0.880345479349129
0.7804471664910826, 0.880345479349129
0.7804471664910826, 0.880345479349129
0.7804471664910826, 0.880345479349129
0.7804471664910826, 0.880345479349129
0.7804471664910826, 0.880345479349129
0.4874833498395439, 0.6244213717559146
0.4874833498395439, 0.6244213717559146
0.4874833498395439, 0.6244213717559146
0.4874833498395439, 0.6244213717559146
0.4874833498395439, 0.6244213717559146
0.4874833498395439, 0.6244213717559146
0.4874833498395439, 0.6244213717559146
0.4874833498395439, 0.6244213717559146
0.4874833498395439, 0.6244213717559146
0.4874833498395439, 0.6244213717559146
0.3391973559883418, 0.5651678321973593
0.3391973559883418, 0.5651678321973593
0.3391973559883418, 0.5651678321973593
0.3391973559883418, 0.5651678321973593
0.3391973559883418, 0.5651678321973593
0.3391973559883418, 0.5651678321973593
0.3391973559883418, 0.5651678321973593
0.3391973559883418, 0.5651678321973593
0.3391973559883418, 0.5651678321973593
0.3391973559883418, 0.5651678321973593
0.08804415356463524, 0.34800482248138775
0.08804415356463524, 0.34800482248138775
0.08804415356463524, 0.34800482248138775
0.08804415356463524, 0.34800482248138775
0.08804415356463524, 0.34800482248138775
0.08804415356463524, 0.34800482248138775
0.08804415356463524, 0.34800482248138775
0.08804415356463524, 0.34800482248138775
0.08804415356463524, 0.34800482248138775
0.08804415356463524, 0.34800482248138775
0.3356086814071525, 0.123265468844723
0.3356086814071525, 0.123265468844723
0.3356086814071525, 0.123265468844723
0.3356086814071525, 0.123265468844723
0.3356086814071525, 0.123265468844723
0.3356086814071525, 0.123265468844723
0.3356086814071525, 0.123265468844723
0.3356086814071525, 0.123265468844723
0.3356086814071525, 0.123265468844723
0.3356086814071525, 0.123265468844723
0.009984211156463307, 0.4086410959147144
0.009984211156463307, 0.4086410959147144
0.009984211156463307, 0.4086410959147144
0.009984211156463307, 0.4086410959147144
0.009984211156463307, 0.4086410959147144
0.009984211156463307, 0.4086410959147144
0.009984211156463307, 0.4086410959147144
0.009984211156463307, 0.4086410959147144
0.009984211156463307, 0.4086410959147144
0.009984211156463307, 0.4086410959147144
