1e-05
0.7508802713411574, 0.9968420919685926
0.7508802713411574, 0.9968420919685926
0.7508802713411574, 0.9968420919685926
0.7508802713411574, 0.9968420919685926
0.7508802713411574, 0.9968420919685926
0.7508802713411574, 0.9968420919685926
0.7508802713411574, 0.9968420919685926
0.7508802713411574, 0.9968420919685926
0.7508802713411574, 0.9968420919685926
0.7508802713411574, 0.9968420919685926
0.03977290527261923, 0.015961989259052123
0.03977290527261923, 0.015961989259052123
0.03977290527261923, 0.015961989259052123
0.03977290527261923, 0.015961989259052123
0.03977290527261923, 0.015961989259052123
0.03977290527261923, 0.015961989259052123
0.03977290527261923, 0.015961989259052123
0.03977290527261923, 0.015961989259052123
0.03977290527261923, 0.015961989259052123
0.03977290527261923, 0.015961989259052123
0.36772837301088324, 0.9809520663139883
0.36772837301088324, 0.9809520663139883
0.36772837301088324, 0.9809520663139883
0.36772837301088324, 0.9809520663139883
0.36772837301088324, 0.9809520663139883
0.36772837301088324, 0.9809520663139883
0.36772837301088324, 0.9809520663139883
0.36772837301088324, 0.9809520663139883
0.36772837301088324, 0.9809520663139883
0.36772837301088324, 0.9809520663139883
0.5244081466047484, 0.12958126727277242
0.5244081466047484, 0.12958126727277242
0.5244081466047484, 0.12958126727277242
0.5244081466047484, 0.12958126727277242
0.5244081466047484, 0.12958126727277242
0.5244081466047484, 0.12958126727277242
0.5244081466047484, 0.12958126727277242
0.5244081466047484, 0.12958126727277242
0.5244081466047484, 0.12958126727277242
0.5244081466047484, 0.12958126727277242
0.2961700057700263, 0.30757346589870227
0.2961700057700263, 0.30757346589870227
0.2961700057700263, 0.30757346589870227
0.2961700057700263, 0.30757346589870227
0.2961700057700263, 0.30757346589870227
0.2961700057700263, 0.30757346589870227
0.2961700057700263, 0.30757346589870227
0.2961700057700263, 0.30757346589870227
0.2961700057700263, 0.30757346589870227
0.2961700057700263, 0.30757346589870227
0.7273228845634084, 0.37238932371655853
0.7273228845634084, 0.37238932371655853
0.7273228845634084, 0.37238932371655853
0.7273228845634084, 0.37238932371655853
0.7273228845634084, 0.37238932371655853
0.7273228845634084, 0.37238932371655853
0.7273228845634084, 0.37238932371655853
0.7273228845634084, 0.37238932371655853
0.7273228845634084, 0.37238932371655853
0.7273228845634084, 0.37238932371655853
0.11680479106071795, 0.23696954397206316
0.11680479106071795, 0.23696954397206316
0.11680479106071795, 0.23696954397206316
0.11680479106071795, 0.23696954397206316
0.11680479106071795, 0.23696954397206316
0.11680479106071795, 0.23696954397206316
0.11680479106071795, 0.23696954397206316
0.11680479106071795, 0.23696954397206316
0.11680479106071795, 0.23696954397206316
0.11680479106071795, 0.23696954397206316
0.5698679692456926, 0.7520717535292678
0.5698679692456926, 0.7520717535292678
0.5698679692456926, 0.7520717535292678
0.5698679692456926, 0.7520717535292678
0.5698679692456926, 0.7520717535292678
0.5698679692456926, 0.7520717535292678
0.5698679692456926, 0.7520717535292678
0.5698679692456926, 0.7520717535292678
0.5698679692456926, 0.7520717535292678
0.5698679692456926, 0.7520717535292678
0.1691709347207977, 0.7210038562736556
0.1691709347207977, 0.7210038562736556
0.1691709347207977, 0.7210038562736556
0.1691709347207977, 0.7210038562736556
0.1691709347207977, 0.7210038562736556
0.1691709347207977, 0.7210038562736556
0.1691709347207977, 0.7210038562736556
0.1691709347207977, 0.7210038562736556
0.1691709347207977, 0.7210038562736556
0.1691709347207977, 0.7210038562736556
0.12655332236145012, 0.07252558684341404
0.12655332236145012, 0.07252558684341404
0.12655332236145012, 0.07252558684341404
0.12655332236145012, 0.07252558684341404
0.12655332236145012, 0.07252558684341404
0.12655332236145012, 0.07252558684341404
0.12655332236145012, 0.07252558684341404
0.12655332236145012, 0.07252558684341404
0.12655332236145012, 0.07252558684341404
0.12655332236145012, 0.07252558684341404
