1e-05
0.8282313741437257, 0.9706805523617615
0.8282313741437257, 0.9706805523617615
0.8282313741437257, 0.9706805523617615
0.8282313741437257, 0.9706805523617615
0.8282313741437257, 0.9706805523617615
0.8282313741437257, 0.9706805523617615
0.8282313741437257, 0.9706805523617615
0.8282313741437257, 0.9706805523617615
0.8282313741437257, 0.9706805523617615
0.8282313741437257, 0.9706805523617615
0.20382942395226256, 0.19682570490640505
0.20382942395226256, 0.19682570490640505
0.20382942395226256, 0.19682570490640505
0.20382942395226256, 0.19682570490640505
0.20382942395226256, 0.19682570490640505
0.20382942395226256, 0.19682570490640505
0.20382942395226256, 0.19682570490640505
0.20382942395226256, 0.19682570490640505
0.20382942395226256, 0.19682570490640505
0.20382942395226256, 0.19682570490640505
0.4736226173474656, 0.4676271493107068
0.4736226173474656, 0.4676271493107068
0.4736226173474656, 0.4676271493107068
0.4736226173474656, 0.4676271493107068
0.4736226173474656, 0.4676271493107068
0.4736226173474656, 0.4676271493107068
0.4736226173474656, 0.4676271493107068
0.4736226173474656, 0.4676271493107068
0.4736226173474656, 0.4676271493107068
0.4736226173474656, 0.4676271493107068
0.2446266813525524, 0.40491529523047765
0.2446266813525524, 0.40491529523047765
0.2446266813525524, 0.40491529523047765
0.2446266813525524, 0.40491529523047765
0.2446266813525524, 0.40491529523047765
0.2446266813525524, 0.40491529523047765
0.2446266813525524, 0.40491529523047765
0.2446266813525524, 0.40491529523047765
0.2446266813525524, 0.40491529523047765
0.2446266813525524, 0.40491529523047765
0.754440098536047, 0.015857767917777488
0.754440098536047, 0.015857767917777488
0.754440098536047, 0.015857767917777488
0.754440098536047, 0.015857767917777488
0.754440098536047, 0.015857767917777488
0.754440098536047, 0.015857767917777488
0.754440098536047, 0.015857767917777488
0.754440098536047, 0.015857767917777488
0.754440098536047, 0.015857767917777488
0.754440098536047, 0.015857767917777488
0.9407417956495236, 0.20548422599522398
0.9407417956495236, 0.20548422599522398
0.9407417956495236, 0.20548422599522398
0.9407417956495236, 0.20548422599522398
0.9407417956495236, 0.20548422599522398
0.9407417956495236, 0.20548422599522398
0.9407417956495236, 0.20548422599522398
0.9407417956495236, 0.20548422599522398
0.9407417956495236, 0.20548422599522398
0.9407417956495236, 0.20548422599522398
0.20703278885469678, 0.7301747806246899
0.20703278885469678, 0.7301747806246899
0.20703278885469678, 0.7301747806246899
0.20703278885469678, 0.7301747806246899
0.20703278885469678, 0.7301747806246899
0.20703278885469678, 0.7301747806246899
0.20703278885469678, 0.7301747806246899
0.20703278885469678, 0.7301747806246899
0.20703278885469678, 0.7301747806246899
0.20703278885469678, 0.7301747806246899
0.20637477816509187, 0.32361297860477134
0.20637477816509187, 0.32361297860477134
0.20637477816509187, 0.32361297860477134
0.20637477816509187, 0.32361297860477134
0.20637477816509187, 0.32361297860477134
0.20637477816509187, 0.32361297860477134
0.20637477816509187, 0.32361297860477134
0.20637477816509187, 0.32361297860477134
0.20637477816509187, 0.32361297860477134
0.20637477816509187, 0.32361297860477134
0.08493119839171459, 0.9884217717206193
0.08493119839171459, 0.9884217717206193
0.08493119839171459, 0.9884217717206193
0.08493119839171459, 0.9884217717206193
0.08493119839171459, 0.9884217717206193
0.08493119839171459, 0.9884217717206193
0.08493119839171459, 0.9884217717206193
0.08493119839171459, 0.9884217717206193
0.08493119839171459, 0.9884217717206193
0.08493119839171459, 0.9884217717206193
0.6292939755323201, 0.45244104275052244
0.6292939755323201, 0.45244104275052244
0.6292939755323201, 0.45244104275052244
0.6292939755323201, 0.45244104275052244
0.6292939755323201, 0.45244104275052244
0.6292939755323201, 0.45244104275052244
0.6292939755323201, 0.45244104275052244
0.6292939755323201, 0.45244104275052244
0.6292939755323201, 0.45244104275052244
0.6292939755323201, 0.45244104275052244
