1e-05
0.5166376559750697, 0.6840095196379149
0.03547376184782469, 0.4988798482559129
0.970018529649617, 0.6249128508662883
0.568153503077982, 0.11698480614002083
0.226440602138395, 0.03875532689515404
0.5948547074874718, 0.012247976749388045
0.4843822665299762, 0.5035886466785955
0.7472500659966325, 0.6140994418019688
0.46308863361874464, 0.8046671711628599
0.3140047067832167, 0.08197475629679896
0.412244035937016, 0.47995568568998814
0.8956744251412734, 0.40372631873957654
0.10694928720234154, 0.6518925842927742
0.49502892287830924, 0.43189475130483024
0.16830248450325613, 0.6833708217622665
0.689111520529779, 0.8870006163804108
0.3590630785696741, 0.48580868962340695
0.4678895021668754, 0.26167282595707597
0.9672666774225396, 0.7535006772021459
0.6203170311822723, 0.6949737009127375
0.8582623297233952, 0.3577138009889357
0.09724136625537794, 0.6444926481079809
0.3349467755685699, 0.3717884795041422
0.36356879650907037, 0.6281029996186045
0.6484958852607489, 0.8172200259076462
0.7415416947682112, 0.3722220237171189
0.983104956370222, 0.25983972428913216
0.3104011463652896, 0.7319949351599923
0.2672467369624799, 0.8286825477379862
0.9705678584577471, 0.7703244595660392
0.9434403276080529, 0.38501336966052313
0.02703898598694654, 0.4073440867949154
0.8812537655919448, 0.40978055458367935
0.5992197946106166, 0.6371271815473322
0.961445467573741, 0.3751795261330916
0.22110035907219727, 0.11156163755426707
0.9843922850426147, 0.7445086185472515
0.10126022960894954, 0.20798138055097726
0.9344353692574033, 0.8896396921436645
0.09103911420174504, 0.7265831104514493
0.16312203828181782, 0.2153022705212183
0.4409624242289607, 0.8444964699453116
0.2996679172199753, 0.8142702574095714
0.17439598712310878, 0.4074661992254893
0.7207301331358049, 0.5634469520800628
0.7411735307903193, 0.934917484156581
0.9476991651118521, 0.7118952346064846
0.6667696621939948, 0.12439120945870596
0.4614299576065045, 0.6705810758921897
0.9554413956878649, 0.601044291780305
0.5025945833662959, 0.04601504232772302
0.06504834366381029, 0.7541947118169717
0.5801471170851048, 0.14660564982177038
0.7142309080669026, 0.4507245023460602
0.9630825322176992, 0.7507854275564254
0.20072233201849876, 0.6732864497047483
0.8618843220025946, 0.6015630712518103
0.5322470231319067, 0.343164855847808
0.8321109581599228, 0.5649769866333884
0.1583598280275853, 0.7381094223380096
0.5678983847364929, 0.44702181887187453
0.847588472941184, 0.5267122370161709
0.38832110279839627, 0.42862075113138143
0.3500710569064934, 0.3076381209094422
0.4465327908531459, 0.379360545714584
0.7420454132736621, 0.7622691848568878
0.2531016727076486, 0.7191794574388587
0.7449852261073076, 0.7315996375162045
0.14984697475548425, 0.8587342939744727
0.8398356423749935, 0.7112869454097561
0.8358152820925165, 0.17259865108979278
0.8659609663140723, 0.7166341040351327
0.2999862545857166, 0.23453668412427375
0.021206407534395733, 0.06549913486813208
0.6937261849962724, 0.9249198798739174
0.41640251271006556, 0.4481094206301759
0.9501538317508261, 0.6674423376268137
0.9915922990159395, 0.5592803348130246
0.2500951003938714, 0.8066105917820757
0.33503897320525566, 0.3819400822153708
0.34508125840157644, 0.8581543205138106
0.05605756363141112, 0.38760568927521244
0.09145305487431576, 0.5729985292303322
0.18700271964447102, 0.8333073370622669
0.26390736544185, 0.4321525215280033
0.7032794079099222, 0.15670236952478456
0.5846514867636708, 0.6380244146135168
0.7026314412823408, 0.280890145992462
0.22057609820645396, 0.358795794376366
0.25281639212201756, 0.6811244318590207
0.42889387984481453, 0.38998204019005156
0.5037393798202412, 0.8319273200166664
0.16845751192429892, 0.7801072735124331
0.7954884699764937, 0.08079418275186423
0.18412562244436592, 0.6024211602680419
0.9509568657594997, 0.6280744699236568
0.7140433102532402, 0.8462757457889012
0.0814353550297432, 0.06265617465250284
0.8271919165143915, 0.5033580128309836
0.04183140532999041, 0.01617442597107044
