1e-05
0.7589783536440422, 0.9629389800219356
0.7589783536440422, 0.9629389800219356
0.7589783536440422, 0.9629389800219356
0.7589783536440422, 0.9629389800219356
0.7589783536440422, 0.9629389800219356
0.7589783536440422, 0.9629389800219356
0.7589783536440422, 0.9629389800219356
0.7589783536440422, 0.9629389800219356
0.7589783536440422, 0.9629389800219356
0.7589783536440422, 0.9629389800219356
0.5732160437025674, 0.8254484961195232
0.5732160437025674, 0.8254484961195232
0.5732160437025674, 0.8254484961195232
0.5732160437025674, 0.8254484961195232
0.5732160437025674, 0.8254484961195232
0.5732160437025674, 0.8254484961195232
0.5732160437025674, 0.8254484961195232
0.5732160437025674, 0.8254484961195232
0.5732160437025674, 0.8254484961195232
0.5732160437025674, 0.8254484961195232
0.8093126557560587, 0.6202102478353564
0.8093126557560587, 0.6202102478353564
0.8093126557560587, 0.6202102478353564
0.8093126557560587, 0.6202102478353564
0.8093126557560587, 0.6202102478353564
0.8093126557560587, 0.6202102478353564
0.8093126557560587, 0.6202102478353564
0.8093126557560587, 0.6202102478353564
0.8093126557560587, 0.6202102478353564
0.8093126557560587, 0.6202102478353564
0.5677655018650297, 0.8810480484041993
0.5677655018650297, 0.8810480484041993
0.5677655018650297, 0.8810480484041993
0.5677655018650297, 0.8810480484041993
0.5677655018650297, 0.8810480484041993
0.5677655018650297, 0.8810480484041993
0.5677655018650297, 0.8810480484041993
0.5677655018650297, 0.8810480484041993
0.5677655018650297, 0.8810480484041993
0.5677655018650297, 0.8810480484041993
0.1274306444090868, 0.7539982721181578
0.1274306444090868, 0.7539982721181578
0.1274306444090868, 0.7539982721181578
0.1274306444090868, 0.7539982721181578
0.1274306444090868, 0.7539982721181578
0.1274306444090868, 0.7539982721181578
0.1274306444090868, 0.7539982721181578
0.1274306444090868, 0.7539982721181578
0.1274306444090868, 0.7539982721181578
0.1274306444090868, 0.7539982721181578
0.2865786140138249, 0.2277218723718627
0.2865786140138249, 0.2277218723718627
0.2865786140138249, 0.2277218723718627
0.2865786140138249, 0.2277218723718627
0.2865786140138249, 0.2277218723718627
0.2865786140138249, 0.2277218723718627
0.2865786140138249, 0.2277218723718627
0.2865786140138249, 0.2277218723718627
0.2865786140138249, 0.2277218723718627
0.2865786140138249, 0.2277218723718627
0.9251424528281298, 0.5684575727628961
0.9251424528281298, 0.5684575727628961
0.9251424528281298, 0.5684575727628961
0.9251424528281298, 0.5684575727628961
0.9251424528281298, 0.5684575727628961
0.9251424528281298, 0.5684575727628961
0.9251424528281298, 0.5684575727628961
0.9251424528281298, 0.5684575727628961
0.9251424528281298, 0.5684575727628961
0.9251424528281298, 0.5684575727628961
0.6104710606480113, 0.5709956474847799
0.6104710606480113, 0.5709956474847799
0.6104710606480113, 0.5709956474847799
0.6104710606480113, 0.5709956474847799
0.6104710606480113, 0.5709956474847799
0.6104710606480113, 0.5709956474847799
0.6104710606480113, 0.5709956474847799
0.6104710606480113, 0.5709956474847799
0.6104710606480113, 0.5709956474847799
0.6104710606480113, 0.5709956474847799
0.11268400250935007, 0.9562809366191563
0.11268400250935007, 0.9562809366191563
0.11268400250935007, 0.9562809366191563
0.11268400250935007, 0.9562809366191563
0.11268400250935007, 0.9562809366191563
0.11268400250935007, 0.9562809366191563
0.11268400250935007, 0.9562809366191563
0.11268400250935007, 0.9562809366191563
0.11268400250935007, 0.9562809366191563
0.11268400250935007, 0.9562809366191563
0.48621942491636283, 0.9581990655766474
0.48621942491636283, 0.9581990655766474
0.48621942491636283, 0.9581990655766474
0.48621942491636283, 0.9581990655766474
0.48621942491636283, 0.9581990655766474
0.48621942491636283, 0.9581990655766474
0.48621942491636283, 0.9581990655766474
0.48621942491636283, 0.9581990655766474
0.48621942491636283, 0.9581990655766474
0.48621942491636283, 0.9581990655766474
