1e-05
0.7398520882412316, 0.6904612854209803
0.7398520882412316, 0.6904612854209803
0.7398520882412316, 0.6904612854209803
0.7398520882412316, 0.6904612854209803
0.7398520882412316, 0.6904612854209803
0.7398520882412316, 0.6904612854209803
0.7398520882412316, 0.6904612854209803
0.7398520882412316, 0.6904612854209803
0.7398520882412316, 0.6904612854209803
0.7398520882412316, 0.6904612854209803
0.8320809589485437, 0.1038226273840468
0.8320809589485437, 0.1038226273840468
0.8320809589485437, 0.1038226273840468
0.8320809589485437, 0.1038226273840468
0.8320809589485437, 0.1038226273840468
0.8320809589485437, 0.1038226273840468
0.8320809589485437, 0.1038226273840468
0.8320809589485437, 0.1038226273840468
0.8320809589485437, 0.1038226273840468
0.8320809589485437, 0.1038226273840468
0.09031076115749159, 0.3931023983864359
0.09031076115749159, 0.3931023983864359
0.09031076115749159, 0.3931023983864359
0.09031076115749159, 0.3931023983864359
0.09031076115749159, 0.3931023983864359
0.09031076115749159, 0.3931023983864359
0.09031076115749159, 0.3931023983864359
0.09031076115749159, 0.3931023983864359
0.09031076115749159, 0.3931023983864359
0.09031076115749159, 0.3931023983864359
0.4419032594330353, 0.7154602452621629
0.4419032594330353, 0.7154602452621629
0.4419032594330353, 0.7154602452621629
0.4419032594330353, 0.7154602452621629
0.4419032594330353, 0.7154602452621629
0.4419032594330353, 0.7154602452621629
0.4419032594330353, 0.7154602452621629
0.4419032594330353, 0.7154602452621629
0.4419032594330353, 0.7154602452621629
0.4419032594330353, 0.7154602452621629
0.2910008756587886, 0.6435661123537452
0.2910008756587886, 0.6435661123537452
0.2910008756587886, 0.6435661123537452
0.2910008756587886, 0.6435661123537452
0.2910008756587886, 0.6435661123537452
0.2910008756587886, 0.6435661123537452
0.2910008756587886, 0.6435661123537452
0.2910008756587886, 0.6435661123537452
0.2910008756587886, 0.6435661123537452
0.2910008756587886, 0.6435661123537452
0.6804633945498931, 0.7565319819019707
0.6804633945498931, 0.7565319819019707
0.6804633945498931, 0.7565319819019707
0.6804633945498931, 0.7565319819019707
0.6804633945498931, 0.7565319819019707
0.6804633945498931, 0.7565319819019707
0.6804633945498931, 0.7565319819019707
0.6804633945498931, 0.7565319819019707
0.6804633945498931, 0.7565319819019707
0.6804633945498931, 0.7565319819019707
0.40894772115587885, 0.4947893091959329
0.40894772115587885, 0.4947893091959329
0.40894772115587885, 0.4947893091959329
0.40894772115587885, 0.4947893091959329
0.40894772115587885, 0.4947893091959329
0.40894772115587885, 0.4947893091959329
0.40894772115587885, 0.4947893091959329
0.40894772115587885, 0.4947893091959329
0.40894772115587885, 0.4947893091959329
0.40894772115587885, 0.4947893091959329
0.1581801344364958, 0.6863952391232521
0.1581801344364958, 0.6863952391232521
0.1581801344364958, 0.6863952391232521
0.1581801344364958, 0.6863952391232521
0.1581801344364958, 0.6863952391232521
0.1581801344364958, 0.6863952391232521
0.1581801344364958, 0.6863952391232521
0.1581801344364958, 0.6863952391232521
0.1581801344364958, 0.6863952391232521
0.1581801344364958, 0.6863952391232521
0.7878397939330137, 0.4417966384711087
0.7878397939330137, 0.4417966384711087
0.7878397939330137, 0.4417966384711087
0.7878397939330137, 0.4417966384711087
0.7878397939330137, 0.4417966384711087
0.7878397939330137, 0.4417966384711087
0.7878397939330137, 0.4417966384711087
0.7878397939330137, 0.4417966384711087
0.7878397939330137, 0.4417966384711087
0.7878397939330137, 0.4417966384711087
0.3353450111353068, 0.9539995276783791
0.3353450111353068, 0.9539995276783791
0.3353450111353068, 0.9539995276783791
0.3353450111353068, 0.9539995276783791
0.3353450111353068, 0.9539995276783791
0.3353450111353068, 0.9539995276783791
0.3353450111353068, 0.9539995276783791
0.3353450111353068, 0.9539995276783791
0.3353450111353068, 0.9539995276783791
0.3353450111353068, 0.9539995276783791
