1e-05
0.7410975673782698, 0.45426894625746406
0.7410975673782698, 0.45426894625746406
0.7410975673782698, 0.45426894625746406
0.7410975673782698, 0.45426894625746406
0.7410975673782698, 0.45426894625746406
0.7410975673782698, 0.45426894625746406
0.7410975673782698, 0.45426894625746406
0.7410975673782698, 0.45426894625746406
0.7410975673782698, 0.45426894625746406
0.7410975673782698, 0.45426894625746406
0.2289248854745045, 0.049601697373930276
0.2289248854745045, 0.049601697373930276
0.2289248854745045, 0.049601697373930276
0.2289248854745045, 0.049601697373930276
0.2289248854745045, 0.049601697373930276
0.2289248854745045, 0.049601697373930276
0.2289248854745045, 0.049601697373930276
0.2289248854745045, 0.049601697373930276
0.2289248854745045, 0.049601697373930276
0.2289248854745045, 0.049601697373930276
0.7478943296992988, 0.5010294663782917
0.7478943296992988, 0.5010294663782917
0.7478943296992988, 0.5010294663782917
0.7478943296992988, 0.5010294663782917
0.7478943296992988, 0.5010294663782917
0.7478943296992988, 0.5010294663782917
0.7478943296992988, 0.5010294663782917
0.7478943296992988, 0.5010294663782917
0.7478943296992988, 0.5010294663782917
0.7478943296992988, 0.5010294663782917
0.6534059667372107, 0.6345412582271703
0.6534059667372107, 0.6345412582271703
0.6534059667372107, 0.6345412582271703
0.6534059667372107, 0.6345412582271703
0.6534059667372107, 0.6345412582271703
0.6534059667372107, 0.6345412582271703
0.6534059667372107, 0.6345412582271703
0.6534059667372107, 0.6345412582271703
0.6534059667372107, 0.6345412582271703
0.6534059667372107, 0.6345412582271703
0.840345292934373, 0.44021255541775817
0.840345292934373, 0.44021255541775817
0.840345292934373, 0.44021255541775817
0.840345292934373, 0.44021255541775817
0.840345292934373, 0.44021255541775817
0.840345292934373, 0.44021255541775817
0.840345292934373, 0.44021255541775817
0.840345292934373, 0.44021255541775817
0.840345292934373, 0.44021255541775817
0.840345292934373, 0.44021255541775817
0.6682998442418472, 0.7223241203550621
0.6682998442418472, 0.7223241203550621
0.6682998442418472, 0.7223241203550621
0.6682998442418472, 0.7223241203550621
0.6682998442418472, 0.7223241203550621
0.6682998442418472, 0.7223241203550621
0.6682998442418472, 0.7223241203550621
0.6682998442418472, 0.7223241203550621
0.6682998442418472, 0.7223241203550621
0.6682998442418472, 0.7223241203550621
0.3000481490797853, 0.5445018430339501
0.3000481490797853, 0.5445018430339501
0.3000481490797853, 0.5445018430339501
0.3000481490797853, 0.5445018430339501
0.3000481490797853, 0.5445018430339501
0.3000481490797853, 0.5445018430339501
0.3000481490797853, 0.5445018430339501
0.3000481490797853, 0.5445018430339501
0.3000481490797853, 0.5445018430339501
0.3000481490797853, 0.5445018430339501
0.37434696012786384, 0.053159082410171754
0.37434696012786384, 0.053159082410171754
0.37434696012786384, 0.053159082410171754
0.37434696012786384, 0.053159082410171754
0.37434696012786384, 0.053159082410171754
0.37434696012786384, 0.053159082410171754
0.37434696012786384, 0.053159082410171754
0.37434696012786384, 0.053159082410171754
0.37434696012786384, 0.053159082410171754
0.37434696012786384, 0.053159082410171754
0.9319980111803899, 0.08913778609450929
0.9319980111803899, 0.08913778609450929
0.9319980111803899, 0.08913778609450929
0.9319980111803899, 0.08913778609450929
0.9319980111803899, 0.08913778609450929
0.9319980111803899, 0.08913778609450929
0.9319980111803899, 0.08913778609450929
0.9319980111803899, 0.08913778609450929
0.9319980111803899, 0.08913778609450929
0.9319980111803899, 0.08913778609450929
0.5352613652255459, 0.01047668198467433
0.5352613652255459, 0.01047668198467433
0.5352613652255459, 0.01047668198467433
0.5352613652255459, 0.01047668198467433
0.5352613652255459, 0.01047668198467433
0.5352613652255459, 0.01047668198467433
0.5352613652255459, 0.01047668198467433
0.5352613652255459, 0.01047668198467433
0.5352613652255459, 0.01047668198467433
0.5352613652255459, 0.01047668198467433
