1e-05
0.8489928445374483, 0.0546784655777901
0.8489928445374483, 0.0546784655777901
0.8489928445374483, 0.0546784655777901
0.8489928445374483, 0.0546784655777901
0.8489928445374483, 0.0546784655777901
0.8489928445374483, 0.0546784655777901
0.8489928445374483, 0.0546784655777901
0.8489928445374483, 0.0546784655777901
0.8489928445374483, 0.0546784655777901
0.8489928445374483, 0.0546784655777901
0.558403909912743, 0.4691136783923673
0.558403909912743, 0.4691136783923673
0.558403909912743, 0.4691136783923673
0.558403909912743, 0.4691136783923673
0.558403909912743, 0.4691136783923673
0.558403909912743, 0.4691136783923673
0.558403909912743, 0.4691136783923673
0.558403909912743, 0.4691136783923673
0.558403909912743, 0.4691136783923673
0.558403909912743, 0.4691136783923673
0.6201284540220103, 0.925152626708923
0.6201284540220103, 0.925152626708923
0.6201284540220103, 0.925152626708923
0.6201284540220103, 0.925152626708923
0.6201284540220103, 0.925152626708923
0.6201284540220103, 0.925152626708923
0.6201284540220103, 0.925152626708923
0.6201284540220103, 0.925152626708923
0.6201284540220103, 0.925152626708923
0.6201284540220103, 0.925152626708923
0.2917622425227061, 0.0984129314066895
0.2917622425227061, 0.0984129314066895
0.2917622425227061, 0.0984129314066895
0.2917622425227061, 0.0984129314066895
0.2917622425227061, 0.0984129314066895
0.2917622425227061, 0.0984129314066895
0.2917622425227061, 0.0984129314066895
0.2917622425227061, 0.0984129314066895
0.2917622425227061, 0.0984129314066895
0.2917622425227061, 0.0984129314066895
0.27409325079365776, 0.48754865179241647
0.27409325079365776, 0.48754865179241647
0.27409325079365776, 0.48754865179241647
0.27409325079365776, 0.48754865179241647
0.27409325079365776, 0.48754865179241647
0.27409325079365776, 0.48754865179241647
0.27409325079365776, 0.48754865179241647
0.27409325079365776, 0.48754865179241647
0.27409325079365776, 0.48754865179241647
0.27409325079365776, 0.48754865179241647
0.9199822053311187, 0.7899811396761534
0.9199822053311187, 0.7899811396761534
0.9199822053311187, 0.7899811396761534
0.9199822053311187, 0.7899811396761534
0.9199822053311187, 0.7899811396761534
0.9199822053311187, 0.7899811396761534
0.9199822053311187, 0.7899811396761534
0.9199822053311187, 0.7899811396761534
0.9199822053311187, 0.7899811396761534
0.9199822053311187, 0.7899811396761534
0.42216575372982557, 0.8541807097724011
0.42216575372982557, 0.8541807097724011
0.42216575372982557, 0.8541807097724011
0.42216575372982557, 0.8541807097724011
0.42216575372982557, 0.8541807097724011
0.42216575372982557, 0.8541807097724011
0.42216575372982557, 0.8541807097724011
0.42216575372982557, 0.8541807097724011
0.42216575372982557, 0.8541807097724011
0.42216575372982557, 0.8541807097724011
0.8940019298687196, 0.8854044375428091
0.8940019298687196, 0.8854044375428091
0.8940019298687196, 0.8854044375428091
0.8940019298687196, 0.8854044375428091
0.8940019298687196, 0.8854044375428091
0.8940019298687196, 0.8854044375428091
0.8940019298687196, 0.8854044375428091
0.8940019298687196, 0.8854044375428091
0.8940019298687196, 0.8854044375428091
0.8940019298687196, 0.8854044375428091
0.10595863219576762, 0.04181625499335173
0.10595863219576762, 0.04181625499335173
0.10595863219576762, 0.04181625499335173
0.10595863219576762, 0.04181625499335173
0.10595863219576762, 0.04181625499335173
0.10595863219576762, 0.04181625499335173
0.10595863219576762, 0.04181625499335173
0.10595863219576762, 0.04181625499335173
0.10595863219576762, 0.04181625499335173
0.10595863219576762, 0.04181625499335173
0.3258044725339695, 0.642104960380264
0.3258044725339695, 0.642104960380264
0.3258044725339695, 0.642104960380264
0.3258044725339695, 0.642104960380264
0.3258044725339695, 0.642104960380264
0.3258044725339695, 0.642104960380264
0.3258044725339695, 0.642104960380264
0.3258044725339695, 0.642104960380264
0.3258044725339695, 0.642104960380264
0.3258044725339695, 0.642104960380264
