1e-05
0.1674607074173039, 0.9584417369809622
0.1674607074173039, 0.9584417369809622
0.1674607074173039, 0.9584417369809622
0.1674607074173039, 0.9584417369809622
0.1674607074173039, 0.9584417369809622
0.1674607074173039, 0.9584417369809622
0.1674607074173039, 0.9584417369809622
0.1674607074173039, 0.9584417369809622
0.1674607074173039, 0.9584417369809622
0.1674607074173039, 0.9584417369809622
0.49749529716444574, 0.3829387468830605
0.49749529716444574, 0.3829387468830605
0.49749529716444574, 0.3829387468830605
0.49749529716444574, 0.3829387468830605
0.49749529716444574, 0.3829387468830605
0.49749529716444574, 0.3829387468830605
0.49749529716444574, 0.3829387468830605
0.49749529716444574, 0.3829387468830605
0.49749529716444574, 0.3829387468830605
0.49749529716444574, 0.3829387468830605
0.06017853659371786, 0.19532207855561579
0.06017853659371786, 0.19532207855561579
0.06017853659371786, 0.19532207855561579
0.06017853659371786, 0.19532207855561579
0.06017853659371786, 0.19532207855561579
0.06017853659371786, 0.19532207855561579
0.06017853659371786, 0.19532207855561579
0.06017853659371786, 0.19532207855561579
0.06017853659371786, 0.19532207855561579
0.06017853659371786, 0.19532207855561579
0.34399060419196714, 0.193368698201417
0.34399060419196714, 0.193368698201417
0.34399060419196714, 0.193368698201417
0.34399060419196714, 0.193368698201417
0.34399060419196714, 0.193368698201417
0.34399060419196714, 0.193368698201417
0.34399060419196714, 0.193368698201417
0.34399060419196714, 0.193368698201417
0.34399060419196714, 0.193368698201417
0.34399060419196714, 0.193368698201417
0.16802525074356045, 0.9301034894432509
0.16802525074356045, 0.9301034894432509
0.16802525074356045, 0.9301034894432509
0.16802525074356045, 0.9301034894432509
0.16802525074356045, 0.9301034894432509
0.16802525074356045, 0.9301034894432509
0.16802525074356045, 0.9301034894432509
0.16802525074356045, 0.9301034894432509
0.16802525074356045, 0.9301034894432509
0.16802525074356045, 0.9301034894432509
0.8532339980210457, 0.7559316688893245
0.8532339980210457, 0.7559316688893245
0.8532339980210457, 0.7559316688893245
0.8532339980210457, 0.7559316688893245
0.8532339980210457, 0.7559316688893245
0.8532339980210457, 0.7559316688893245
0.8532339980210457, 0.7559316688893245
0.8532339980210457, 0.7559316688893245
0.8532339980210457, 0.7559316688893245
0.8532339980210457, 0.7559316688893245
0.9667979718618994, 0.21107582813313797
0.9667979718618994, 0.21107582813313797
0.9667979718618994, 0.21107582813313797
0.9667979718618994, 0.21107582813313797
0.9667979718618994, 0.21107582813313797
0.9667979718618994, 0.21107582813313797
0.9667979718618994, 0.21107582813313797
0.9667979718618994, 0.21107582813313797
0.9667979718618994, 0.21107582813313797
0.9667979718618994, 0.21107582813313797
0.7429065294547649, 0.35874877249001924
0.7429065294547649, 0.35874877249001924
0.7429065294547649, 0.35874877249001924
0.7429065294547649, 0.35874877249001924
0.7429065294547649, 0.35874877249001924
0.7429065294547649, 0.35874877249001924
0.7429065294547649, 0.35874877249001924
0.7429065294547649, 0.35874877249001924
0.7429065294547649, 0.35874877249001924
0.7429065294547649, 0.35874877249001924
0.6543863581859198, 0.6253686615063343
0.6543863581859198, 0.6253686615063343
0.6543863581859198, 0.6253686615063343
0.6543863581859198, 0.6253686615063343
0.6543863581859198, 0.6253686615063343
0.6543863581859198, 0.6253686615063343
0.6543863581859198, 0.6253686615063343
0.6543863581859198, 0.6253686615063343
0.6543863581859198, 0.6253686615063343
0.6543863581859198, 0.6253686615063343
0.9258984376032547, 0.47734156220249535
0.9258984376032547, 0.47734156220249535
0.9258984376032547, 0.47734156220249535
0.9258984376032547, 0.47734156220249535
0.9258984376032547, 0.47734156220249535
0.9258984376032547, 0.47734156220249535
0.9258984376032547, 0.47734156220249535
0.9258984376032547, 0.47734156220249535
0.9258984376032547, 0.47734156220249535
0.9258984376032547, 0.47734156220249535
