0.1
0.7198959490634098, 0.0005119892668480341
0.5960620025297396, 0.7446588688004602
0.9874577642959178, 0.6451728091936232
0.9432087612654646, 0.9794806691367229
0.525896052939762, 0.29253140610001727
0.9688741484418382, 0.36953496677362985
0.4009909610468978, 0.07213487445333033
0.26889038183127234, 0.4639594121194055
0.8318386252214255, 0.25650084092104364
0.5905738165392708, 0.3770711946116858
0.5339462828959243, 0.11150016147104735
0.06840494416919463, 0.20224765996545835
0.6943146345939121, 0.4266641638666717
0.5771271412724513, 0.06738162528354441
0.7110533782073682, 0.22218815635581124
0.5079373594490241, 0.38110533944480907
0.8644669616048528, 0.7138539445697282
0.22084213751664972, 0.5029035684347368
0.4888056469875428, 0.6437989990978863
0.15882865855767225, 0.3851479290653913
0.11917461644638272, 0.06380131834629599
0.13843552743934529, 0.9109002762316158
0.47463127321911835, 0.10385464595221372
0.9961378846124881, 0.31134855104905657
0.32676878113200547, 0.880291586919664
0.9742675220484759, 0.7378759599795132
0.25725675395357694, 0.32027935035719457
0.7965087032812463, 0.1730120406187342
0.8291165127324295, 0.8870382047603448
0.07441616000922613, 0.9432735969072505
0.4659065619230166, 0.9959055849589472
0.0811844100576411, 0.4654353840988542
0.17023129094325062, 0.4758132514729688
0.7785551906679326, 0.6617460999771945
0.07593643096054237, 0.7802889045898134
0.5391550336722541, 0.6519379968923741
0.31688553218372795, 0.8389315182564602
0.3356140878461715, 0.48018730360313555
0.25655160479155725, 0.8758397925904884
0.6591225948143594, 0.23642454611956465
0.852231732356969, 0.30714351341129387
0.6220782545843074, 0.45860164246165736
0.7500253000443836, 0.7483073011550294
0.2149931881284164, 0.028369064285864165
0.4389007139900084, 0.8988899892583911
0.9214517799139799, 0.4134930541311509
0.06326118621986143, 0.44390246370190267
0.5256534733170811, 0.508956185359582
0.6841050707320915, 0.6032860171313228
0.3282432671575214, 0.47967122942848683
0.5489083881959443, 0.457997107669305
0.6158617492554574, 0.19411246935700166
0.14771337306226529, 0.3677903797805747
0.6443601041061141, 0.009063777404544338
0.8185817847063732, 0.8367049545628581
0.9056211693547339, 0.563300174871658
0.5611339405271064, 0.353957172593955
0.06314412071634412, 0.08682214012717693
0.07152493412679317, 0.8808215648315946
0.459841681626424, 0.30462182124648696
0.0826344432775109, 0.123819804779983
0.43280724097944623, 0.4506399273897327
0.8524168087953821, 0.9036364420727331
0.9943057906231539, 0.2872013948638007
0.17904174975553144, 0.8254401367102757
0.9692199313698872, 0.6464299352619947
0.5523996158537564, 0.4732805463569292
0.6043022329296162, 0.8523385736215355
0.23412978918246363, 0.9835159281302098
0.6684836346387798, 0.7421448828310558
0.9138911588497238, 0.4501737130724539
0.3246364509019113, 0.003751610316222509
0.20482602894124602, 0.30116767827535695
0.14582269400068648, 0.8776038945523447
0.5086091821207028, 0.24664223214973569
0.7871261188823615, 0.44622244737247374
0.1906003152842738, 0.035583945471178824
0.16238166065092607, 0.19373881462436282
0.4957612871797662, 0.1586111489825075
0.7740415032911567, 0.0872189654897868
0.10393857610518475, 0.7755955941919573
0.145098872688585, 0.022354998228483303
