1e-05
0.4513005630190259, 0.6300755004318275
0.4513005630190259, 0.6300755004318275
0.4513005630190259, 0.6300755004318275
0.4513005630190259, 0.6300755004318275
0.4513005630190259, 0.6300755004318275
0.4513005630190259, 0.6300755004318275
0.4513005630190259, 0.6300755004318275
0.4513005630190259, 0.6300755004318275
0.4513005630190259, 0.6300755004318275
0.4513005630190259, 0.6300755004318275
0.6544509684492538, 0.3622614498024619
0.6544509684492538, 0.3622614498024619
0.6544509684492538, 0.3622614498024619
0.6544509684492538, 0.3622614498024619
0.6544509684492538, 0.3622614498024619
0.6544509684492538, 0.3622614498024619
0.6544509684492538, 0.3622614498024619
0.6544509684492538, 0.3622614498024619
0.6544509684492538, 0.3622614498024619
0.6544509684492538, 0.3622614498024619
0.23842878138121582, 0.14775236893475074
0.23842878138121582, 0.14775236893475074
0.23842878138121582, 0.14775236893475074
0.23842878138121582, 0.14775236893475074
0.23842878138121582, 0.14775236893475074
0.23842878138121582, 0.14775236893475074
0.23842878138121582, 0.14775236893475074
0.23842878138121582, 0.14775236893475074
0.23842878138121582, 0.14775236893475074
0.23842878138121582, 0.14775236893475074
0.5660105729508396, 0.3701694025800011
0.5660105729508396, 0.3701694025800011
0.5660105729508396, 0.3701694025800011
0.5660105729508396, 0.3701694025800011
0.5660105729508396, 0.3701694025800011
0.5660105729508396, 0.3701694025800011
0.5660105729508396, 0.3701694025800011
0.5660105729508396, 0.3701694025800011
0.5660105729508396, 0.3701694025800011
0.5660105729508396, 0.3701694025800011
0.8753071055297773, 0.8517724249928006
0.8753071055297773, 0.8517724249928006
0.8753071055297773, 0.8517724249928006
0.8753071055297773, 0.8517724249928006
0.8753071055297773, 0.8517724249928006
0.8753071055297773, 0.8517724249928006
0.8753071055297773, 0.8517724249928006
0.8753071055297773, 0.8517724249928006
0.8753071055297773, 0.8517724249928006
0.8753071055297773, 0.8517724249928006
0.015050132642464686, 0.7624173667800683
0.015050132642464686, 0.7624173667800683
0.015050132642464686, 0.7624173667800683
0.015050132642464686, 0.7624173667800683
0.015050132642464686, 0.7624173667800683
0.015050132642464686, 0.7624173667800683
0.015050132642464686, 0.7624173667800683
0.015050132642464686, 0.7624173667800683
0.015050132642464686, 0.7624173667800683
0.015050132642464686, 0.7624173667800683
0.9342403911182526, 0.3676721777335724
0.9342403911182526, 0.3676721777335724
0.9342403911182526, 0.3676721777335724
0.9342403911182526, 0.3676721777335724
0.9342403911182526, 0.3676721777335724
0.9342403911182526, 0.3676721777335724
0.9342403911182526, 0.3676721777335724
0.9342403911182526, 0.3676721777335724
0.9342403911182526, 0.3676721777335724
0.9342403911182526, 0.3676721777335724
0.262846976718043, 0.9842473278006774
0.262846976718043, 0.9842473278006774
0.262846976718043, 0.9842473278006774
0.262846976718043, 0.9842473278006774
0.262846976718043, 0.9842473278006774
0.262846976718043, 0.9842473278006774
0.262846976718043, 0.9842473278006774
0.262846976718043, 0.9842473278006774
0.262846976718043, 0.9842473278006774
0.262846976718043, 0.9842473278006774
0.4918951184712078, 0.33454038187261137
0.4918951184712078, 0.33454038187261137
0.4918951184712078, 0.33454038187261137
0.4918951184712078, 0.33454038187261137
0.4918951184712078, 0.33454038187261137
0.4918951184712078, 0.33454038187261137
0.4918951184712078, 0.33454038187261137
0.4918951184712078, 0.33454038187261137
0.4918951184712078, 0.33454038187261137
0.4918951184712078, 0.33454038187261137
0.752306385781835, 0.372719667388005
0.752306385781835, 0.372719667388005
0.752306385781835, 0.372719667388005
0.752306385781835, 0.372719667388005
0.752306385781835, 0.372719667388005
0.752306385781835, 0.372719667388005
0.752306385781835, 0.372719667388005
0.752306385781835, 0.372719667388005
0.752306385781835, 0.372719667388005
0.752306385781835, 0.372719667388005
