1e-05
0.7990519037183418, 0.43920910926319856
0.7990519037183418, 0.43920910926319856
0.7990519037183418, 0.43920910926319856
0.7990519037183418, 0.43920910926319856
0.7990519037183418, 0.43920910926319856
0.7990519037183418, 0.43920910926319856
0.7990519037183418, 0.43920910926319856
0.7990519037183418, 0.43920910926319856
0.7990519037183418, 0.43920910926319856
0.7990519037183418, 0.43920910926319856
0.49411484065174816, 0.4683354070927034
0.49411484065174816, 0.4683354070927034
0.49411484065174816, 0.4683354070927034
0.49411484065174816, 0.4683354070927034
0.49411484065174816, 0.4683354070927034
0.49411484065174816, 0.4683354070927034
0.49411484065174816, 0.4683354070927034
0.49411484065174816, 0.4683354070927034
0.49411484065174816, 0.4683354070927034
0.49411484065174816, 0.4683354070927034
0.1011681244943623, 0.10517687747783888
0.1011681244943623, 0.10517687747783888
0.1011681244943623, 0.10517687747783888
0.1011681244943623, 0.10517687747783888
0.1011681244943623, 0.10517687747783888
0.1011681244943623, 0.10517687747783888
0.1011681244943623, 0.10517687747783888
0.1011681244943623, 0.10517687747783888
0.1011681244943623, 0.10517687747783888
0.1011681244943623, 0.10517687747783888
0.7085919359144487, 0.7761097335987702
0.7085919359144487, 0.7761097335987702
0.7085919359144487, 0.7761097335987702
0.7085919359144487, 0.7761097335987702
0.7085919359144487, 0.7761097335987702
0.7085919359144487, 0.7761097335987702
0.7085919359144487, 0.7761097335987702
0.7085919359144487, 0.7761097335987702
0.7085919359144487, 0.7761097335987702
0.7085919359144487, 0.7761097335987702
0.35496141446495166, 0.507763867946198
0.35496141446495166, 0.507763867946198
0.35496141446495166, 0.507763867946198
0.35496141446495166, 0.507763867946198
0.35496141446495166, 0.507763867946198
0.35496141446495166, 0.507763867946198
0.35496141446495166, 0.507763867946198
0.35496141446495166, 0.507763867946198
0.35496141446495166, 0.507763867946198
0.35496141446495166, 0.507763867946198
0.5791441593432086, 0.8057122953166681
0.5791441593432086, 0.8057122953166681
0.5791441593432086, 0.8057122953166681
0.5791441593432086, 0.8057122953166681
0.5791441593432086, 0.8057122953166681
0.5791441593432086, 0.8057122953166681
0.5791441593432086, 0.8057122953166681
0.5791441593432086, 0.8057122953166681
0.5791441593432086, 0.8057122953166681
0.5791441593432086, 0.8057122953166681
0.6067894926307691, 0.07757965164043412
0.6067894926307691, 0.07757965164043412
0.6067894926307691, 0.07757965164043412
0.6067894926307691, 0.07757965164043412
0.6067894926307691, 0.07757965164043412
0.6067894926307691, 0.07757965164043412
0.6067894926307691, 0.07757965164043412
0.6067894926307691, 0.07757965164043412
0.6067894926307691, 0.07757965164043412
0.6067894926307691, 0.07757965164043412
0.47868582333555276, 0.7588129788079753
0.47868582333555276, 0.7588129788079753
0.47868582333555276, 0.7588129788079753
0.47868582333555276, 0.7588129788079753
0.47868582333555276, 0.7588129788079753
0.47868582333555276, 0.7588129788079753
0.47868582333555276, 0.7588129788079753
0.47868582333555276, 0.7588129788079753
0.47868582333555276, 0.7588129788079753
0.47868582333555276, 0.7588129788079753
0.08674974595889284, 0.5786858130751794
0.08674974595889284, 0.5786858130751794
0.08674974595889284, 0.5786858130751794
0.08674974595889284, 0.5786858130751794
0.08674974595889284, 0.5786858130751794
0.08674974595889284, 0.5786858130751794
0.08674974595889284, 0.5786858130751794
0.08674974595889284, 0.5786858130751794
0.08674974595889284, 0.5786858130751794
0.08674974595889284, 0.5786858130751794
0.3108073838132124, 0.8566648539509911
0.3108073838132124, 0.8566648539509911
0.3108073838132124, 0.8566648539509911
0.3108073838132124, 0.8566648539509911
0.3108073838132124, 0.8566648539509911
0.3108073838132124, 0.8566648539509911
0.3108073838132124, 0.8566648539509911
0.3108073838132124, 0.8566648539509911
0.3108073838132124, 0.8566648539509911
0.3108073838132124, 0.8566648539509911
