1e-05
0.35794630398542016, 0.0057917466195850364
0.35794630398542016, 0.0057917466195850364
0.35794630398542016, 0.0057917466195850364
0.35794630398542016, 0.0057917466195850364
0.35794630398542016, 0.0057917466195850364
0.35794630398542016, 0.0057917466195850364
0.35794630398542016, 0.0057917466195850364
0.35794630398542016, 0.0057917466195850364
0.35794630398542016, 0.0057917466195850364
0.35794630398542016, 0.0057917466195850364
0.7390373460975802, 0.15127031474310582
0.7390373460975802, 0.15127031474310582
0.7390373460975802, 0.15127031474310582
0.7390373460975802, 0.15127031474310582
0.7390373460975802, 0.15127031474310582
0.7390373460975802, 0.15127031474310582
0.7390373460975802, 0.15127031474310582
0.7390373460975802, 0.15127031474310582
0.7390373460975802, 0.15127031474310582
0.7390373460975802, 0.15127031474310582
0.9613140039576294, 0.7240533715161099
0.9613140039576294, 0.7240533715161099
0.9613140039576294, 0.7240533715161099
0.9613140039576294, 0.7240533715161099
0.9613140039576294, 0.7240533715161099
0.9613140039576294, 0.7240533715161099
0.9613140039576294, 0.7240533715161099
0.9613140039576294, 0.7240533715161099
0.9613140039576294, 0.7240533715161099
0.9613140039576294, 0.7240533715161099
0.7592644084970539, 0.4961395761366165
0.7592644084970539, 0.4961395761366165
0.7592644084970539, 0.4961395761366165
0.7592644084970539, 0.4961395761366165
0.7592644084970539, 0.4961395761366165
0.7592644084970539, 0.4961395761366165
0.7592644084970539, 0.4961395761366165
0.7592644084970539, 0.4961395761366165
0.7592644084970539, 0.4961395761366165
0.7592644084970539, 0.4961395761366165
0.5425293271955868, 0.2724592689388322
0.5425293271955868, 0.2724592689388322
0.5425293271955868, 0.2724592689388322
0.5425293271955868, 0.2724592689388322
0.5425293271955868, 0.2724592689388322
0.5425293271955868, 0.2724592689388322
0.5425293271955868, 0.2724592689388322
0.5425293271955868, 0.2724592689388322
0.5425293271955868, 0.2724592689388322
0.5425293271955868, 0.2724592689388322
0.9921317878111866, 0.27179778498399343
0.9921317878111866, 0.27179778498399343
0.9921317878111866, 0.27179778498399343
0.9921317878111866, 0.27179778498399343
0.9921317878111866, 0.27179778498399343
0.9921317878111866, 0.27179778498399343
0.9921317878111866, 0.27179778498399343
0.9921317878111866, 0.27179778498399343
0.9921317878111866, 0.27179778498399343
0.9921317878111866, 0.27179778498399343
0.7014503425384491, 0.5203622261058235
0.7014503425384491, 0.5203622261058235
0.7014503425384491, 0.5203622261058235
0.7014503425384491, 0.5203622261058235
0.7014503425384491, 0.5203622261058235
0.7014503425384491, 0.5203622261058235
0.7014503425384491, 0.5203622261058235
0.7014503425384491, 0.5203622261058235
0.7014503425384491, 0.5203622261058235
0.7014503425384491, 0.5203622261058235
0.5932983585788455, 0.9269373896005291
0.5932983585788455, 0.9269373896005291
0.5932983585788455, 0.9269373896005291
0.5932983585788455, 0.9269373896005291
0.5932983585788455, 0.9269373896005291
0.5932983585788455, 0.9269373896005291
0.5932983585788455, 0.9269373896005291
0.5932983585788455, 0.9269373896005291
0.5932983585788455, 0.9269373896005291
0.5932983585788455, 0.9269373896005291
0.6816558912423648, 0.48165962814603547
0.6816558912423648, 0.48165962814603547
0.6816558912423648, 0.48165962814603547
0.6816558912423648, 0.48165962814603547
0.6816558912423648, 0.48165962814603547
0.6816558912423648, 0.48165962814603547
0.6816558912423648, 0.48165962814603547
0.6816558912423648, 0.48165962814603547
0.6816558912423648, 0.48165962814603547
0.6816558912423648, 0.48165962814603547
0.9318049400048943, 0.6306220279661506
0.9318049400048943, 0.6306220279661506
0.9318049400048943, 0.6306220279661506
0.9318049400048943, 0.6306220279661506
0.9318049400048943, 0.6306220279661506
0.9318049400048943, 0.6306220279661506
0.9318049400048943, 0.6306220279661506
0.9318049400048943, 0.6306220279661506
0.9318049400048943, 0.6306220279661506
0.9318049400048943, 0.6306220279661506
