1e-05
0.20863054477093013, 0.15434962623637472
0.20863054477093013, 0.15434962623637472
0.20863054477093013, 0.15434962623637472
0.20863054477093013, 0.15434962623637472
0.20863054477093013, 0.15434962623637472
0.20863054477093013, 0.15434962623637472
0.20863054477093013, 0.15434962623637472
0.20863054477093013, 0.15434962623637472
0.20863054477093013, 0.15434962623637472
0.20863054477093013, 0.15434962623637472
0.4689219979455119, 0.2160663164679134
0.4689219979455119, 0.2160663164679134
0.4689219979455119, 0.2160663164679134
0.4689219979455119, 0.2160663164679134
0.4689219979455119, 0.2160663164679134
0.4689219979455119, 0.2160663164679134
0.4689219979455119, 0.2160663164679134
0.4689219979455119, 0.2160663164679134
0.4689219979455119, 0.2160663164679134
0.4689219979455119, 0.2160663164679134
0.02768448350047048, 0.8571598756723257
0.02768448350047048, 0.8571598756723257
0.02768448350047048, 0.8571598756723257
0.02768448350047048, 0.8571598756723257
0.02768448350047048, 0.8571598756723257
0.02768448350047048, 0.8571598756723257
0.02768448350047048, 0.8571598756723257
0.02768448350047048, 0.8571598756723257
0.02768448350047048, 0.8571598756723257
0.02768448350047048, 0.8571598756723257
0.8824984707993816, 0.2588169094714974
0.8824984707993816, 0.2588169094714974
0.8824984707993816, 0.2588169094714974
0.8824984707993816, 0.2588169094714974
0.8824984707993816, 0.2588169094714974
0.8824984707993816, 0.2588169094714974
0.8824984707993816, 0.2588169094714974
0.8824984707993816, 0.2588169094714974
0.8824984707993816, 0.2588169094714974
0.8824984707993816, 0.2588169094714974
0.24466305941472954, 0.3011573347411274
0.24466305941472954, 0.3011573347411274
0.24466305941472954, 0.3011573347411274
0.24466305941472954, 0.3011573347411274
0.24466305941472954, 0.3011573347411274
0.24466305941472954, 0.3011573347411274
0.24466305941472954, 0.3011573347411274
0.24466305941472954, 0.3011573347411274
0.24466305941472954, 0.3011573347411274
0.24466305941472954, 0.3011573347411274
0.6660465814528945, 0.249614193284327
0.6660465814528945, 0.249614193284327
0.6660465814528945, 0.249614193284327
0.6660465814528945, 0.249614193284327
0.6660465814528945, 0.249614193284327
0.6660465814528945, 0.249614193284327
0.6660465814528945, 0.249614193284327
0.6660465814528945, 0.249614193284327
0.6660465814528945, 0.249614193284327
0.6660465814528945, 0.249614193284327
0.7728156103466522, 0.44967226376876335
0.7728156103466522, 0.44967226376876335
0.7728156103466522, 0.44967226376876335
0.7728156103466522, 0.44967226376876335
0.7728156103466522, 0.44967226376876335
0.7728156103466522, 0.44967226376876335
0.7728156103466522, 0.44967226376876335
0.7728156103466522, 0.44967226376876335
0.7728156103466522, 0.44967226376876335
0.7728156103466522, 0.44967226376876335
0.36588249731517164, 0.5152888947934746
0.36588249731517164, 0.5152888947934746
0.36588249731517164, 0.5152888947934746
0.36588249731517164, 0.5152888947934746
0.36588249731517164, 0.5152888947934746
0.36588249731517164, 0.5152888947934746
0.36588249731517164, 0.5152888947934746
0.36588249731517164, 0.5152888947934746
0.36588249731517164, 0.5152888947934746
0.36588249731517164, 0.5152888947934746
0.24525379246285461, 0.9424698385480336
0.24525379246285461, 0.9424698385480336
0.24525379246285461, 0.9424698385480336
0.24525379246285461, 0.9424698385480336
0.24525379246285461, 0.9424698385480336
0.24525379246285461, 0.9424698385480336
0.24525379246285461, 0.9424698385480336
0.24525379246285461, 0.9424698385480336
0.24525379246285461, 0.9424698385480336
0.24525379246285461, 0.9424698385480336
0.8585179887807162, 0.414966658246107
0.8585179887807162, 0.414966658246107
0.8585179887807162, 0.414966658246107
0.8585179887807162, 0.414966658246107
0.8585179887807162, 0.414966658246107
0.8585179887807162, 0.414966658246107
0.8585179887807162, 0.414966658246107
0.8585179887807162, 0.414966658246107
0.8585179887807162, 0.414966658246107
0.8585179887807162, 0.414966658246107
