1e-05
0.4778560551122665, 0.6757908736107776
0.4778560551122665, 0.6757908736107776
0.4778560551122665, 0.6757908736107776
0.4778560551122665, 0.6757908736107776
0.4778560551122665, 0.6757908736107776
0.4778560551122665, 0.6757908736107776
0.4778560551122665, 0.6757908736107776
0.4778560551122665, 0.6757908736107776
0.4778560551122665, 0.6757908736107776
0.4778560551122665, 0.6757908736107776
0.1481390045512736, 0.960321471474442
0.1481390045512736, 0.960321471474442
0.1481390045512736, 0.960321471474442
0.1481390045512736, 0.960321471474442
0.1481390045512736, 0.960321471474442
0.1481390045512736, 0.960321471474442
0.1481390045512736, 0.960321471474442
0.1481390045512736, 0.960321471474442
0.1481390045512736, 0.960321471474442
0.1481390045512736, 0.960321471474442
0.4499081255013019, 0.9346145814501231
0.4499081255013019, 0.9346145814501231
0.4499081255013019, 0.9346145814501231
0.4499081255013019, 0.9346145814501231
0.4499081255013019, 0.9346145814501231
0.4499081255013019, 0.9346145814501231
0.4499081255013019, 0.9346145814501231
0.4499081255013019, 0.9346145814501231
0.4499081255013019, 0.9346145814501231
0.4499081255013019, 0.9346145814501231
0.088552286546283, 0.49506112292430593
0.088552286546283, 0.49506112292430593
0.088552286546283, 0.49506112292430593
0.088552286546283, 0.49506112292430593
0.088552286546283, 0.49506112292430593
0.088552286546283, 0.49506112292430593
0.088552286546283, 0.49506112292430593
0.088552286546283, 0.49506112292430593
0.088552286546283, 0.49506112292430593
0.088552286546283, 0.49506112292430593
0.8905010375776425, 0.14857990479337602
0.8905010375776425, 0.14857990479337602
0.8905010375776425, 0.14857990479337602
0.8905010375776425, 0.14857990479337602
0.8905010375776425, 0.14857990479337602
0.8905010375776425, 0.14857990479337602
0.8905010375776425, 0.14857990479337602
0.8905010375776425, 0.14857990479337602
0.8905010375776425, 0.14857990479337602
0.8905010375776425, 0.14857990479337602
0.28287367064721125, 0.1251739285675726
0.28287367064721125, 0.1251739285675726
0.28287367064721125, 0.1251739285675726
0.28287367064721125, 0.1251739285675726
0.28287367064721125, 0.1251739285675726
0.28287367064721125, 0.1251739285675726
0.28287367064721125, 0.1251739285675726
0.28287367064721125, 0.1251739285675726
0.28287367064721125, 0.1251739285675726
0.28287367064721125, 0.1251739285675726
0.11693787246352105, 0.9197559648874144
0.11693787246352105, 0.9197559648874144
0.11693787246352105, 0.9197559648874144
0.11693787246352105, 0.9197559648874144
0.11693787246352105, 0.9197559648874144
0.11693787246352105, 0.9197559648874144
0.11693787246352105, 0.9197559648874144
0.11693787246352105, 0.9197559648874144
0.11693787246352105, 0.9197559648874144
0.11693787246352105, 0.9197559648874144
0.7383658863485212, 0.7412790483911257
0.7383658863485212, 0.7412790483911257
0.7383658863485212, 0.7412790483911257
0.7383658863485212, 0.7412790483911257
0.7383658863485212, 0.7412790483911257
0.7383658863485212, 0.7412790483911257
0.7383658863485212, 0.7412790483911257
0.7383658863485212, 0.7412790483911257
0.7383658863485212, 0.7412790483911257
0.7383658863485212, 0.7412790483911257
0.9589995512912293, 0.5473810676973095
0.9589995512912293, 0.5473810676973095
0.9589995512912293, 0.5473810676973095
0.9589995512912293, 0.5473810676973095
0.9589995512912293, 0.5473810676973095
0.9589995512912293, 0.5473810676973095
0.9589995512912293, 0.5473810676973095
0.9589995512912293, 0.5473810676973095
0.9589995512912293, 0.5473810676973095
0.9589995512912293, 0.5473810676973095
0.07766158795559419, 0.5980129936495722
0.07766158795559419, 0.5980129936495722
0.07766158795559419, 0.5980129936495722
0.07766158795559419, 0.5980129936495722
0.07766158795559419, 0.5980129936495722
0.07766158795559419, 0.5980129936495722
0.07766158795559419, 0.5980129936495722
0.07766158795559419, 0.5980129936495722
0.07766158795559419, 0.5980129936495722
0.07766158795559419, 0.5980129936495722
