1e-05
0.12942464704146728, 0.5089322177627259
0.12942464704146728, 0.5089322177627259
0.12942464704146728, 0.5089322177627259
0.12942464704146728, 0.5089322177627259
0.12942464704146728, 0.5089322177627259
0.12942464704146728, 0.5089322177627259
0.12942464704146728, 0.5089322177627259
0.12942464704146728, 0.5089322177627259
0.12942464704146728, 0.5089322177627259
0.12942464704146728, 0.5089322177627259
0.4107563850638164, 0.2150300795495177
0.4107563850638164, 0.2150300795495177
0.4107563850638164, 0.2150300795495177
0.4107563850638164, 0.2150300795495177
0.4107563850638164, 0.2150300795495177
0.4107563850638164, 0.2150300795495177
0.4107563850638164, 0.2150300795495177
0.4107563850638164, 0.2150300795495177
0.4107563850638164, 0.2150300795495177
0.4107563850638164, 0.2150300795495177
0.906766626419754, 0.9213284657646829
0.906766626419754, 0.9213284657646829
0.906766626419754, 0.9213284657646829
0.906766626419754, 0.9213284657646829
0.906766626419754, 0.9213284657646829
0.906766626419754, 0.9213284657646829
0.906766626419754, 0.9213284657646829
0.906766626419754, 0.9213284657646829
0.906766626419754, 0.9213284657646829
0.906766626419754, 0.9213284657646829
0.46652321449972334, 0.4681935592044625
0.46652321449972334, 0.4681935592044625
0.46652321449972334, 0.4681935592044625
0.46652321449972334, 0.4681935592044625
0.46652321449972334, 0.4681935592044625
0.46652321449972334, 0.4681935592044625
0.46652321449972334, 0.4681935592044625
0.46652321449972334, 0.4681935592044625
0.46652321449972334, 0.4681935592044625
0.46652321449972334, 0.4681935592044625
0.580034656220366, 0.41366302836848823
0.580034656220366, 0.41366302836848823
0.580034656220366, 0.41366302836848823
0.580034656220366, 0.41366302836848823
0.580034656220366, 0.41366302836848823
0.580034656220366, 0.41366302836848823
0.580034656220366, 0.41366302836848823
0.580034656220366, 0.41366302836848823
0.580034656220366, 0.41366302836848823
0.580034656220366, 0.41366302836848823
0.15781901185807923, 0.6314348747465398
0.15781901185807923, 0.6314348747465398
0.15781901185807923, 0.6314348747465398
0.15781901185807923, 0.6314348747465398
0.15781901185807923, 0.6314348747465398
0.15781901185807923, 0.6314348747465398
0.15781901185807923, 0.6314348747465398
0.15781901185807923, 0.6314348747465398
0.15781901185807923, 0.6314348747465398
0.15781901185807923, 0.6314348747465398
0.6997378252538528, 0.18019277951962243
0.6997378252538528, 0.18019277951962243
0.6997378252538528, 0.18019277951962243
0.6997378252538528, 0.18019277951962243
0.6997378252538528, 0.18019277951962243
0.6997378252538528, 0.18019277951962243
0.6997378252538528, 0.18019277951962243
0.6997378252538528, 0.18019277951962243
0.6997378252538528, 0.18019277951962243
0.6997378252538528, 0.18019277951962243
0.4962683715306192, 0.026460510315597263
0.4962683715306192, 0.026460510315597263
0.4962683715306192, 0.026460510315597263
0.4962683715306192, 0.026460510315597263
0.4962683715306192, 0.026460510315597263
0.4962683715306192, 0.026460510315597263
0.4962683715306192, 0.026460510315597263
0.4962683715306192, 0.026460510315597263
0.4962683715306192, 0.026460510315597263
0.4962683715306192, 0.026460510315597263
0.13258267813462543, 0.5696276112910184
0.13258267813462543, 0.5696276112910184
0.13258267813462543, 0.5696276112910184
0.13258267813462543, 0.5696276112910184
0.13258267813462543, 0.5696276112910184
0.13258267813462543, 0.5696276112910184
0.13258267813462543, 0.5696276112910184
0.13258267813462543, 0.5696276112910184
0.13258267813462543, 0.5696276112910184
0.13258267813462543, 0.5696276112910184
0.09030306122052223, 0.6971481540987924
0.09030306122052223, 0.6971481540987924
0.09030306122052223, 0.6971481540987924
0.09030306122052223, 0.6971481540987924
0.09030306122052223, 0.6971481540987924
0.09030306122052223, 0.6971481540987924
0.09030306122052223, 0.6971481540987924
0.09030306122052223, 0.6971481540987924
0.09030306122052223, 0.6971481540987924
0.09030306122052223, 0.6971481540987924
