1e-05
0.7002478795028211, 0.6409512917864204
0.7002478795028211, 0.6409512917864204
0.7002478795028211, 0.6409512917864204
0.7002478795028211, 0.6409512917864204
0.7002478795028211, 0.6409512917864204
0.7002478795028211, 0.6409512917864204
0.7002478795028211, 0.6409512917864204
0.7002478795028211, 0.6409512917864204
0.7002478795028211, 0.6409512917864204
0.7002478795028211, 0.6409512917864204
0.8695852163638144, 0.8010271112644454
0.8695852163638144, 0.8010271112644454
0.8695852163638144, 0.8010271112644454
0.8695852163638144, 0.8010271112644454
0.8695852163638144, 0.8010271112644454
0.8695852163638144, 0.8010271112644454
0.8695852163638144, 0.8010271112644454
0.8695852163638144, 0.8010271112644454
0.8695852163638144, 0.8010271112644454
0.8695852163638144, 0.8010271112644454
0.3092121269907617, 0.8933646851618539
0.3092121269907617, 0.8933646851618539
0.3092121269907617, 0.8933646851618539
0.3092121269907617, 0.8933646851618539
0.3092121269907617, 0.8933646851618539
0.3092121269907617, 0.8933646851618539
0.3092121269907617, 0.8933646851618539
0.3092121269907617, 0.8933646851618539
0.3092121269907617, 0.8933646851618539
0.3092121269907617, 0.8933646851618539
0.47771494887525434, 0.8701783551831036
0.47771494887525434, 0.8701783551831036
0.47771494887525434, 0.8701783551831036
0.47771494887525434, 0.8701783551831036
0.47771494887525434, 0.8701783551831036
0.47771494887525434, 0.8701783551831036
0.47771494887525434, 0.8701783551831036
0.47771494887525434, 0.8701783551831036
0.47771494887525434, 0.8701783551831036
0.47771494887525434, 0.8701783551831036
0.8903170835688913, 0.014211105590062556
0.8903170835688913, 0.014211105590062556
0.8903170835688913, 0.014211105590062556
0.8903170835688913, 0.014211105590062556
0.8903170835688913, 0.014211105590062556
0.8903170835688913, 0.014211105590062556
0.8903170835688913, 0.014211105590062556
0.8903170835688913, 0.014211105590062556
0.8903170835688913, 0.014211105590062556
0.8903170835688913, 0.014211105590062556
0.712368354410219, 0.9991666879842107
0.712368354410219, 0.9991666879842107
0.712368354410219, 0.9991666879842107
0.712368354410219, 0.9991666879842107
0.712368354410219, 0.9991666879842107
0.712368354410219, 0.9991666879842107
0.712368354410219, 0.9991666879842107
0.712368354410219, 0.9991666879842107
0.712368354410219, 0.9991666879842107
0.712368354410219, 0.9991666879842107
0.6112548532275291, 0.5342444906644337
0.6112548532275291, 0.5342444906644337
0.6112548532275291, 0.5342444906644337
0.6112548532275291, 0.5342444906644337
0.6112548532275291, 0.5342444906644337
0.6112548532275291, 0.5342444906644337
0.6112548532275291, 0.5342444906644337
0.6112548532275291, 0.5342444906644337
0.6112548532275291, 0.5342444906644337
0.6112548532275291, 0.5342444906644337
0.08771113463192837, 0.8781843627189904
0.08771113463192837, 0.8781843627189904
0.08771113463192837, 0.8781843627189904
0.08771113463192837, 0.8781843627189904
0.08771113463192837, 0.8781843627189904
0.08771113463192837, 0.8781843627189904
0.08771113463192837, 0.8781843627189904
0.08771113463192837, 0.8781843627189904
0.08771113463192837, 0.8781843627189904
0.08771113463192837, 0.8781843627189904
0.5322120061273781, 0.721584799017113
0.5322120061273781, 0.721584799017113
0.5322120061273781, 0.721584799017113
0.5322120061273781, 0.721584799017113
0.5322120061273781, 0.721584799017113
0.5322120061273781, 0.721584799017113
0.5322120061273781, 0.721584799017113
0.5322120061273781, 0.721584799017113
0.5322120061273781, 0.721584799017113
0.5322120061273781, 0.721584799017113
0.3234950754952276, 0.2719834574658282
0.3234950754952276, 0.2719834574658282
0.3234950754952276, 0.2719834574658282
0.3234950754952276, 0.2719834574658282
0.3234950754952276, 0.2719834574658282
0.3234950754952276, 0.2719834574658282
0.3234950754952276, 0.2719834574658282
0.3234950754952276, 0.2719834574658282
0.3234950754952276, 0.2719834574658282
0.3234950754952276, 0.2719834574658282
