1e-05
0.4025697537782609, 0.1507445988239119
0.4025697537782609, 0.1507445988239119
0.4025697537782609, 0.1507445988239119
0.4025697537782609, 0.1507445988239119
0.4025697537782609, 0.1507445988239119
0.4025697537782609, 0.1507445988239119
0.4025697537782609, 0.1507445988239119
0.4025697537782609, 0.1507445988239119
0.4025697537782609, 0.1507445988239119
0.4025697537782609, 0.1507445988239119
0.10264988943558473, 0.8732437084692857
0.10264988943558473, 0.8732437084692857
0.10264988943558473, 0.8732437084692857
0.10264988943558473, 0.8732437084692857
0.10264988943558473, 0.8732437084692857
0.10264988943558473, 0.8732437084692857
0.10264988943558473, 0.8732437084692857
0.10264988943558473, 0.8732437084692857
0.10264988943558473, 0.8732437084692857
0.10264988943558473, 0.8732437084692857
0.7350787906304923, 0.3206203570498336
0.7350787906304923, 0.3206203570498336
0.7350787906304923, 0.3206203570498336
0.7350787906304923, 0.3206203570498336
0.7350787906304923, 0.3206203570498336
0.7350787906304923, 0.3206203570498336
0.7350787906304923, 0.3206203570498336
0.7350787906304923, 0.3206203570498336
0.7350787906304923, 0.3206203570498336
0.7350787906304923, 0.3206203570498336
0.8503457666324408, 0.22909847538102368
0.8503457666324408, 0.22909847538102368
0.8503457666324408, 0.22909847538102368
0.8503457666324408, 0.22909847538102368
0.8503457666324408, 0.22909847538102368
0.8503457666324408, 0.22909847538102368
0.8503457666324408, 0.22909847538102368
0.8503457666324408, 0.22909847538102368
0.8503457666324408, 0.22909847538102368
0.8503457666324408, 0.22909847538102368
0.6033827558056067, 0.39700055917001875
0.6033827558056067, 0.39700055917001875
0.6033827558056067, 0.39700055917001875
0.6033827558056067, 0.39700055917001875
0.6033827558056067, 0.39700055917001875
0.6033827558056067, 0.39700055917001875
0.6033827558056067, 0.39700055917001875
0.6033827558056067, 0.39700055917001875
0.6033827558056067, 0.39700055917001875
0.6033827558056067, 0.39700055917001875
0.6833388370256506, 0.6215624074983495
0.6833388370256506, 0.6215624074983495
0.6833388370256506, 0.6215624074983495
0.6833388370256506, 0.6215624074983495
0.6833388370256506, 0.6215624074983495
0.6833388370256506, 0.6215624074983495
0.6833388370256506, 0.6215624074983495
0.6833388370256506, 0.6215624074983495
0.6833388370256506, 0.6215624074983495
0.6833388370256506, 0.6215624074983495
0.5361331765964026, 0.4647059189089764
0.5361331765964026, 0.4647059189089764
0.5361331765964026, 0.4647059189089764
0.5361331765964026, 0.4647059189089764
0.5361331765964026, 0.4647059189089764
0.5361331765964026, 0.4647059189089764
0.5361331765964026, 0.4647059189089764
0.5361331765964026, 0.4647059189089764
0.5361331765964026, 0.4647059189089764
0.5361331765964026, 0.4647059189089764
0.8458778478412982, 0.14808823281039663
0.8458778478412982, 0.14808823281039663
0.8458778478412982, 0.14808823281039663
0.8458778478412982, 0.14808823281039663
0.8458778478412982, 0.14808823281039663
0.8458778478412982, 0.14808823281039663
0.8458778478412982, 0.14808823281039663
0.8458778478412982, 0.14808823281039663
0.8458778478412982, 0.14808823281039663
0.8458778478412982, 0.14808823281039663
0.22959267909549685, 0.41008729914625386
0.22959267909549685, 0.41008729914625386
0.22959267909549685, 0.41008729914625386
0.22959267909549685, 0.41008729914625386
0.22959267909549685, 0.41008729914625386
0.22959267909549685, 0.41008729914625386
0.22959267909549685, 0.41008729914625386
0.22959267909549685, 0.41008729914625386
0.22959267909549685, 0.41008729914625386
0.22959267909549685, 0.41008729914625386
0.8668723893529174, 0.7169770610402032
0.8668723893529174, 0.7169770610402032
0.8668723893529174, 0.7169770610402032
0.8668723893529174, 0.7169770610402032
0.8668723893529174, 0.7169770610402032
0.8668723893529174, 0.7169770610402032
0.8668723893529174, 0.7169770610402032
0.8668723893529174, 0.7169770610402032
0.8668723893529174, 0.7169770610402032
0.8668723893529174, 0.7169770610402032
