1e-05
0.7333423619557722, 0.48521994730865314
0.7333423619557722, 0.48521994730865314
0.7333423619557722, 0.48521994730865314
0.7333423619557722, 0.48521994730865314
0.7333423619557722, 0.48521994730865314
0.7333423619557722, 0.48521994730865314
0.7333423619557722, 0.48521994730865314
0.7333423619557722, 0.48521994730865314
0.7333423619557722, 0.48521994730865314
0.7333423619557722, 0.48521994730865314
0.32168966409262034, 0.01314004472703223
0.32168966409262034, 0.01314004472703223
0.32168966409262034, 0.01314004472703223
0.32168966409262034, 0.01314004472703223
0.32168966409262034, 0.01314004472703223
0.32168966409262034, 0.01314004472703223
0.32168966409262034, 0.01314004472703223
0.32168966409262034, 0.01314004472703223
0.32168966409262034, 0.01314004472703223
0.32168966409262034, 0.01314004472703223
0.7318236079951502, 0.5145859542088516
0.7318236079951502, 0.5145859542088516
0.7318236079951502, 0.5145859542088516
0.7318236079951502, 0.5145859542088516
0.7318236079951502, 0.5145859542088516
0.7318236079951502, 0.5145859542088516
0.7318236079951502, 0.5145859542088516
0.7318236079951502, 0.5145859542088516
0.7318236079951502, 0.5145859542088516
0.7318236079951502, 0.5145859542088516
0.7398750894967429, 0.06019521754322821
0.7398750894967429, 0.06019521754322821
0.7398750894967429, 0.06019521754322821
0.7398750894967429, 0.06019521754322821
0.7398750894967429, 0.06019521754322821
0.7398750894967429, 0.06019521754322821
0.7398750894967429, 0.06019521754322821
0.7398750894967429, 0.06019521754322821
0.7398750894967429, 0.06019521754322821
0.7398750894967429, 0.06019521754322821
0.3868328004802364, 0.4320930176157797
0.3868328004802364, 0.4320930176157797
0.3868328004802364, 0.4320930176157797
0.3868328004802364, 0.4320930176157797
0.3868328004802364, 0.4320930176157797
0.3868328004802364, 0.4320930176157797
0.3868328004802364, 0.4320930176157797
0.3868328004802364, 0.4320930176157797
0.3868328004802364, 0.4320930176157797
0.3868328004802364, 0.4320930176157797
0.6608245869016336, 0.0661949164557819
0.6608245869016336, 0.0661949164557819
0.6608245869016336, 0.0661949164557819
0.6608245869016336, 0.0661949164557819
0.6608245869016336, 0.0661949164557819
0.6608245869016336, 0.0661949164557819
0.6608245869016336, 0.0661949164557819
0.6608245869016336, 0.0661949164557819
0.6608245869016336, 0.0661949164557819
0.6608245869016336, 0.0661949164557819
0.3066381790985119, 0.893597801662092
0.3066381790985119, 0.893597801662092
0.3066381790985119, 0.893597801662092
0.3066381790985119, 0.893597801662092
0.3066381790985119, 0.893597801662092
0.3066381790985119, 0.893597801662092
0.3066381790985119, 0.893597801662092
0.3066381790985119, 0.893597801662092
0.3066381790985119, 0.893597801662092
0.3066381790985119, 0.893597801662092
0.25221991701212076, 0.7197027513447296
0.25221991701212076, 0.7197027513447296
0.25221991701212076, 0.7197027513447296
0.25221991701212076, 0.7197027513447296
0.25221991701212076, 0.7197027513447296
0.25221991701212076, 0.7197027513447296
0.25221991701212076, 0.7197027513447296
0.25221991701212076, 0.7197027513447296
0.25221991701212076, 0.7197027513447296
0.25221991701212076, 0.7197027513447296
0.4790005126327095, 0.15448307791294857
0.4790005126327095, 0.15448307791294857
0.4790005126327095, 0.15448307791294857
0.4790005126327095, 0.15448307791294857
0.4790005126327095, 0.15448307791294857
0.4790005126327095, 0.15448307791294857
0.4790005126327095, 0.15448307791294857
0.4790005126327095, 0.15448307791294857
0.4790005126327095, 0.15448307791294857
0.4790005126327095, 0.15448307791294857
0.04765843035497763, 0.463428488351197
0.04765843035497763, 0.463428488351197
0.04765843035497763, 0.463428488351197
0.04765843035497763, 0.463428488351197
0.04765843035497763, 0.463428488351197
0.04765843035497763, 0.463428488351197
0.04765843035497763, 0.463428488351197
0.04765843035497763, 0.463428488351197
0.04765843035497763, 0.463428488351197
0.04765843035497763, 0.463428488351197
