1e-05
0.5145277605853945, 0.2529854038069699
0.5145277605853945, 0.2529854038069699
0.5145277605853945, 0.2529854038069699
0.5145277605853945, 0.2529854038069699
0.5145277605853945, 0.2529854038069699
0.5145277605853945, 0.2529854038069699
0.5145277605853945, 0.2529854038069699
0.5145277605853945, 0.2529854038069699
0.5145277605853945, 0.2529854038069699
0.5145277605853945, 0.2529854038069699
0.7090300492054804, 0.3699142743818269
0.7090300492054804, 0.3699142743818269
0.7090300492054804, 0.3699142743818269
0.7090300492054804, 0.3699142743818269
0.7090300492054804, 0.3699142743818269
0.7090300492054804, 0.3699142743818269
0.7090300492054804, 0.3699142743818269
0.7090300492054804, 0.3699142743818269
0.7090300492054804, 0.3699142743818269
0.7090300492054804, 0.3699142743818269
0.5281945976221768, 0.6478435219204528
0.5281945976221768, 0.6478435219204528
0.5281945976221768, 0.6478435219204528
0.5281945976221768, 0.6478435219204528
0.5281945976221768, 0.6478435219204528
0.5281945976221768, 0.6478435219204528
0.5281945976221768, 0.6478435219204528
0.5281945976221768, 0.6478435219204528
0.5281945976221768, 0.6478435219204528
0.5281945976221768, 0.6478435219204528
0.49581773441426025, 0.9007634103797976
0.49581773441426025, 0.9007634103797976
0.49581773441426025, 0.9007634103797976
0.49581773441426025, 0.9007634103797976
0.49581773441426025, 0.9007634103797976
0.49581773441426025, 0.9007634103797976
0.49581773441426025, 0.9007634103797976
0.49581773441426025, 0.9007634103797976
0.49581773441426025, 0.9007634103797976
0.49581773441426025, 0.9007634103797976
0.5772494117938975, 0.02435891613914276
0.5772494117938975, 0.02435891613914276
0.5772494117938975, 0.02435891613914276
0.5772494117938975, 0.02435891613914276
0.5772494117938975, 0.02435891613914276
0.5772494117938975, 0.02435891613914276
0.5772494117938975, 0.02435891613914276
0.5772494117938975, 0.02435891613914276
0.5772494117938975, 0.02435891613914276
0.5772494117938975, 0.02435891613914276
0.7407868946185303, 0.8961577203522247
0.7407868946185303, 0.8961577203522247
0.7407868946185303, 0.8961577203522247
0.7407868946185303, 0.8961577203522247
0.7407868946185303, 0.8961577203522247
0.7407868946185303, 0.8961577203522247
0.7407868946185303, 0.8961577203522247
0.7407868946185303, 0.8961577203522247
0.7407868946185303, 0.8961577203522247
0.7407868946185303, 0.8961577203522247
0.45824388114495274, 0.23010349109507722
0.45824388114495274, 0.23010349109507722
0.45824388114495274, 0.23010349109507722
0.45824388114495274, 0.23010349109507722
0.45824388114495274, 0.23010349109507722
0.45824388114495274, 0.23010349109507722
0.45824388114495274, 0.23010349109507722
0.45824388114495274, 0.23010349109507722
0.45824388114495274, 0.23010349109507722
0.45824388114495274, 0.23010349109507722
0.950897018409569, 0.9350664615324236
0.950897018409569, 0.9350664615324236
0.950897018409569, 0.9350664615324236
0.950897018409569, 0.9350664615324236
0.950897018409569, 0.9350664615324236
0.950897018409569, 0.9350664615324236
0.950897018409569, 0.9350664615324236
0.950897018409569, 0.9350664615324236
0.950897018409569, 0.9350664615324236
0.950897018409569, 0.9350664615324236
0.5249394833137077, 0.4398909457538279
0.5249394833137077, 0.4398909457538279
0.5249394833137077, 0.4398909457538279
0.5249394833137077, 0.4398909457538279
0.5249394833137077, 0.4398909457538279
0.5249394833137077, 0.4398909457538279
0.5249394833137077, 0.4398909457538279
0.5249394833137077, 0.4398909457538279
0.5249394833137077, 0.4398909457538279
0.5249394833137077, 0.4398909457538279
0.7010420691624746, 0.18344010597896476
0.7010420691624746, 0.18344010597896476
0.7010420691624746, 0.18344010597896476
0.7010420691624746, 0.18344010597896476
0.7010420691624746, 0.18344010597896476
0.7010420691624746, 0.18344010597896476
0.7010420691624746, 0.18344010597896476
0.7010420691624746, 0.18344010597896476
0.7010420691624746, 0.18344010597896476
0.7010420691624746, 0.18344010597896476
