0.001
0.4129382760042285, 0.1929733996258889
0.8860756606235007, 0.7502319207784319
0.4366873554741154, 0.18888743452381007
0.3024955530748753, 0.35056010649259217
0.20020106540341154, 0.6909054855877541
0.4415834692369509, 0.607471715530466
0.856032050871841, 0.06904339322024167
0.9040460862391925, 0.1576101010623071
0.6372796620681014, 0.9432396890289196
0.8197213759239864, 0.1888078616568154
0.7737438972851841, 0.4600595414843983
0.8311149890931029, 0.49831873264086424
0.5212915614142777, 0.4510467224354089
0.116706286380586, 0.08656680994164578
0.24513591332125972, 0.5255416678709343
0.7147795800120121, 0.7816848869564336
0.8711889204389612, 0.5469110457195013
