1e-05
0.084326876093762, 0.9434323692700947
0.084326876093762, 0.9434323692700947
0.084326876093762, 0.9434323692700947
0.084326876093762, 0.9434323692700947
0.084326876093762, 0.9434323692700947
0.084326876093762, 0.9434323692700947
0.084326876093762, 0.9434323692700947
0.084326876093762, 0.9434323692700947
0.084326876093762, 0.9434323692700947
0.084326876093762, 0.9434323692700947
0.7513558108302174, 0.8712894184236104
0.7513558108302174, 0.8712894184236104
0.7513558108302174, 0.8712894184236104
0.7513558108302174, 0.8712894184236104
0.7513558108302174, 0.8712894184236104
0.7513558108302174, 0.8712894184236104
0.7513558108302174, 0.8712894184236104
0.7513558108302174, 0.8712894184236104
0.7513558108302174, 0.8712894184236104
0.7513558108302174, 0.8712894184236104
0.4165784260353381, 0.3583615966156549
0.4165784260353381, 0.3583615966156549
0.4165784260353381, 0.3583615966156549
0.4165784260353381, 0.3583615966156549
0.4165784260353381, 0.3583615966156549
0.4165784260353381, 0.3583615966156549
0.4165784260353381, 0.3583615966156549
0.4165784260353381, 0.3583615966156549
0.4165784260353381, 0.3583615966156549
0.4165784260353381, 0.3583615966156549
0.8499038180822334, 0.7021353337129964
0.8499038180822334, 0.7021353337129964
0.8499038180822334, 0.7021353337129964
0.8499038180822334, 0.7021353337129964
0.8499038180822334, 0.7021353337129964
0.8499038180822334, 0.7021353337129964
0.8499038180822334, 0.7021353337129964
0.8499038180822334, 0.7021353337129964
0.8499038180822334, 0.7021353337129964
0.8499038180822334, 0.7021353337129964
0.8758205003831688, 0.44755003050004416
0.8758205003831688, 0.44755003050004416
0.8758205003831688, 0.44755003050004416
0.8758205003831688, 0.44755003050004416
0.8758205003831688, 0.44755003050004416
0.8758205003831688, 0.44755003050004416
0.8758205003831688, 0.44755003050004416
0.8758205003831688, 0.44755003050004416
0.8758205003831688, 0.44755003050004416
0.8758205003831688, 0.44755003050004416
0.9807229052328197, 0.5782894963076294
0.9807229052328197, 0.5782894963076294
0.9807229052328197, 0.5782894963076294
0.9807229052328197, 0.5782894963076294
0.9807229052328197, 0.5782894963076294
0.9807229052328197, 0.5782894963076294
0.9807229052328197, 0.5782894963076294
0.9807229052328197, 0.5782894963076294
0.9807229052328197, 0.5782894963076294
0.9807229052328197, 0.5782894963076294
0.31136654164554, 0.7666346186997144
0.31136654164554, 0.7666346186997144
0.31136654164554, 0.7666346186997144
0.31136654164554, 0.7666346186997144
0.31136654164554, 0.7666346186997144
0.31136654164554, 0.7666346186997144
0.31136654164554, 0.7666346186997144
0.31136654164554, 0.7666346186997144
0.31136654164554, 0.7666346186997144
0.31136654164554, 0.7666346186997144
0.115456737096708, 0.14395875381915002
0.115456737096708, 0.14395875381915002
0.115456737096708, 0.14395875381915002
0.115456737096708, 0.14395875381915002
0.115456737096708, 0.14395875381915002
0.115456737096708, 0.14395875381915002
0.115456737096708, 0.14395875381915002
0.115456737096708, 0.14395875381915002
0.115456737096708, 0.14395875381915002
0.115456737096708, 0.14395875381915002
0.3892698399449217, 0.5390324768174491
0.3892698399449217, 0.5390324768174491
0.3892698399449217, 0.5390324768174491
0.3892698399449217, 0.5390324768174491
0.3892698399449217, 0.5390324768174491
0.3892698399449217, 0.5390324768174491
0.3892698399449217, 0.5390324768174491
0.3892698399449217, 0.5390324768174491
0.3892698399449217, 0.5390324768174491
0.3892698399449217, 0.5390324768174491
0.7123033303841066, 0.3799182286534657
0.7123033303841066, 0.3799182286534657
0.7123033303841066, 0.3799182286534657
0.7123033303841066, 0.3799182286534657
0.7123033303841066, 0.3799182286534657
0.7123033303841066, 0.3799182286534657
0.7123033303841066, 0.3799182286534657
0.7123033303841066, 0.3799182286534657
0.7123033303841066, 0.3799182286534657
0.7123033303841066, 0.3799182286534657
