1e-05
0.06481039864209259, 0.6720782505051077
0.06481039864209259, 0.6720782505051077
0.06481039864209259, 0.6720782505051077
0.06481039864209259, 0.6720782505051077
0.06481039864209259, 0.6720782505051077
0.06481039864209259, 0.6720782505051077
0.06481039864209259, 0.6720782505051077
0.06481039864209259, 0.6720782505051077
0.06481039864209259, 0.6720782505051077
0.06481039864209259, 0.6720782505051077
0.7186075191203114, 0.8189544895970431
0.7186075191203114, 0.8189544895970431
0.7186075191203114, 0.8189544895970431
0.7186075191203114, 0.8189544895970431
0.7186075191203114, 0.8189544895970431
0.7186075191203114, 0.8189544895970431
0.7186075191203114, 0.8189544895970431
0.7186075191203114, 0.8189544895970431
0.7186075191203114, 0.8189544895970431
0.7186075191203114, 0.8189544895970431
0.708959286960672, 0.39966631713473877
0.708959286960672, 0.39966631713473877
0.708959286960672, 0.39966631713473877
0.708959286960672, 0.39966631713473877
0.708959286960672, 0.39966631713473877
0.708959286960672, 0.39966631713473877
0.708959286960672, 0.39966631713473877
0.708959286960672, 0.39966631713473877
0.708959286960672, 0.39966631713473877
0.708959286960672, 0.39966631713473877
0.34558411445810455, 0.14635462155393442
0.34558411445810455, 0.14635462155393442
0.34558411445810455, 0.14635462155393442
0.34558411445810455, 0.14635462155393442
0.34558411445810455, 0.14635462155393442
0.34558411445810455, 0.14635462155393442
0.34558411445810455, 0.14635462155393442
0.34558411445810455, 0.14635462155393442
0.34558411445810455, 0.14635462155393442
0.34558411445810455, 0.14635462155393442
0.4922829861587854, 0.7064656202050018
0.4922829861587854, 0.7064656202050018
0.4922829861587854, 0.7064656202050018
0.4922829861587854, 0.7064656202050018
0.4922829861587854, 0.7064656202050018
0.4922829861587854, 0.7064656202050018
0.4922829861587854, 0.7064656202050018
0.4922829861587854, 0.7064656202050018
0.4922829861587854, 0.7064656202050018
0.4922829861587854, 0.7064656202050018
0.6442569689409224, 0.07671035601171405
0.6442569689409224, 0.07671035601171405
0.6442569689409224, 0.07671035601171405
0.6442569689409224, 0.07671035601171405
0.6442569689409224, 0.07671035601171405
0.6442569689409224, 0.07671035601171405
0.6442569689409224, 0.07671035601171405
0.6442569689409224, 0.07671035601171405
0.6442569689409224, 0.07671035601171405
0.6442569689409224, 0.07671035601171405
0.8519896051158307, 0.440320787477237
0.8519896051158307, 0.440320787477237
0.8519896051158307, 0.440320787477237
0.8519896051158307, 0.440320787477237
0.8519896051158307, 0.440320787477237
0.8519896051158307, 0.440320787477237
0.8519896051158307, 0.440320787477237
0.8519896051158307, 0.440320787477237
0.8519896051158307, 0.440320787477237
0.8519896051158307, 0.440320787477237
0.11992049077813927, 0.27525453867617977
0.11992049077813927, 0.27525453867617977
0.11992049077813927, 0.27525453867617977
0.11992049077813927, 0.27525453867617977
0.11992049077813927, 0.27525453867617977
0.11992049077813927, 0.27525453867617977
0.11992049077813927, 0.27525453867617977
0.11992049077813927, 0.27525453867617977
0.11992049077813927, 0.27525453867617977
0.11992049077813927, 0.27525453867617977
0.4859761499265548, 0.9220483328572391
0.4859761499265548, 0.9220483328572391
0.4859761499265548, 0.9220483328572391
0.4859761499265548, 0.9220483328572391
0.4859761499265548, 0.9220483328572391
0.4859761499265548, 0.9220483328572391
0.4859761499265548, 0.9220483328572391
0.4859761499265548, 0.9220483328572391
0.4859761499265548, 0.9220483328572391
0.4859761499265548, 0.9220483328572391
0.3000748771923233, 0.47269871358111515
0.3000748771923233, 0.47269871358111515
0.3000748771923233, 0.47269871358111515
0.3000748771923233, 0.47269871358111515
0.3000748771923233, 0.47269871358111515
0.3000748771923233, 0.47269871358111515
0.3000748771923233, 0.47269871358111515
0.3000748771923233, 0.47269871358111515
0.3000748771923233, 0.47269871358111515
0.3000748771923233, 0.47269871358111515
