1e-05
0.8975168835696411, 0.6489108476457973
0.8975168835696411, 0.6489108476457973
0.8975168835696411, 0.6489108476457973
0.8975168835696411, 0.6489108476457973
0.8975168835696411, 0.6489108476457973
0.8975168835696411, 0.6489108476457973
0.8975168835696411, 0.6489108476457973
0.8975168835696411, 0.6489108476457973
0.8975168835696411, 0.6489108476457973
0.8975168835696411, 0.6489108476457973
0.9343769177301755, 0.7201561310345621
0.9343769177301755, 0.7201561310345621
0.9343769177301755, 0.7201561310345621
0.9343769177301755, 0.7201561310345621
0.9343769177301755, 0.7201561310345621
0.9343769177301755, 0.7201561310345621
0.9343769177301755, 0.7201561310345621
0.9343769177301755, 0.7201561310345621
0.9343769177301755, 0.7201561310345621
0.9343769177301755, 0.7201561310345621
0.36485741583310494, 0.07506754983812758
0.36485741583310494, 0.07506754983812758
0.36485741583310494, 0.07506754983812758
0.36485741583310494, 0.07506754983812758
0.36485741583310494, 0.07506754983812758
0.36485741583310494, 0.07506754983812758
0.36485741583310494, 0.07506754983812758
0.36485741583310494, 0.07506754983812758
0.36485741583310494, 0.07506754983812758
0.36485741583310494, 0.07506754983812758
0.851323031737253, 0.21906911954685393
0.851323031737253, 0.21906911954685393
0.851323031737253, 0.21906911954685393
0.851323031737253, 0.21906911954685393
0.851323031737253, 0.21906911954685393
0.851323031737253, 0.21906911954685393
0.851323031737253, 0.21906911954685393
0.851323031737253, 0.21906911954685393
0.851323031737253, 0.21906911954685393
0.851323031737253, 0.21906911954685393
0.5282379860768975, 0.3609984308214731
0.5282379860768975, 0.3609984308214731
0.5282379860768975, 0.3609984308214731
0.5282379860768975, 0.3609984308214731
0.5282379860768975, 0.3609984308214731
0.5282379860768975, 0.3609984308214731
0.5282379860768975, 0.3609984308214731
0.5282379860768975, 0.3609984308214731
0.5282379860768975, 0.3609984308214731
0.5282379860768975, 0.3609984308214731
0.11572441414351864, 0.1980002603530553
0.11572441414351864, 0.1980002603530553
0.11572441414351864, 0.1980002603530553
0.11572441414351864, 0.1980002603530553
0.11572441414351864, 0.1980002603530553
0.11572441414351864, 0.1980002603530553
0.11572441414351864, 0.1980002603530553
0.11572441414351864, 0.1980002603530553
0.11572441414351864, 0.1980002603530553
0.11572441414351864, 0.1980002603530553
0.9884861253948194, 0.047583562907664634
0.9884861253948194, 0.047583562907664634
0.9884861253948194, 0.047583562907664634
0.9884861253948194, 0.047583562907664634
0.9884861253948194, 0.047583562907664634
0.9884861253948194, 0.047583562907664634
0.9884861253948194, 0.047583562907664634
0.9884861253948194, 0.047583562907664634
0.9884861253948194, 0.047583562907664634
0.9884861253948194, 0.047583562907664634
0.3133632492790308, 0.4707617269049479
0.3133632492790308, 0.4707617269049479
0.3133632492790308, 0.4707617269049479
0.3133632492790308, 0.4707617269049479
0.3133632492790308, 0.4707617269049479
0.3133632492790308, 0.4707617269049479
0.3133632492790308, 0.4707617269049479
0.3133632492790308, 0.4707617269049479
0.3133632492790308, 0.4707617269049479
0.3133632492790308, 0.4707617269049479
0.19218219714001872, 0.4488926655762392
0.19218219714001872, 0.4488926655762392
0.19218219714001872, 0.4488926655762392
0.19218219714001872, 0.4488926655762392
0.19218219714001872, 0.4488926655762392
0.19218219714001872, 0.4488926655762392
0.19218219714001872, 0.4488926655762392
0.19218219714001872, 0.4488926655762392
0.19218219714001872, 0.4488926655762392
0.19218219714001872, 0.4488926655762392
0.7030194320108043, 0.6553407194427021
0.7030194320108043, 0.6553407194427021
0.7030194320108043, 0.6553407194427021
0.7030194320108043, 0.6553407194427021
0.7030194320108043, 0.6553407194427021
0.7030194320108043, 0.6553407194427021
0.7030194320108043, 0.6553407194427021
0.7030194320108043, 0.6553407194427021
0.7030194320108043, 0.6553407194427021
0.7030194320108043, 0.6553407194427021
