1e-05
0.7637955016092605, 0.28080764669437264
0.7637955016092605, 0.28080764669437264
0.7637955016092605, 0.28080764669437264
0.7637955016092605, 0.28080764669437264
0.7637955016092605, 0.28080764669437264
0.7637955016092605, 0.28080764669437264
0.7637955016092605, 0.28080764669437264
0.7637955016092605, 0.28080764669437264
0.7637955016092605, 0.28080764669437264
0.7637955016092605, 0.28080764669437264
0.46164907307987946, 0.9034522908464953
0.46164907307987946, 0.9034522908464953
0.46164907307987946, 0.9034522908464953
0.46164907307987946, 0.9034522908464953
0.46164907307987946, 0.9034522908464953
0.46164907307987946, 0.9034522908464953
0.46164907307987946, 0.9034522908464953
0.46164907307987946, 0.9034522908464953
0.46164907307987946, 0.9034522908464953
0.46164907307987946, 0.9034522908464953
0.529427995998566, 0.2916486403411097
0.529427995998566, 0.2916486403411097
0.529427995998566, 0.2916486403411097
0.529427995998566, 0.2916486403411097
0.529427995998566, 0.2916486403411097
0.529427995998566, 0.2916486403411097
0.529427995998566, 0.2916486403411097
0.529427995998566, 0.2916486403411097
0.529427995998566, 0.2916486403411097
0.529427995998566, 0.2916486403411097
0.17015533419744444, 0.4105930776836928
0.17015533419744444, 0.4105930776836928
0.17015533419744444, 0.4105930776836928
0.17015533419744444, 0.4105930776836928
0.17015533419744444, 0.4105930776836928
0.17015533419744444, 0.4105930776836928
0.17015533419744444, 0.4105930776836928
0.17015533419744444, 0.4105930776836928
0.17015533419744444, 0.4105930776836928
0.17015533419744444, 0.4105930776836928
0.9799983604693284, 0.5812129883102455
0.9799983604693284, 0.5812129883102455
0.9799983604693284, 0.5812129883102455
0.9799983604693284, 0.5812129883102455
0.9799983604693284, 0.5812129883102455
0.9799983604693284, 0.5812129883102455
0.9799983604693284, 0.5812129883102455
0.9799983604693284, 0.5812129883102455
0.9799983604693284, 0.5812129883102455
0.9799983604693284, 0.5812129883102455
0.7196359143892004, 0.5039615930852112
0.7196359143892004, 0.5039615930852112
0.7196359143892004, 0.5039615930852112
0.7196359143892004, 0.5039615930852112
0.7196359143892004, 0.5039615930852112
0.7196359143892004, 0.5039615930852112
0.7196359143892004, 0.5039615930852112
0.7196359143892004, 0.5039615930852112
0.7196359143892004, 0.5039615930852112
0.7196359143892004, 0.5039615930852112
0.09893685505482275, 0.41750115318747394
0.09893685505482275, 0.41750115318747394
0.09893685505482275, 0.41750115318747394
0.09893685505482275, 0.41750115318747394
0.09893685505482275, 0.41750115318747394
0.09893685505482275, 0.41750115318747394
0.09893685505482275, 0.41750115318747394
0.09893685505482275, 0.41750115318747394
0.09893685505482275, 0.41750115318747394
0.09893685505482275, 0.41750115318747394
0.44332693231688713, 0.8513014413209844
0.44332693231688713, 0.8513014413209844
0.44332693231688713, 0.8513014413209844
0.44332693231688713, 0.8513014413209844
0.44332693231688713, 0.8513014413209844
0.44332693231688713, 0.8513014413209844
0.44332693231688713, 0.8513014413209844
0.44332693231688713, 0.8513014413209844
0.44332693231688713, 0.8513014413209844
0.44332693231688713, 0.8513014413209844
0.16738000381984097, 0.5034875096787691
0.16738000381984097, 0.5034875096787691
0.16738000381984097, 0.5034875096787691
0.16738000381984097, 0.5034875096787691
0.16738000381984097, 0.5034875096787691
0.16738000381984097, 0.5034875096787691
0.16738000381984097, 0.5034875096787691
0.16738000381984097, 0.5034875096787691
0.16738000381984097, 0.5034875096787691
0.16738000381984097, 0.5034875096787691
0.5593744252852321, 0.9808126307832957
0.5593744252852321, 0.9808126307832957
0.5593744252852321, 0.9808126307832957
0.5593744252852321, 0.9808126307832957
0.5593744252852321, 0.9808126307832957
0.5593744252852321, 0.9808126307832957
0.5593744252852321, 0.9808126307832957
0.5593744252852321, 0.9808126307832957
0.5593744252852321, 0.9808126307832957
0.5593744252852321, 0.9808126307832957
