1e-05
0.858593520739886, 0.9022740229758788
0.858593520739886, 0.9022740229758788
0.858593520739886, 0.9022740229758788
0.858593520739886, 0.9022740229758788
0.858593520739886, 0.9022740229758788
0.858593520739886, 0.9022740229758788
0.858593520739886, 0.9022740229758788
0.858593520739886, 0.9022740229758788
0.858593520739886, 0.9022740229758788
0.858593520739886, 0.9022740229758788
0.1789400179370063, 0.9135482196313935
0.1789400179370063, 0.9135482196313935
0.1789400179370063, 0.9135482196313935
0.1789400179370063, 0.9135482196313935
0.1789400179370063, 0.9135482196313935
0.1789400179370063, 0.9135482196313935
0.1789400179370063, 0.9135482196313935
0.1789400179370063, 0.9135482196313935
0.1789400179370063, 0.9135482196313935
0.1789400179370063, 0.9135482196313935
0.1653029554925608, 0.9733721357308779
0.1653029554925608, 0.9733721357308779
0.1653029554925608, 0.9733721357308779
0.1653029554925608, 0.9733721357308779
0.1653029554925608, 0.9733721357308779
0.1653029554925608, 0.9733721357308779
0.1653029554925608, 0.9733721357308779
0.1653029554925608, 0.9733721357308779
0.1653029554925608, 0.9733721357308779
0.1653029554925608, 0.9733721357308779
0.08792398486566999, 0.8567182979373152
0.08792398486566999, 0.8567182979373152
0.08792398486566999, 0.8567182979373152
0.08792398486566999, 0.8567182979373152
0.08792398486566999, 0.8567182979373152
0.08792398486566999, 0.8567182979373152
0.08792398486566999, 0.8567182979373152
0.08792398486566999, 0.8567182979373152
0.08792398486566999, 0.8567182979373152
0.08792398486566999, 0.8567182979373152
0.8571497034955798, 0.2679311665636884
0.8571497034955798, 0.2679311665636884
0.8571497034955798, 0.2679311665636884
0.8571497034955798, 0.2679311665636884
0.8571497034955798, 0.2679311665636884
0.8571497034955798, 0.2679311665636884
0.8571497034955798, 0.2679311665636884
0.8571497034955798, 0.2679311665636884
0.8571497034955798, 0.2679311665636884
0.8571497034955798, 0.2679311665636884
0.1445280323293019, 0.5077295864903193
0.1445280323293019, 0.5077295864903193
0.1445280323293019, 0.5077295864903193
0.1445280323293019, 0.5077295864903193
0.1445280323293019, 0.5077295864903193
0.1445280323293019, 0.5077295864903193
0.1445280323293019, 0.5077295864903193
0.1445280323293019, 0.5077295864903193
0.1445280323293019, 0.5077295864903193
0.1445280323293019, 0.5077295864903193
0.4594702322916575, 0.8287099945694765
0.4594702322916575, 0.8287099945694765
0.4594702322916575, 0.8287099945694765
0.4594702322916575, 0.8287099945694765
0.4594702322916575, 0.8287099945694765
0.4594702322916575, 0.8287099945694765
0.4594702322916575, 0.8287099945694765
0.4594702322916575, 0.8287099945694765
0.4594702322916575, 0.8287099945694765
0.4594702322916575, 0.8287099945694765
0.9164932629181439, 0.9515333851580698
0.9164932629181439, 0.9515333851580698
0.9164932629181439, 0.9515333851580698
0.9164932629181439, 0.9515333851580698
0.9164932629181439, 0.9515333851580698
0.9164932629181439, 0.9515333851580698
0.9164932629181439, 0.9515333851580698
0.9164932629181439, 0.9515333851580698
0.9164932629181439, 0.9515333851580698
0.9164932629181439, 0.9515333851580698
0.8707411959831356, 0.33612749440974676
0.8707411959831356, 0.33612749440974676
0.8707411959831356, 0.33612749440974676
0.8707411959831356, 0.33612749440974676
0.8707411959831356, 0.33612749440974676
0.8707411959831356, 0.33612749440974676
0.8707411959831356, 0.33612749440974676
0.8707411959831356, 0.33612749440974676
0.8707411959831356, 0.33612749440974676
0.8707411959831356, 0.33612749440974676
0.13930697173168527, 0.11916673263051103
0.13930697173168527, 0.11916673263051103
0.13930697173168527, 0.11916673263051103
0.13930697173168527, 0.11916673263051103
0.13930697173168527, 0.11916673263051103
0.13930697173168527, 0.11916673263051103
0.13930697173168527, 0.11916673263051103
0.13930697173168527, 0.11916673263051103
0.13930697173168527, 0.11916673263051103
0.13930697173168527, 0.11916673263051103
