0.001
0.43819929906059396, 0.2062484813969656
0.3878048358447983, 0.18297828220449408
0.6780451186580494, 0.09318914105358422
0.8744614261554913, 0.41132923701361135
0.08018086542465419, 0.10481359102736454
0.313011519429821, 0.047590706843099406
0.7615537038159175, 0.5046643827332983
0.00634663371865396, 0.37248980048541047
0.054088942670870166, 0.9293830600583554
0.01671299963065609, 0.7483729364490237
0.9191346030898099, 0.9063183216036941
0.23258522511884983, 0.7206708914973898
0.5753777191053174, 0.8905166630668139
0.960309174259354, 0.6196258444970245
0.02548101064320296, 0.13222013953258116
0.80079980957533, 0.8700157601182733
0.11374768870030172, 0.9286226312892966
