0.1
0.8685537770403756, 0.119986266676128
0.4591935271901647, 0.9830464111981922
0.2640161846315845, 0.06087377104473646
0.277964753500639, 0.3535910872529743
0.9664052830988675, 0.6133300866778314
0.45043362165984147, 0.566431148919942
0.47756384291071496, 0.6158152278227781
0.3487178037335066, 0.06141905449277951
0.1614671457128577, 0.19011285727388494
0.9931275212504268, 0.30814942388960676
0.07704544603903274, 0.6344792099401498
0.37345586199135095, 0.6747095912240614
0.7167139975893629, 0.45033979898403054
0.42190754971769306, 0.6481998847022281
0.6648180044069523, 0.5178393895059787
0.9392489145441837, 0.6379789501962684
0.8291156812410359, 0.357817895538746
0.17883596785247569, 0.9049501809743262
0.8070688940074571, 0.36107641571299554
0.8457960409254169, 0.8838105470111525
0.5485764822999654, 0.8536494083272628
0.14474689410044694, 0.7574636454784001
0.5534487979078551, 0.40165651589783935
0.8832674749140876, 0.22840875017286866
0.6396805972615781, 0.99662841135817
0.6039312235563289, 0.9338026167058944
0.8061929475286316, 0.8246871146702004
0.027691871092952902, 0.3078699547245015
0.34571233216538133, 0.30758362328080247
0.6463009370335191, 0.9489534555171101
0.5867529013930025, 0.7816826451169154
0.8717572427782142, 0.7174477960897964
0.0010864294482760828, 0.3029102200863888
0.7998502382343549, 0.07486667357576571
0.712867037629909, 0.2566382695623617
0.5201936098931688, 0.13871458271551784
0.4214446501552104, 0.408101101361648
0.2569943126470312, 0.44690221616765546
0.16110303518130686, 0.10718376012764164
0.8095353175076194, 0.7592966390326826
0.23107015650661833, 0.7719122316335487
0.4351209023786776, 0.9224618371702678
0.42701354594674, 0.37200608381121836
0.6082778605238297, 0.8604042532664242
0.29526914691838835, 0.9880356158211123
0.8862441801306492, 0.11659624270271329
0.5334996424905764, 0.008368406715726362
0.3645985909420203, 0.6306826189048668
0.5015117103176707, 0.870796765942811
0.6528569957060377, 0.030009455128443885
0.7249253150547319, 0.780415903243421
0.751652198872088, 0.01893986933306102
0.1958335653172525, 0.08891549762278728
0.6512446773602031, 0.47009498021115026
0.9329848439743903, 0.962498426377237
0.020486644352586292, 0.2519542778844087
0.2125242813384456, 0.06338407240735566
0.04326415078022794, 0.4248061301808893
0.06790832356616394, 0.10791997466780567
0.1669526975146306, 0.14686130081085869
0.4604799853409184, 0.47010529777762244
0.6590769900608077, 0.37188911710072337
0.9381542526825989, 0.5033309405655267
0.1656567936254293, 0.44376511165349275
0.9978912848613058, 0.49529423190597976
0.14809103455637807, 0.9254618016216636
0.8488989030980619, 0.11895002971494706
0.1436797078455988, 0.1858049702979505
0.2951838730482117, 0.21674002421918015
0.45465215172550577, 0.08538146799154511
