1e-05
0.017719709621018098, 0.10431962264449768
0.017719709621018098, 0.10431962264449768
0.017719709621018098, 0.10431962264449768
0.017719709621018098, 0.10431962264449768
0.017719709621018098, 0.10431962264449768
0.017719709621018098, 0.10431962264449768
0.017719709621018098, 0.10431962264449768
0.017719709621018098, 0.10431962264449768
0.017719709621018098, 0.10431962264449768
0.017719709621018098, 0.10431962264449768
0.7259272217075319, 0.014965119091422507
0.7259272217075319, 0.014965119091422507
0.7259272217075319, 0.014965119091422507
0.7259272217075319, 0.014965119091422507
0.7259272217075319, 0.014965119091422507
0.7259272217075319, 0.014965119091422507
0.7259272217075319, 0.014965119091422507
0.7259272217075319, 0.014965119091422507
0.7259272217075319, 0.014965119091422507
0.7259272217075319, 0.014965119091422507
0.8332768146322738, 0.24305638647152183
0.8332768146322738, 0.24305638647152183
0.8332768146322738, 0.24305638647152183
0.8332768146322738, 0.24305638647152183
0.8332768146322738, 0.24305638647152183
0.8332768146322738, 0.24305638647152183
0.8332768146322738, 0.24305638647152183
0.8332768146322738, 0.24305638647152183
0.8332768146322738, 0.24305638647152183
0.8332768146322738, 0.24305638647152183
0.11750191106097307, 0.8472946284215055
0.11750191106097307, 0.8472946284215055
0.11750191106097307, 0.8472946284215055
0.11750191106097307, 0.8472946284215055
0.11750191106097307, 0.8472946284215055
0.11750191106097307, 0.8472946284215055
0.11750191106097307, 0.8472946284215055
0.11750191106097307, 0.8472946284215055
0.11750191106097307, 0.8472946284215055
0.11750191106097307, 0.8472946284215055
0.3643580654214946, 0.4108483588792631
0.3643580654214946, 0.4108483588792631
0.3643580654214946, 0.4108483588792631
0.3643580654214946, 0.4108483588792631
0.3643580654214946, 0.4108483588792631
0.3643580654214946, 0.4108483588792631
0.3643580654214946, 0.4108483588792631
0.3643580654214946, 0.4108483588792631
0.3643580654214946, 0.4108483588792631
0.3643580654214946, 0.4108483588792631
0.9995282535412534, 0.3509384115297529
0.9995282535412534, 0.3509384115297529
0.9995282535412534, 0.3509384115297529
0.9995282535412534, 0.3509384115297529
0.9995282535412534, 0.3509384115297529
0.9995282535412534, 0.3509384115297529
0.9995282535412534, 0.3509384115297529
0.9995282535412534, 0.3509384115297529
0.9995282535412534, 0.3509384115297529
0.9995282535412534, 0.3509384115297529
0.9484154164432496, 0.3041790949858114
0.9484154164432496, 0.3041790949858114
0.9484154164432496, 0.3041790949858114
0.9484154164432496, 0.3041790949858114
0.9484154164432496, 0.3041790949858114
0.9484154164432496, 0.3041790949858114
0.9484154164432496, 0.3041790949858114
0.9484154164432496, 0.3041790949858114
0.9484154164432496, 0.3041790949858114
0.9484154164432496, 0.3041790949858114
0.905803186824572, 0.05033278087807269
0.905803186824572, 0.05033278087807269
0.905803186824572, 0.05033278087807269
0.905803186824572, 0.05033278087807269
0.905803186824572, 0.05033278087807269
0.905803186824572, 0.05033278087807269
0.905803186824572, 0.05033278087807269
0.905803186824572, 0.05033278087807269
0.905803186824572, 0.05033278087807269
0.905803186824572, 0.05033278087807269
0.19453825013561465, 0.42044766169256753
0.19453825013561465, 0.42044766169256753
0.19453825013561465, 0.42044766169256753
0.19453825013561465, 0.42044766169256753
0.19453825013561465, 0.42044766169256753
0.19453825013561465, 0.42044766169256753
0.19453825013561465, 0.42044766169256753
0.19453825013561465, 0.42044766169256753
0.19453825013561465, 0.42044766169256753
0.19453825013561465, 0.42044766169256753
0.23254836516685595, 0.4575972530233996
0.23254836516685595, 0.4575972530233996
0.23254836516685595, 0.4575972530233996
0.23254836516685595, 0.4575972530233996
0.23254836516685595, 0.4575972530233996
0.23254836516685595, 0.4575972530233996
0.23254836516685595, 0.4575972530233996
0.23254836516685595, 0.4575972530233996
0.23254836516685595, 0.4575972530233996
0.23254836516685595, 0.4575972530233996
