1e-05
0.7431273156722129, 0.34637215464951043
0.7431273156722129, 0.34637215464951043
0.7431273156722129, 0.34637215464951043
0.7431273156722129, 0.34637215464951043
0.7431273156722129, 0.34637215464951043
0.7431273156722129, 0.34637215464951043
0.7431273156722129, 0.34637215464951043
0.7431273156722129, 0.34637215464951043
0.7431273156722129, 0.34637215464951043
0.7431273156722129, 0.34637215464951043
0.7158029689496667, 0.35045637091152193
0.7158029689496667, 0.35045637091152193
0.7158029689496667, 0.35045637091152193
0.7158029689496667, 0.35045637091152193
0.7158029689496667, 0.35045637091152193
0.7158029689496667, 0.35045637091152193
0.7158029689496667, 0.35045637091152193
0.7158029689496667, 0.35045637091152193
0.7158029689496667, 0.35045637091152193
0.7158029689496667, 0.35045637091152193
0.0188535688980207, 0.7459014338893025
0.0188535688980207, 0.7459014338893025
0.0188535688980207, 0.7459014338893025
0.0188535688980207, 0.7459014338893025
0.0188535688980207, 0.7459014338893025
0.0188535688980207, 0.7459014338893025
0.0188535688980207, 0.7459014338893025
0.0188535688980207, 0.7459014338893025
0.0188535688980207, 0.7459014338893025
0.0188535688980207, 0.7459014338893025
0.4686933922047751, 0.6881494449776033
0.4686933922047751, 0.6881494449776033
0.4686933922047751, 0.6881494449776033
0.4686933922047751, 0.6881494449776033
0.4686933922047751, 0.6881494449776033
0.4686933922047751, 0.6881494449776033
0.4686933922047751, 0.6881494449776033
0.4686933922047751, 0.6881494449776033
0.4686933922047751, 0.6881494449776033
0.4686933922047751, 0.6881494449776033
0.024764522241524922, 0.6251465125701807
0.024764522241524922, 0.6251465125701807
0.024764522241524922, 0.6251465125701807
0.024764522241524922, 0.6251465125701807
0.024764522241524922, 0.6251465125701807
0.024764522241524922, 0.6251465125701807
0.024764522241524922, 0.6251465125701807
0.024764522241524922, 0.6251465125701807
0.024764522241524922, 0.6251465125701807
0.024764522241524922, 0.6251465125701807
0.7148523786084181, 0.3450832065913131
0.7148523786084181, 0.3450832065913131
0.7148523786084181, 0.3450832065913131
0.7148523786084181, 0.3450832065913131
0.7148523786084181, 0.3450832065913131
0.7148523786084181, 0.3450832065913131
0.7148523786084181, 0.3450832065913131
0.7148523786084181, 0.3450832065913131
0.7148523786084181, 0.3450832065913131
0.7148523786084181, 0.3450832065913131
0.3504054233254361, 0.44629274672433916
0.3504054233254361, 0.44629274672433916
0.3504054233254361, 0.44629274672433916
0.3504054233254361, 0.44629274672433916
0.3504054233254361, 0.44629274672433916
0.3504054233254361, 0.44629274672433916
0.3504054233254361, 0.44629274672433916
0.3504054233254361, 0.44629274672433916
0.3504054233254361, 0.44629274672433916
0.3504054233254361, 0.44629274672433916
0.8372112636483398, 0.825144713072578
0.8372112636483398, 0.825144713072578
0.8372112636483398, 0.825144713072578
0.8372112636483398, 0.825144713072578
0.8372112636483398, 0.825144713072578
0.8372112636483398, 0.825144713072578
0.8372112636483398, 0.825144713072578
0.8372112636483398, 0.825144713072578
0.8372112636483398, 0.825144713072578
0.8372112636483398, 0.825144713072578
0.09612206648224564, 0.3662540310596121
0.09612206648224564, 0.3662540310596121
0.09612206648224564, 0.3662540310596121
0.09612206648224564, 0.3662540310596121
0.09612206648224564, 0.3662540310596121
0.09612206648224564, 0.3662540310596121
0.09612206648224564, 0.3662540310596121
0.09612206648224564, 0.3662540310596121
0.09612206648224564, 0.3662540310596121
0.09612206648224564, 0.3662540310596121
0.021562868157243842, 0.9900898180867233
0.021562868157243842, 0.9900898180867233
0.021562868157243842, 0.9900898180867233
0.021562868157243842, 0.9900898180867233
0.021562868157243842, 0.9900898180867233
0.021562868157243842, 0.9900898180867233
0.021562868157243842, 0.9900898180867233
0.021562868157243842, 0.9900898180867233
0.021562868157243842, 0.9900898180867233
0.021562868157243842, 0.9900898180867233
