1e-05
0.1178401400304655, 0.6734793017542562
0.1178401400304655, 0.6734793017542562
0.1178401400304655, 0.6734793017542562
0.1178401400304655, 0.6734793017542562
0.1178401400304655, 0.6734793017542562
0.1178401400304655, 0.6734793017542562
0.1178401400304655, 0.6734793017542562
0.1178401400304655, 0.6734793017542562
0.1178401400304655, 0.6734793017542562
0.1178401400304655, 0.6734793017542562
0.5830411178843933, 0.6562652184554653
0.5830411178843933, 0.6562652184554653
0.5830411178843933, 0.6562652184554653
0.5830411178843933, 0.6562652184554653
0.5830411178843933, 0.6562652184554653
0.5830411178843933, 0.6562652184554653
0.5830411178843933, 0.6562652184554653
0.5830411178843933, 0.6562652184554653
0.5830411178843933, 0.6562652184554653
0.5830411178843933, 0.6562652184554653
0.08594358635353161, 0.49392170666699076
0.08594358635353161, 0.49392170666699076
0.08594358635353161, 0.49392170666699076
0.08594358635353161, 0.49392170666699076
0.08594358635353161, 0.49392170666699076
0.08594358635353161, 0.49392170666699076
0.08594358635353161, 0.49392170666699076
0.08594358635353161, 0.49392170666699076
0.08594358635353161, 0.49392170666699076
0.08594358635353161, 0.49392170666699076
0.855636345092027, 0.7871520946001705
0.855636345092027, 0.7871520946001705
0.855636345092027, 0.7871520946001705
0.855636345092027, 0.7871520946001705
0.855636345092027, 0.7871520946001705
0.855636345092027, 0.7871520946001705
0.855636345092027, 0.7871520946001705
0.855636345092027, 0.7871520946001705
0.855636345092027, 0.7871520946001705
0.855636345092027, 0.7871520946001705
0.1612221877254284, 0.9798529776898983
0.1612221877254284, 0.9798529776898983
0.1612221877254284, 0.9798529776898983
0.1612221877254284, 0.9798529776898983
0.1612221877254284, 0.9798529776898983
0.1612221877254284, 0.9798529776898983
0.1612221877254284, 0.9798529776898983
0.1612221877254284, 0.9798529776898983
0.1612221877254284, 0.9798529776898983
0.1612221877254284, 0.9798529776898983
0.8439874257770655, 0.589771770626608
0.8439874257770655, 0.589771770626608
0.8439874257770655, 0.589771770626608
0.8439874257770655, 0.589771770626608
0.8439874257770655, 0.589771770626608
0.8439874257770655, 0.589771770626608
0.8439874257770655, 0.589771770626608
0.8439874257770655, 0.589771770626608
0.8439874257770655, 0.589771770626608
0.8439874257770655, 0.589771770626608
0.7614954683810916, 0.9099267614280153
0.7614954683810916, 0.9099267614280153
0.7614954683810916, 0.9099267614280153
0.7614954683810916, 0.9099267614280153
0.7614954683810916, 0.9099267614280153
0.7614954683810916, 0.9099267614280153
0.7614954683810916, 0.9099267614280153
0.7614954683810916, 0.9099267614280153
0.7614954683810916, 0.9099267614280153
0.7614954683810916, 0.9099267614280153
0.26668227058879246, 0.47318685516483516
0.26668227058879246, 0.47318685516483516
0.26668227058879246, 0.47318685516483516
0.26668227058879246, 0.47318685516483516
0.26668227058879246, 0.47318685516483516
0.26668227058879246, 0.47318685516483516
0.26668227058879246, 0.47318685516483516
0.26668227058879246, 0.47318685516483516
0.26668227058879246, 0.47318685516483516
0.26668227058879246, 0.47318685516483516
0.4478814173854382, 0.13128707055464106
0.4478814173854382, 0.13128707055464106
0.4478814173854382, 0.13128707055464106
0.4478814173854382, 0.13128707055464106
0.4478814173854382, 0.13128707055464106
0.4478814173854382, 0.13128707055464106
0.4478814173854382, 0.13128707055464106
0.4478814173854382, 0.13128707055464106
0.4478814173854382, 0.13128707055464106
0.4478814173854382, 0.13128707055464106
0.7072962054297163, 0.032435770408798636
0.7072962054297163, 0.032435770408798636
0.7072962054297163, 0.032435770408798636
0.7072962054297163, 0.032435770408798636
0.7072962054297163, 0.032435770408798636
0.7072962054297163, 0.032435770408798636
0.7072962054297163, 0.032435770408798636
0.7072962054297163, 0.032435770408798636
0.7072962054297163, 0.032435770408798636
0.7072962054297163, 0.032435770408798636
