1e-05
0.1365290910445599, 0.24078307041585967
0.1365290910445599, 0.24078307041585967
0.1365290910445599, 0.24078307041585967
0.1365290910445599, 0.24078307041585967
0.1365290910445599, 0.24078307041585967
0.1365290910445599, 0.24078307041585967
0.1365290910445599, 0.24078307041585967
0.1365290910445599, 0.24078307041585967
0.1365290910445599, 0.24078307041585967
0.1365290910445599, 0.24078307041585967
0.508134348404842, 0.7944394220017597
0.508134348404842, 0.7944394220017597
0.508134348404842, 0.7944394220017597
0.508134348404842, 0.7944394220017597
0.508134348404842, 0.7944394220017597
0.508134348404842, 0.7944394220017597
0.508134348404842, 0.7944394220017597
0.508134348404842, 0.7944394220017597
0.508134348404842, 0.7944394220017597
0.508134348404842, 0.7944394220017597
0.9971353557503521, 0.325290345409493
0.9971353557503521, 0.325290345409493
0.9971353557503521, 0.325290345409493
0.9971353557503521, 0.325290345409493
0.9971353557503521, 0.325290345409493
0.9971353557503521, 0.325290345409493
0.9971353557503521, 0.325290345409493
0.9971353557503521, 0.325290345409493
0.9971353557503521, 0.325290345409493
0.9971353557503521, 0.325290345409493
0.4942922420346846, 0.33773304431632944
0.4942922420346846, 0.33773304431632944
0.4942922420346846, 0.33773304431632944
0.4942922420346846, 0.33773304431632944
0.4942922420346846, 0.33773304431632944
0.4942922420346846, 0.33773304431632944
0.4942922420346846, 0.33773304431632944
0.4942922420346846, 0.33773304431632944
0.4942922420346846, 0.33773304431632944
0.4942922420346846, 0.33773304431632944
0.08921258536443799, 0.764677056504138
0.08921258536443799, 0.764677056504138
0.08921258536443799, 0.764677056504138
0.08921258536443799, 0.764677056504138
0.08921258536443799, 0.764677056504138
0.08921258536443799, 0.764677056504138
0.08921258536443799, 0.764677056504138
0.08921258536443799, 0.764677056504138
0.08921258536443799, 0.764677056504138
0.08921258536443799, 0.764677056504138
0.7043317184706765, 0.41961423316203716
0.7043317184706765, 0.41961423316203716
0.7043317184706765, 0.41961423316203716
0.7043317184706765, 0.41961423316203716
0.7043317184706765, 0.41961423316203716
0.7043317184706765, 0.41961423316203716
0.7043317184706765, 0.41961423316203716
0.7043317184706765, 0.41961423316203716
0.7043317184706765, 0.41961423316203716
0.7043317184706765, 0.41961423316203716
0.6837599922420102, 0.4086917007524936
0.6837599922420102, 0.4086917007524936
0.6837599922420102, 0.4086917007524936
0.6837599922420102, 0.4086917007524936
0.6837599922420102, 0.4086917007524936
0.6837599922420102, 0.4086917007524936
0.6837599922420102, 0.4086917007524936
0.6837599922420102, 0.4086917007524936
0.6837599922420102, 0.4086917007524936
0.6837599922420102, 0.4086917007524936
0.395425045922432, 0.7575273001120756
0.395425045922432, 0.7575273001120756
0.395425045922432, 0.7575273001120756
0.395425045922432, 0.7575273001120756
0.395425045922432, 0.7575273001120756
0.395425045922432, 0.7575273001120756
0.395425045922432, 0.7575273001120756
0.395425045922432, 0.7575273001120756
0.395425045922432, 0.7575273001120756
0.395425045922432, 0.7575273001120756
0.7986123549896401, 0.31985001621148357
0.7986123549896401, 0.31985001621148357
0.7986123549896401, 0.31985001621148357
0.7986123549896401, 0.31985001621148357
0.7986123549896401, 0.31985001621148357
0.7986123549896401, 0.31985001621148357
0.7986123549896401, 0.31985001621148357
0.7986123549896401, 0.31985001621148357
0.7986123549896401, 0.31985001621148357
0.7986123549896401, 0.31985001621148357
0.8046391283055289, 0.5670812327902395
0.8046391283055289, 0.5670812327902395
0.8046391283055289, 0.5670812327902395
0.8046391283055289, 0.5670812327902395
0.8046391283055289, 0.5670812327902395
0.8046391283055289, 0.5670812327902395
0.8046391283055289, 0.5670812327902395
0.8046391283055289, 0.5670812327902395
0.8046391283055289, 0.5670812327902395
0.8046391283055289, 0.5670812327902395
