1e-05
0.861431124638678, 0.8157729858949123
0.861431124638678, 0.8157729858949123
0.861431124638678, 0.8157729858949123
0.861431124638678, 0.8157729858949123
0.861431124638678, 0.8157729858949123
0.861431124638678, 0.8157729858949123
0.861431124638678, 0.8157729858949123
0.861431124638678, 0.8157729858949123
0.861431124638678, 0.8157729858949123
0.861431124638678, 0.8157729858949123
0.31789885515353256, 0.318085086098693
0.31789885515353256, 0.318085086098693
0.31789885515353256, 0.318085086098693
0.31789885515353256, 0.318085086098693
0.31789885515353256, 0.318085086098693
0.31789885515353256, 0.318085086098693
0.31789885515353256, 0.318085086098693
0.31789885515353256, 0.318085086098693
0.31789885515353256, 0.318085086098693
0.31789885515353256, 0.318085086098693
0.010695284800795068, 0.4014315904857262
0.010695284800795068, 0.4014315904857262
0.010695284800795068, 0.4014315904857262
0.010695284800795068, 0.4014315904857262
0.010695284800795068, 0.4014315904857262
0.010695284800795068, 0.4014315904857262
0.010695284800795068, 0.4014315904857262
0.010695284800795068, 0.4014315904857262
0.010695284800795068, 0.4014315904857262
0.010695284800795068, 0.4014315904857262
0.8472866733427521, 0.17830703146082583
0.8472866733427521, 0.17830703146082583
0.8472866733427521, 0.17830703146082583
0.8472866733427521, 0.17830703146082583
0.8472866733427521, 0.17830703146082583
0.8472866733427521, 0.17830703146082583
0.8472866733427521, 0.17830703146082583
0.8472866733427521, 0.17830703146082583
0.8472866733427521, 0.17830703146082583
0.8472866733427521, 0.17830703146082583
0.5619958528806673, 0.7966882448206661
0.5619958528806673, 0.7966882448206661
0.5619958528806673, 0.7966882448206661
0.5619958528806673, 0.7966882448206661
0.5619958528806673, 0.7966882448206661
0.5619958528806673, 0.7966882448206661
0.5619958528806673, 0.7966882448206661
0.5619958528806673, 0.7966882448206661
0.5619958528806673, 0.7966882448206661
0.5619958528806673, 0.7966882448206661
0.008149946211016834, 0.10515033753781411
0.008149946211016834, 0.10515033753781411
0.008149946211016834, 0.10515033753781411
0.008149946211016834, 0.10515033753781411
0.008149946211016834, 0.10515033753781411
0.008149946211016834, 0.10515033753781411
0.008149946211016834, 0.10515033753781411
0.008149946211016834, 0.10515033753781411
0.008149946211016834, 0.10515033753781411
0.008149946211016834, 0.10515033753781411
0.11557058545813315, 0.28977885577639084
0.11557058545813315, 0.28977885577639084
0.11557058545813315, 0.28977885577639084
0.11557058545813315, 0.28977885577639084
0.11557058545813315, 0.28977885577639084
0.11557058545813315, 0.28977885577639084
0.11557058545813315, 0.28977885577639084
0.11557058545813315, 0.28977885577639084
0.11557058545813315, 0.28977885577639084
0.11557058545813315, 0.28977885577639084
0.559414189268558, 0.7557237981474443
0.559414189268558, 0.7557237981474443
0.559414189268558, 0.7557237981474443
0.559414189268558, 0.7557237981474443
0.559414189268558, 0.7557237981474443
0.559414189268558, 0.7557237981474443
0.559414189268558, 0.7557237981474443
0.559414189268558, 0.7557237981474443
0.559414189268558, 0.7557237981474443
0.559414189268558, 0.7557237981474443
0.548594739968274, 0.887486922030746
0.548594739968274, 0.887486922030746
0.548594739968274, 0.887486922030746
0.548594739968274, 0.887486922030746
0.548594739968274, 0.887486922030746
0.548594739968274, 0.887486922030746
0.548594739968274, 0.887486922030746
0.548594739968274, 0.887486922030746
0.548594739968274, 0.887486922030746
0.548594739968274, 0.887486922030746
0.9694451238549925, 0.7128438359080845
0.9694451238549925, 0.7128438359080845
0.9694451238549925, 0.7128438359080845
0.9694451238549925, 0.7128438359080845
0.9694451238549925, 0.7128438359080845
0.9694451238549925, 0.7128438359080845
0.9694451238549925, 0.7128438359080845
0.9694451238549925, 0.7128438359080845
0.9694451238549925, 0.7128438359080845
0.9694451238549925, 0.7128438359080845
