1e-05
0.017938998074045975, 0.8699446909376573
0.017938998074045975, 0.8699446909376573
0.017938998074045975, 0.8699446909376573
0.017938998074045975, 0.8699446909376573
0.017938998074045975, 0.8699446909376573
0.017938998074045975, 0.8699446909376573
0.017938998074045975, 0.8699446909376573
0.017938998074045975, 0.8699446909376573
0.017938998074045975, 0.8699446909376573
0.017938998074045975, 0.8699446909376573
0.6607393947628919, 0.733143442296638
0.6607393947628919, 0.733143442296638
0.6607393947628919, 0.733143442296638
0.6607393947628919, 0.733143442296638
0.6607393947628919, 0.733143442296638
0.6607393947628919, 0.733143442296638
0.6607393947628919, 0.733143442296638
0.6607393947628919, 0.733143442296638
0.6607393947628919, 0.733143442296638
0.6607393947628919, 0.733143442296638
0.8018527946379939, 0.9934117840425652
0.8018527946379939, 0.9934117840425652
0.8018527946379939, 0.9934117840425652
0.8018527946379939, 0.9934117840425652
0.8018527946379939, 0.9934117840425652
0.8018527946379939, 0.9934117840425652
0.8018527946379939, 0.9934117840425652
0.8018527946379939, 0.9934117840425652
0.8018527946379939, 0.9934117840425652
0.8018527946379939, 0.9934117840425652
0.43306244147245676, 0.5244760163224709
0.43306244147245676, 0.5244760163224709
0.43306244147245676, 0.5244760163224709
0.43306244147245676, 0.5244760163224709
0.43306244147245676, 0.5244760163224709
0.43306244147245676, 0.5244760163224709
0.43306244147245676, 0.5244760163224709
0.43306244147245676, 0.5244760163224709
0.43306244147245676, 0.5244760163224709
0.43306244147245676, 0.5244760163224709
0.4774969276883899, 0.4921790684369415
0.4774969276883899, 0.4921790684369415
0.4774969276883899, 0.4921790684369415
0.4774969276883899, 0.4921790684369415
0.4774969276883899, 0.4921790684369415
0.4774969276883899, 0.4921790684369415
0.4774969276883899, 0.4921790684369415
0.4774969276883899, 0.4921790684369415
0.4774969276883899, 0.4921790684369415
0.4774969276883899, 0.4921790684369415
0.3460114921543441, 0.27008097320083724
0.3460114921543441, 0.27008097320083724
0.3460114921543441, 0.27008097320083724
0.3460114921543441, 0.27008097320083724
0.3460114921543441, 0.27008097320083724
0.3460114921543441, 0.27008097320083724
0.3460114921543441, 0.27008097320083724
0.3460114921543441, 0.27008097320083724
0.3460114921543441, 0.27008097320083724
0.3460114921543441, 0.27008097320083724
0.004388533997159549, 0.3677745991853375
0.004388533997159549, 0.3677745991853375
0.004388533997159549, 0.3677745991853375
0.004388533997159549, 0.3677745991853375
0.004388533997159549, 0.3677745991853375
0.004388533997159549, 0.3677745991853375
0.004388533997159549, 0.3677745991853375
0.004388533997159549, 0.3677745991853375
0.004388533997159549, 0.3677745991853375
0.004388533997159549, 0.3677745991853375
0.6251639010313241, 0.3586476549061103
0.6251639010313241, 0.3586476549061103
0.6251639010313241, 0.3586476549061103
0.6251639010313241, 0.3586476549061103
0.6251639010313241, 0.3586476549061103
0.6251639010313241, 0.3586476549061103
0.6251639010313241, 0.3586476549061103
0.6251639010313241, 0.3586476549061103
0.6251639010313241, 0.3586476549061103
0.6251639010313241, 0.3586476549061103
0.07305084379886118, 0.22664464816031749
0.07305084379886118, 0.22664464816031749
0.07305084379886118, 0.22664464816031749
0.07305084379886118, 0.22664464816031749
0.07305084379886118, 0.22664464816031749
0.07305084379886118, 0.22664464816031749
0.07305084379886118, 0.22664464816031749
0.07305084379886118, 0.22664464816031749
0.07305084379886118, 0.22664464816031749
0.07305084379886118, 0.22664464816031749
0.6684980254145262, 0.5538056364155999
0.6684980254145262, 0.5538056364155999
0.6684980254145262, 0.5538056364155999
0.6684980254145262, 0.5538056364155999
0.6684980254145262, 0.5538056364155999
0.6684980254145262, 0.5538056364155999
0.6684980254145262, 0.5538056364155999
0.6684980254145262, 0.5538056364155999
0.6684980254145262, 0.5538056364155999
0.6684980254145262, 0.5538056364155999
