1e-05
0.6659712287109673, 0.6811524804572666
0.5051193838768373, 0.4242276445819627
0.21649226664566212, 0.6449612664437383
0.5752496429629668, 0.7986706668336044
0.4410889380123395, 0.030070291018177486
0.06710948489677337, 0.8620591696353906
0.9940593485324085, 0.6264104785313022
0.32749423498608565, 0.45735586544244433
0.5076319091142725, 0.14059615949435533
0.9343022515087024, 0.4857393743472983
0.8348285646757739, 0.9174758844654896
0.3857459705846098, 0.4252812203042098
0.5780654923843467, 0.6518011271807327
0.842812283367268, 0.34300579622483895
0.03551435366216027, 0.5402410657236044
0.7972783954743472, 0.4737050818799713
0.6274138252825417, 0.09440724417753499
0.19925421126036014, 0.7540033388130378
0.31844243395933425, 0.8921958947048825
0.03785898290210277, 0.7372659943134314
0.37714854036721435, 0.43435849120366066
0.6119731846213692, 0.7573883706612364
0.49868517061118256, 0.3751208286410951
0.9285665424199596, 0.2164514870419869
0.22033757296988987, 0.1716755296698721
0.1661095675791774, 0.5300487816795959
0.8144601144077014, 0.29449675576535705
0.005212667106043178, 0.09160786678471478
0.6267646524312965, 0.9680149101606891
0.2797179169349159, 0.24997104460592579
0.22618499182529495, 0.852696601175519
0.6160311921906662, 0.8977330723901016
0.907240076584445, 0.3693372850132145
0.1716118060019063, 0.8419370355866623
0.1778997698699637, 0.41189566699599556
0.16850588503042385, 0.1319299144781656
0.2658392170471867, 0.2811510473623562
0.28289702235366065, 0.193508122204885
0.6878269676295948, 0.16082183288374063
0.9981877594709941, 0.5079727016760346
0.26597220380724385, 0.7952279569716706
0.6369343735186963, 0.3233501966938003
0.20457181294960014, 0.3046871629483854
0.4542886028798274, 0.8293947578610648
0.4209452050813052, 0.027701983544543896
0.8209757798796932, 0.6683407801144747
0.35271369679526443, 0.8716392664955905
0.6492454575357695, 0.008637505642231091
0.001169150944490216, 0.9427587083098138
0.4516201889952144, 0.7931572519391009
0.23316006544339596, 0.8098516533500403
0.42633536035940056, 0.8098989410597621
0.6515910644362091, 0.3915309417234045
0.9565956321770199, 0.6711097830857472
0.32947907276785693, 0.21698286733596395
0.9920051398537694, 0.10166494117652991
0.4341918861673615, 0.5845095264780098
0.6355424440833336, 0.7347856170927273
0.7915301791070704, 0.06068032024420145
0.00015525999606258445, 0.1382744846146614
0.5074438733660991, 0.06382950808254806
0.7404361078071772, 0.8361728025141109
0.859351131933208, 0.7892271374589815
0.28820250821027726, 0.8132333925849398
0.1775380505334072, 0.6281210571247547
0.0019610913161898225, 0.8545161044332771
0.6241656472112549, 0.07820017403911139
0.21548470432205336, 0.15773890792861256
0.2580930419732542, 0.7705767251567615
0.9328976639947126, 0.8431002863651912
0.6495558363637128, 0.4624629873336268
0.7231120647298291, 0.8128242073984568
0.8774125733352237, 0.8784701665505856
0.1219909664383465, 0.8976927550311603
0.8215524563999375, 0.6034370343878275
0.12084127296314173, 0.5255161198055642
0.22361573563109027, 0.07598443921621778
0.7793784885177737, 0.0898954010733426
0.9202071681395453, 0.10995213486812216
0.0683431751306155, 0.8058555425606092
0.18932032450191727, 0.3209595882111278
0.12693622942461802, 0.5748527259789384
0.06701594093111873, 0.6855259763008597
0.8740923384974059, 0.26131683839147946
0.06085847483037432, 0.5742937056708038
0.46478740667502316, 0.5456920066884607
0.8972290793882397, 0.6075942142618144
0.04334774572471145, 0.13120251341927958
0.9349938315099136, 0.37413661672960363
0.9366896765113072, 0.31136204232637776
0.8544321487000788, 0.7236161592325168
0.8335198207122821, 0.19977678408899857
0.15687565747615728, 0.2956421607677139
0.8436525723626931, 0.5962236658525192
0.3073650947610672, 0.0065499749653967765
0.19552872889054318, 0.1678475946556005
0.6212069666531221, 0.19595922200712257
0.6038335137312113, 0.6046725372613402
0.5001763713265026, 0.7642558825248698
0.2674973247293756, 0.12930562017476943
