1e-05
0.218037713788937, 0.38691497167901756
0.03675760069518563, 0.2734167508906026
0.23658157263280077, 0.1819593993888612
0.32369867272421293, 0.09939262927997283
0.5501924583126917, 0.37831409826578954
0.2429837657869509, 0.07075243452090418
0.2719272367932585, 0.7007777588695266
0.6088548955119776, 0.2361154964368798
0.7303434073324339, 0.497610412244453
0.7102005232465742, 0.05287218813081762
0.8630597422773071, 0.3147668121742988
0.36994988757942926, 0.5357494027293107
0.9347575345227249, 0.06810185452336526
0.13520242026326434, 0.9234778559684145
0.4458016420601697, 0.9511150273369023
0.5812319951668542, 0.9198629126909097
0.10564440327904823, 0.7158508786255819
0.5088437143834077, 0.2863575110407428
0.4371816992113917, 0.6362191448130344
0.4662670171457265, 0.16581999754352972
0.9665427243240213, 0.07929981782479623
0.6982188999730283, 0.04373129823670052
0.8223330744566805, 0.3782718760746
0.376151292629902, 0.9620445648942525
0.8685673567221308, 0.5776475875339914
0.728470774799136, 0.05969565724008896
0.5392182739336011, 0.6401510784351556
0.5410224165404054, 0.2920870621039703
0.5079328462886736, 0.46152480052457845
0.7214813905964974, 0.12791954731298683
0.8278471486846035, 0.8968108600075267
0.7745746675622642, 0.5303464825898924
0.4148327235806688, 0.8950435830525657
0.27222951823876984, 0.4359358934949087
0.28681867956036344, 0.019210102884307134
0.7753813345749379, 0.9993897872852487
0.5205110592516065, 0.7931098076811334
0.9706220417581534, 0.469457219659402
0.560219069748667, 0.6624365103486968
0.005677978083532986, 0.5078883823401928
0.8291498459206762, 0.6046488209210682
0.6788545167953848, 0.058453972317409786
0.8171253666125458, 0.7698768785405508
0.48789928849993935, 0.5086687441727856
0.2669336393733821, 0.16680725115157857
0.8572619456749756, 0.9906392769451383
0.7096488018960448, 0.5527175461138135
0.8301181127259103, 0.7888995668528715
0.668139151836594, 0.6943811675114856
0.6363961428210372, 0.053344690441927134
0.5111105409361044, 0.6559647859777425
0.5103628406937881, 0.21349483629671817
0.027488527880824898, 0.7642929939056119
0.3061990381838363, 0.3484190080059747
0.459390411105845, 0.801009742636035
0.9735749017473815, 0.9000964110928423
0.8990065902569678, 0.6383419380659383
0.6588530926123842, 0.4062494550575274
0.8555768355493252, 0.1572204374426568
0.12898783910693212, 0.9780211090048179
0.4722816814745183, 0.6282233185461293
0.9866781064167494, 0.6367026603246256
0.7881169043173157, 0.796878789752248
0.3846915510669482, 0.9179337747737132
0.3309705967786817, 0.27676338850726834
0.41726457445325826, 0.09754730333419626
0.17219034804539302, 0.8100125502270533
0.38621329690435635, 0.6590509866902621
0.8314957441515615, 0.06324231302238592
0.44516907213486, 0.4661724072337471
0.7645938307464345, 0.557740371511652
0.42622121326537477, 0.5891079319757906
0.5924191182332192, 0.14552481639582127
0.550658460689787, 0.002141919941047399
0.041815359852818146, 0.5160031828336807
0.16468524528532424, 0.14838819093904132
0.2529446321494665, 0.32429610905732054
0.9461460170187197, 0.704265931899741
0.0940143578511401, 0.275948204584718
0.6933576423328431, 0.7546896121905897
0.014129088619519115, 0.6694508238282979
0.30556902950804465, 0.2205672775835925
0.47882810882799265, 0.7556862245788614
0.055235458426836304, 0.0459064343913852
0.8220221850320636, 0.9690099428275343
0.8788292273162382, 0.3116877406668883
0.04934914091112397, 0.449911823251106
0.5248705371968815, 0.28620279865483045
0.208553137906469, 0.6724839365746299
0.9837891843400051, 0.4168357732482896
0.504989915103728, 0.01653942348067039
0.8671499937294339, 0.30795740038588004
0.20515756591518075, 0.1424214985477379
0.5682316138227236, 0.33928885751278626
0.08756447891321606, 0.84316622815095
0.8458375694969599, 0.9386813649972358
0.32988667168173225, 0.4980963461439125
0.8005856770598662, 0.02118344236511238
0.7194409719440172, 0.5761670808879606
0.3984340726537352, 0.6617853586927894
