0.1
0.44294421164421494, 0.8553979725450054
0.6953049550081375, 0.6511647443972102
0.276306707072035, 0.4446673984078302
0.6724347201706702, 0.2788593860912473
0.8121786848175736, 0.9311861520459072
0.63610152500511, 0.8518663385777472
0.07004660125359163, 0.6058287708331549
0.6656559856272434, 0.47696129860630754
0.5420934820995447, 0.5549040178869105
0.5085056980801993, 0.5007854927018673
0.11077425465118906, 0.9370440370398152
0.44431440173961967, 0.915837021446052
0.951875319420016, 0.28774735105366056
0.37166480357420173, 0.4717300413713146
0.5303761531410927, 0.12573450338505276
0.20915789736669466, 0.5227345786077867
0.04821074034959727, 0.37686470234164704
0.6988912020342626, 0.8501223726178943
0.7482252853212347, 0.8466658738404801
0.1139148740674395, 0.962933983268912
0.99660623857764, 0.09153649391815966
0.5905401778172996, 0.7163008258624108
0.059732321810646805, 0.13340928289002718
0.5358918274071874, 0.5515121825095639
0.6096077705601708, 0.4813186755952069
0.3318006255154343, 0.6232190383625422
0.7557498342985326, 0.0008947873445530607
0.14601329350777215, 0.7460828157377288
0.4947962057637536, 0.5975763922934251
0.8520702006350379, 0.03966489665092332
0.05575099127185168, 0.4010273482978467
0.8038149944438601, 0.02984361047572781
0.32786992683620997, 0.5061616101112222
0.6908399153188484, 0.35383210839624424
0.4770272263593073, 0.810588822617162
0.8456607986030161, 0.1710044911380879
0.6385502836175647, 0.3789136269723442
0.13476185133341712, 0.21481533340305892
0.6067647976537183, 0.73305018302178
0.8551088975972759, 0.5009975289022309
0.9567075962514963, 0.09089521654650456
0.43057446661690035, 0.40299543992423625
0.02464564258954638, 0.21607196398151152
0.586535339571538, 0.8721165889561567
0.17495873444628385, 0.5100643323901739
0.09879418927314754, 0.50223900755112
0.810630422421657, 0.6871905307747873
0.4329996323778459, 0.8540843538720351
0.028495432296672063, 0.6478600795016959
0.07868981445130996, 0.35580799198123425
0.2238708522188808, 0.19110684407359602
0.2515824545502028, 0.5509894849681535
0.7351625355230147, 0.3890823434506341
0.6775308577501702, 0.38136804671109503
0.8524618274816822, 0.9250108387064778
0.7898747430679685, 0.7915296526339277
0.8513291616619422, 0.2740710137210711
0.040189302383179526, 0.6189483325756592
0.7466577624119283, 0.9898366020746996
0.4721327529486187, 0.7484300923303675
0.7096754725983845, 0.8489160039489335
0.4966639706628939, 0.5698298486334055
0.7159207533926185, 0.9888346979090364
0.7135622369308098, 0.03199307241509908
0.6000338580993329, 0.10373130238743744
0.15204071334036384, 0.2856887736483077
0.3117821301179341, 0.7097669993074757
0.9618765283885914, 0.22007524499226894
0.29623063022800933, 0.14584054875627017
0.2469582570135973, 0.9229011527702005
0.3448055056769762, 0.7218288078615018
0.842733394519874, 0.38565950546344907
0.4722938401326331, 0.40311507675870184
0.5837809242407067, 0.42596260109726936
0.9352008203046465, 0.5375359568211945
0.9700233224696488, 0.5395660869748018
0.026484892168692875, 0.16414882013569332
0.18547316276693915, 0.6805100082087594
0.650766036929699, 0.7236976322217613
0.46145826051877836, 0.4432479299383746
0.6483420320706201, 0.75710419562994
0.029656457256409974, 0.05162341286249428
