1e-05
0.1698357205162726, 0.0926796281538933
0.1698357205162726, 0.0926796281538933
0.1698357205162726, 0.0926796281538933
0.1698357205162726, 0.0926796281538933
0.1698357205162726, 0.0926796281538933
0.1698357205162726, 0.0926796281538933
0.1698357205162726, 0.0926796281538933
0.1698357205162726, 0.0926796281538933
0.1698357205162726, 0.0926796281538933
0.1698357205162726, 0.0926796281538933
0.5105411182453059, 0.5810697752797954
0.5105411182453059, 0.5810697752797954
0.5105411182453059, 0.5810697752797954
0.5105411182453059, 0.5810697752797954
0.5105411182453059, 0.5810697752797954
0.5105411182453059, 0.5810697752797954
0.5105411182453059, 0.5810697752797954
0.5105411182453059, 0.5810697752797954
0.5105411182453059, 0.5810697752797954
0.5105411182453059, 0.5810697752797954
0.12902001947692043, 0.4401407791642429
0.12902001947692043, 0.4401407791642429
0.12902001947692043, 0.4401407791642429
0.12902001947692043, 0.4401407791642429
0.12902001947692043, 0.4401407791642429
0.12902001947692043, 0.4401407791642429
0.12902001947692043, 0.4401407791642429
0.12902001947692043, 0.4401407791642429
0.12902001947692043, 0.4401407791642429
0.12902001947692043, 0.4401407791642429
0.9050302526139928, 0.7706519461671969
0.9050302526139928, 0.7706519461671969
0.9050302526139928, 0.7706519461671969
0.9050302526139928, 0.7706519461671969
0.9050302526139928, 0.7706519461671969
0.9050302526139928, 0.7706519461671969
0.9050302526139928, 0.7706519461671969
0.9050302526139928, 0.7706519461671969
0.9050302526139928, 0.7706519461671969
0.9050302526139928, 0.7706519461671969
0.9135548009889335, 0.8793231146925077
0.9135548009889335, 0.8793231146925077
0.9135548009889335, 0.8793231146925077
0.9135548009889335, 0.8793231146925077
0.9135548009889335, 0.8793231146925077
0.9135548009889335, 0.8793231146925077
0.9135548009889335, 0.8793231146925077
0.9135548009889335, 0.8793231146925077
0.9135548009889335, 0.8793231146925077
0.9135548009889335, 0.8793231146925077
0.10268214369967177, 0.9832182886351702
0.10268214369967177, 0.9832182886351702
0.10268214369967177, 0.9832182886351702
0.10268214369967177, 0.9832182886351702
0.10268214369967177, 0.9832182886351702
0.10268214369967177, 0.9832182886351702
0.10268214369967177, 0.9832182886351702
0.10268214369967177, 0.9832182886351702
0.10268214369967177, 0.9832182886351702
0.10268214369967177, 0.9832182886351702
0.458637006966508, 0.521668681497682
0.458637006966508, 0.521668681497682
0.458637006966508, 0.521668681497682
0.458637006966508, 0.521668681497682
0.458637006966508, 0.521668681497682
0.458637006966508, 0.521668681497682
0.458637006966508, 0.521668681497682
0.458637006966508, 0.521668681497682
0.458637006966508, 0.521668681497682
0.458637006966508, 0.521668681497682
0.778043891344386, 0.8755055986313803
0.778043891344386, 0.8755055986313803
0.778043891344386, 0.8755055986313803
0.778043891344386, 0.8755055986313803
0.778043891344386, 0.8755055986313803
0.778043891344386, 0.8755055986313803
0.778043891344386, 0.8755055986313803
0.778043891344386, 0.8755055986313803
0.778043891344386, 0.8755055986313803
0.778043891344386, 0.8755055986313803
0.9233623899982004, 0.46208007853698474
0.9233623899982004, 0.46208007853698474
0.9233623899982004, 0.46208007853698474
0.9233623899982004, 0.46208007853698474
0.9233623899982004, 0.46208007853698474
0.9233623899982004, 0.46208007853698474
0.9233623899982004, 0.46208007853698474
0.9233623899982004, 0.46208007853698474
0.9233623899982004, 0.46208007853698474
0.9233623899982004, 0.46208007853698474
0.6312612916210443, 0.5351406529834506
0.6312612916210443, 0.5351406529834506
0.6312612916210443, 0.5351406529834506
0.6312612916210443, 0.5351406529834506
0.6312612916210443, 0.5351406529834506
0.6312612916210443, 0.5351406529834506
0.6312612916210443, 0.5351406529834506
0.6312612916210443, 0.5351406529834506
0.6312612916210443, 0.5351406529834506
0.6312612916210443, 0.5351406529834506
