1e-05
0.16252939283556245, 0.2421656664174966
0.16252939283556245, 0.2421656664174966
0.16252939283556245, 0.2421656664174966
0.16252939283556245, 0.2421656664174966
0.16252939283556245, 0.2421656664174966
0.16252939283556245, 0.2421656664174966
0.16252939283556245, 0.2421656664174966
0.16252939283556245, 0.2421656664174966
0.16252939283556245, 0.2421656664174966
0.16252939283556245, 0.2421656664174966
0.2354492368980744, 0.15939072634073204
0.2354492368980744, 0.15939072634073204
0.2354492368980744, 0.15939072634073204
0.2354492368980744, 0.15939072634073204
0.2354492368980744, 0.15939072634073204
0.2354492368980744, 0.15939072634073204
0.2354492368980744, 0.15939072634073204
0.2354492368980744, 0.15939072634073204
0.2354492368980744, 0.15939072634073204
0.2354492368980744, 0.15939072634073204
0.38524056999629563, 0.3955958169925481
0.38524056999629563, 0.3955958169925481
0.38524056999629563, 0.3955958169925481
0.38524056999629563, 0.3955958169925481
0.38524056999629563, 0.3955958169925481
0.38524056999629563, 0.3955958169925481
0.38524056999629563, 0.3955958169925481
0.38524056999629563, 0.3955958169925481
0.38524056999629563, 0.3955958169925481
0.38524056999629563, 0.3955958169925481
0.2779717358924232, 0.8571609485400252
0.2779717358924232, 0.8571609485400252
0.2779717358924232, 0.8571609485400252
0.2779717358924232, 0.8571609485400252
0.2779717358924232, 0.8571609485400252
0.2779717358924232, 0.8571609485400252
0.2779717358924232, 0.8571609485400252
0.2779717358924232, 0.8571609485400252
0.2779717358924232, 0.8571609485400252
0.2779717358924232, 0.8571609485400252
0.8898356380770577, 0.6212097468427558
0.8898356380770577, 0.6212097468427558
0.8898356380770577, 0.6212097468427558
0.8898356380770577, 0.6212097468427558
0.8898356380770577, 0.6212097468427558
0.8898356380770577, 0.6212097468427558
0.8898356380770577, 0.6212097468427558
0.8898356380770577, 0.6212097468427558
0.8898356380770577, 0.6212097468427558
0.8898356380770577, 0.6212097468427558
0.5004853675486681, 0.30591916099033434
0.5004853675486681, 0.30591916099033434
0.5004853675486681, 0.30591916099033434
0.5004853675486681, 0.30591916099033434
0.5004853675486681, 0.30591916099033434
0.5004853675486681, 0.30591916099033434
0.5004853675486681, 0.30591916099033434
0.5004853675486681, 0.30591916099033434
0.5004853675486681, 0.30591916099033434
0.5004853675486681, 0.30591916099033434
0.01762771294541976, 0.3947572904828308
0.01762771294541976, 0.3947572904828308
0.01762771294541976, 0.3947572904828308
0.01762771294541976, 0.3947572904828308
0.01762771294541976, 0.3947572904828308
0.01762771294541976, 0.3947572904828308
0.01762771294541976, 0.3947572904828308
0.01762771294541976, 0.3947572904828308
0.01762771294541976, 0.3947572904828308
0.01762771294541976, 0.3947572904828308
0.8928479668990009, 0.2846188324112622
0.8928479668990009, 0.2846188324112622
0.8928479668990009, 0.2846188324112622
0.8928479668990009, 0.2846188324112622
0.8928479668990009, 0.2846188324112622
0.8928479668990009, 0.2846188324112622
0.8928479668990009, 0.2846188324112622
0.8928479668990009, 0.2846188324112622
0.8928479668990009, 0.2846188324112622
0.8928479668990009, 0.2846188324112622
0.7961042022220692, 0.9515214429014262
0.7961042022220692, 0.9515214429014262
0.7961042022220692, 0.9515214429014262
0.7961042022220692, 0.9515214429014262
0.7961042022220692, 0.9515214429014262
0.7961042022220692, 0.9515214429014262
0.7961042022220692, 0.9515214429014262
0.7961042022220692, 0.9515214429014262
0.7961042022220692, 0.9515214429014262
0.7961042022220692, 0.9515214429014262
0.5297964154087591, 0.032225213291855015
0.5297964154087591, 0.032225213291855015
0.5297964154087591, 0.032225213291855015
0.5297964154087591, 0.032225213291855015
0.5297964154087591, 0.032225213291855015
0.5297964154087591, 0.032225213291855015
0.5297964154087591, 0.032225213291855015
0.5297964154087591, 0.032225213291855015
0.5297964154087591, 0.032225213291855015
0.5297964154087591, 0.032225213291855015
