1e-05
0.1692930593169073, 0.6704743191659903
0.1692930593169073, 0.6704743191659903
0.1692930593169073, 0.6704743191659903
0.1692930593169073, 0.6704743191659903
0.1692930593169073, 0.6704743191659903
0.1692930593169073, 0.6704743191659903
0.1692930593169073, 0.6704743191659903
0.1692930593169073, 0.6704743191659903
0.1692930593169073, 0.6704743191659903
0.1692930593169073, 0.6704743191659903
0.9166385924727521, 0.8015146276034537
0.9166385924727521, 0.8015146276034537
0.9166385924727521, 0.8015146276034537
0.9166385924727521, 0.8015146276034537
0.9166385924727521, 0.8015146276034537
0.9166385924727521, 0.8015146276034537
0.9166385924727521, 0.8015146276034537
0.9166385924727521, 0.8015146276034537
0.9166385924727521, 0.8015146276034537
0.9166385924727521, 0.8015146276034537
0.685411232043488, 0.07073698663707095
0.685411232043488, 0.07073698663707095
0.685411232043488, 0.07073698663707095
0.685411232043488, 0.07073698663707095
0.685411232043488, 0.07073698663707095
0.685411232043488, 0.07073698663707095
0.685411232043488, 0.07073698663707095
0.685411232043488, 0.07073698663707095
0.685411232043488, 0.07073698663707095
0.685411232043488, 0.07073698663707095
0.4015777733892356, 0.5791512049897314
0.4015777733892356, 0.5791512049897314
0.4015777733892356, 0.5791512049897314
0.4015777733892356, 0.5791512049897314
0.4015777733892356, 0.5791512049897314
0.4015777733892356, 0.5791512049897314
0.4015777733892356, 0.5791512049897314
0.4015777733892356, 0.5791512049897314
0.4015777733892356, 0.5791512049897314
0.4015777733892356, 0.5791512049897314
0.8510740477428812, 0.11246286314560971
0.8510740477428812, 0.11246286314560971
0.8510740477428812, 0.11246286314560971
0.8510740477428812, 0.11246286314560971
0.8510740477428812, 0.11246286314560971
0.8510740477428812, 0.11246286314560971
0.8510740477428812, 0.11246286314560971
0.8510740477428812, 0.11246286314560971
0.8510740477428812, 0.11246286314560971
0.8510740477428812, 0.11246286314560971
0.7813112033552705, 0.44993855731320065
0.7813112033552705, 0.44993855731320065
0.7813112033552705, 0.44993855731320065
0.7813112033552705, 0.44993855731320065
0.7813112033552705, 0.44993855731320065
0.7813112033552705, 0.44993855731320065
0.7813112033552705, 0.44993855731320065
0.7813112033552705, 0.44993855731320065
0.7813112033552705, 0.44993855731320065
0.7813112033552705, 0.44993855731320065
0.21743788076754555, 0.07431512282435848
0.21743788076754555, 0.07431512282435848
0.21743788076754555, 0.07431512282435848
0.21743788076754555, 0.07431512282435848
0.21743788076754555, 0.07431512282435848
0.21743788076754555, 0.07431512282435848
0.21743788076754555, 0.07431512282435848
0.21743788076754555, 0.07431512282435848
0.21743788076754555, 0.07431512282435848
0.21743788076754555, 0.07431512282435848
0.0018623478755739331, 0.09968009680707912
0.0018623478755739331, 0.09968009680707912
0.0018623478755739331, 0.09968009680707912
0.0018623478755739331, 0.09968009680707912
0.0018623478755739331, 0.09968009680707912
0.0018623478755739331, 0.09968009680707912
0.0018623478755739331, 0.09968009680707912
0.0018623478755739331, 0.09968009680707912
0.0018623478755739331, 0.09968009680707912
0.0018623478755739331, 0.09968009680707912
0.7228703029272736, 0.3747588710915051
0.7228703029272736, 0.3747588710915051
0.7228703029272736, 0.3747588710915051
0.7228703029272736, 0.3747588710915051
0.7228703029272736, 0.3747588710915051
0.7228703029272736, 0.3747588710915051
0.7228703029272736, 0.3747588710915051
0.7228703029272736, 0.3747588710915051
0.7228703029272736, 0.3747588710915051
0.7228703029272736, 0.3747588710915051
0.1161298965702664, 0.44456371948787843
0.1161298965702664, 0.44456371948787843
0.1161298965702664, 0.44456371948787843
0.1161298965702664, 0.44456371948787843
0.1161298965702664, 0.44456371948787843
0.1161298965702664, 0.44456371948787843
0.1161298965702664, 0.44456371948787843
0.1161298965702664, 0.44456371948787843
0.1161298965702664, 0.44456371948787843
0.1161298965702664, 0.44456371948787843
