1e-05
0.6087147546812232, 0.894776253113398
0.6087147546812232, 0.894776253113398
0.6087147546812232, 0.894776253113398
0.6087147546812232, 0.894776253113398
0.6087147546812232, 0.894776253113398
0.6087147546812232, 0.894776253113398
0.6087147546812232, 0.894776253113398
0.6087147546812232, 0.894776253113398
0.6087147546812232, 0.894776253113398
0.6087147546812232, 0.894776253113398
0.08311042749835029, 0.33447078970888555
0.08311042749835029, 0.33447078970888555
0.08311042749835029, 0.33447078970888555
0.08311042749835029, 0.33447078970888555
0.08311042749835029, 0.33447078970888555
0.08311042749835029, 0.33447078970888555
0.08311042749835029, 0.33447078970888555
0.08311042749835029, 0.33447078970888555
0.08311042749835029, 0.33447078970888555
0.08311042749835029, 0.33447078970888555
0.85346052777162, 0.24898400240804874
0.85346052777162, 0.24898400240804874
0.85346052777162, 0.24898400240804874
0.85346052777162, 0.24898400240804874
0.85346052777162, 0.24898400240804874
0.85346052777162, 0.24898400240804874
0.85346052777162, 0.24898400240804874
0.85346052777162, 0.24898400240804874
0.85346052777162, 0.24898400240804874
0.85346052777162, 0.24898400240804874
0.8512233804691206, 0.6519150027907114
0.8512233804691206, 0.6519150027907114
0.8512233804691206, 0.6519150027907114
0.8512233804691206, 0.6519150027907114
0.8512233804691206, 0.6519150027907114
0.8512233804691206, 0.6519150027907114
0.8512233804691206, 0.6519150027907114
0.8512233804691206, 0.6519150027907114
0.8512233804691206, 0.6519150027907114
0.8512233804691206, 0.6519150027907114
0.06167005874495968, 0.9451511421773185
0.06167005874495968, 0.9451511421773185
0.06167005874495968, 0.9451511421773185
0.06167005874495968, 0.9451511421773185
0.06167005874495968, 0.9451511421773185
0.06167005874495968, 0.9451511421773185
0.06167005874495968, 0.9451511421773185
0.06167005874495968, 0.9451511421773185
0.06167005874495968, 0.9451511421773185
0.06167005874495968, 0.9451511421773185
0.4317513104134191, 0.9323279790583588
0.4317513104134191, 0.9323279790583588
0.4317513104134191, 0.9323279790583588
0.4317513104134191, 0.9323279790583588
0.4317513104134191, 0.9323279790583588
0.4317513104134191, 0.9323279790583588
0.4317513104134191, 0.9323279790583588
0.4317513104134191, 0.9323279790583588
0.4317513104134191, 0.9323279790583588
0.4317513104134191, 0.9323279790583588
0.6413944867372423, 0.3254500433071895
0.6413944867372423, 0.3254500433071895
0.6413944867372423, 0.3254500433071895
0.6413944867372423, 0.3254500433071895
0.6413944867372423, 0.3254500433071895
0.6413944867372423, 0.3254500433071895
0.6413944867372423, 0.3254500433071895
0.6413944867372423, 0.3254500433071895
0.6413944867372423, 0.3254500433071895
0.6413944867372423, 0.3254500433071895
0.16518632144940126, 0.8282005765533731
0.16518632144940126, 0.8282005765533731
0.16518632144940126, 0.8282005765533731
0.16518632144940126, 0.8282005765533731
0.16518632144940126, 0.8282005765533731
0.16518632144940126, 0.8282005765533731
0.16518632144940126, 0.8282005765533731
0.16518632144940126, 0.8282005765533731
0.16518632144940126, 0.8282005765533731
0.16518632144940126, 0.8282005765533731
0.10848038067974464, 0.600571276830809
0.10848038067974464, 0.600571276830809
0.10848038067974464, 0.600571276830809
0.10848038067974464, 0.600571276830809
0.10848038067974464, 0.600571276830809
0.10848038067974464, 0.600571276830809
0.10848038067974464, 0.600571276830809
0.10848038067974464, 0.600571276830809
0.10848038067974464, 0.600571276830809
0.10848038067974464, 0.600571276830809
0.32714369198401017, 0.22792151356377344
0.32714369198401017, 0.22792151356377344
0.32714369198401017, 0.22792151356377344
0.32714369198401017, 0.22792151356377344
0.32714369198401017, 0.22792151356377344
0.32714369198401017, 0.22792151356377344
0.32714369198401017, 0.22792151356377344
0.32714369198401017, 0.22792151356377344
0.32714369198401017, 0.22792151356377344
0.32714369198401017, 0.22792151356377344
