0.001
0.4529258269083698, 0.47721911221275304
0.5933143656845852, 0.7329797665299858
0.9444321548265827, 0.3636016084631841
0.7545828557999416, 0.6075459671423097
0.32414756249576604, 0.20030945187700355
0.8486334262379668, 0.25732103558278285
0.022338254754597164, 0.6965584346877512
0.5713535616341179, 0.12171131955043701
0.48129058435494076, 0.9161779679808775
0.07094857360214568, 0.776886935038895
0.22839562009281145, 0.768293760281239
0.06308798123549297, 0.749622165060216
0.8968902262683107, 0.7135181995162062
0.7619511261532015, 0.7601868307974731
0.46435762697937033, 0.32988194074029753
0.08496956349767926, 0.8184189993461879
0.07422786638880341, 0.6163122668975612
