1e-05
0.5036572447379255, 0.5903660096484952
0.5036572447379255, 0.5903660096484952
0.5036572447379255, 0.5903660096484952
0.5036572447379255, 0.5903660096484952
0.5036572447379255, 0.5903660096484952
0.5036572447379255, 0.5903660096484952
0.5036572447379255, 0.5903660096484952
0.5036572447379255, 0.5903660096484952
0.5036572447379255, 0.5903660096484952
0.5036572447379255, 0.5903660096484952
0.20377542434740137, 0.8330286009209154
0.20377542434740137, 0.8330286009209154
0.20377542434740137, 0.8330286009209154
0.20377542434740137, 0.8330286009209154
0.20377542434740137, 0.8330286009209154
0.20377542434740137, 0.8330286009209154
0.20377542434740137, 0.8330286009209154
0.20377542434740137, 0.8330286009209154
0.20377542434740137, 0.8330286009209154
0.20377542434740137, 0.8330286009209154
0.45153267355631665, 0.6822072757267876
0.45153267355631665, 0.6822072757267876
0.45153267355631665, 0.6822072757267876
0.45153267355631665, 0.6822072757267876
0.45153267355631665, 0.6822072757267876
0.45153267355631665, 0.6822072757267876
0.45153267355631665, 0.6822072757267876
0.45153267355631665, 0.6822072757267876
0.45153267355631665, 0.6822072757267876
0.45153267355631665, 0.6822072757267876
0.8310676936333578, 0.918064078016449
0.8310676936333578, 0.918064078016449
0.8310676936333578, 0.918064078016449
0.8310676936333578, 0.918064078016449
0.8310676936333578, 0.918064078016449
0.8310676936333578, 0.918064078016449
0.8310676936333578, 0.918064078016449
0.8310676936333578, 0.918064078016449
0.8310676936333578, 0.918064078016449
0.8310676936333578, 0.918064078016449
0.8288078928097372, 0.8620226810053073
0.8288078928097372, 0.8620226810053073
0.8288078928097372, 0.8620226810053073
0.8288078928097372, 0.8620226810053073
0.8288078928097372, 0.8620226810053073
0.8288078928097372, 0.8620226810053073
0.8288078928097372, 0.8620226810053073
0.8288078928097372, 0.8620226810053073
0.8288078928097372, 0.8620226810053073
0.8288078928097372, 0.8620226810053073
0.018943379568078678, 0.816803005882654
0.018943379568078678, 0.816803005882654
0.018943379568078678, 0.816803005882654
0.018943379568078678, 0.816803005882654
0.018943379568078678, 0.816803005882654
0.018943379568078678, 0.816803005882654
0.018943379568078678, 0.816803005882654
0.018943379568078678, 0.816803005882654
0.018943379568078678, 0.816803005882654
0.018943379568078678, 0.816803005882654
0.4336984167796699, 0.6845973556095627
0.4336984167796699, 0.6845973556095627
0.4336984167796699, 0.6845973556095627
0.4336984167796699, 0.6845973556095627
0.4336984167796699, 0.6845973556095627
0.4336984167796699, 0.6845973556095627
0.4336984167796699, 0.6845973556095627
0.4336984167796699, 0.6845973556095627
0.4336984167796699, 0.6845973556095627
0.4336984167796699, 0.6845973556095627
0.16374226611776987, 0.7151415224144464
0.16374226611776987, 0.7151415224144464
0.16374226611776987, 0.7151415224144464
0.16374226611776987, 0.7151415224144464
0.16374226611776987, 0.7151415224144464
0.16374226611776987, 0.7151415224144464
0.16374226611776987, 0.7151415224144464
0.16374226611776987, 0.7151415224144464
0.16374226611776987, 0.7151415224144464
0.16374226611776987, 0.7151415224144464
0.9338436680229207, 0.8617512761568531
0.9338436680229207, 0.8617512761568531
0.9338436680229207, 0.8617512761568531
0.9338436680229207, 0.8617512761568531
0.9338436680229207, 0.8617512761568531
0.9338436680229207, 0.8617512761568531
0.9338436680229207, 0.8617512761568531
0.9338436680229207, 0.8617512761568531
0.9338436680229207, 0.8617512761568531
0.9338436680229207, 0.8617512761568531
0.10891799421365422, 0.11253847074384138
0.10891799421365422, 0.11253847074384138
0.10891799421365422, 0.11253847074384138
0.10891799421365422, 0.11253847074384138
0.10891799421365422, 0.11253847074384138
0.10891799421365422, 0.11253847074384138
0.10891799421365422, 0.11253847074384138
0.10891799421365422, 0.11253847074384138
0.10891799421365422, 0.11253847074384138
0.10891799421365422, 0.11253847074384138
