1e-05
0.3981199349233876, 0.361638801943024
0.3981199349233876, 0.361638801943024
0.3981199349233876, 0.361638801943024
0.3981199349233876, 0.361638801943024
0.3981199349233876, 0.361638801943024
0.3981199349233876, 0.361638801943024
0.3981199349233876, 0.361638801943024
0.3981199349233876, 0.361638801943024
0.3981199349233876, 0.361638801943024
0.3981199349233876, 0.361638801943024
0.5317560027032919, 0.8626160425601276
0.5317560027032919, 0.8626160425601276
0.5317560027032919, 0.8626160425601276
0.5317560027032919, 0.8626160425601276
0.5317560027032919, 0.8626160425601276
0.5317560027032919, 0.8626160425601276
0.5317560027032919, 0.8626160425601276
0.5317560027032919, 0.8626160425601276
0.5317560027032919, 0.8626160425601276
0.5317560027032919, 0.8626160425601276
0.9510514277678298, 0.3209467252450463
0.9510514277678298, 0.3209467252450463
0.9510514277678298, 0.3209467252450463
0.9510514277678298, 0.3209467252450463
0.9510514277678298, 0.3209467252450463
0.9510514277678298, 0.3209467252450463
0.9510514277678298, 0.3209467252450463
0.9510514277678298, 0.3209467252450463
0.9510514277678298, 0.3209467252450463
0.9510514277678298, 0.3209467252450463
0.011065665502370092, 0.2775172073874852
0.011065665502370092, 0.2775172073874852
0.011065665502370092, 0.2775172073874852
0.011065665502370092, 0.2775172073874852
0.011065665502370092, 0.2775172073874852
0.011065665502370092, 0.2775172073874852
0.011065665502370092, 0.2775172073874852
0.011065665502370092, 0.2775172073874852
0.011065665502370092, 0.2775172073874852
0.011065665502370092, 0.2775172073874852
0.00586614828858778, 0.5100982715453057
0.00586614828858778, 0.5100982715453057
0.00586614828858778, 0.5100982715453057
0.00586614828858778, 0.5100982715453057
0.00586614828858778, 0.5100982715453057
0.00586614828858778, 0.5100982715453057
0.00586614828858778, 0.5100982715453057
0.00586614828858778, 0.5100982715453057
0.00586614828858778, 0.5100982715453057
0.00586614828858778, 0.5100982715453057
0.2870110967168187, 0.6546579490971085
0.2870110967168187, 0.6546579490971085
0.2870110967168187, 0.6546579490971085
0.2870110967168187, 0.6546579490971085
0.2870110967168187, 0.6546579490971085
0.2870110967168187, 0.6546579490971085
0.2870110967168187, 0.6546579490971085
0.2870110967168187, 0.6546579490971085
0.2870110967168187, 0.6546579490971085
0.2870110967168187, 0.6546579490971085
0.9058635589501725, 0.8418710863469606
0.9058635589501725, 0.8418710863469606
0.9058635589501725, 0.8418710863469606
0.9058635589501725, 0.8418710863469606
0.9058635589501725, 0.8418710863469606
0.9058635589501725, 0.8418710863469606
0.9058635589501725, 0.8418710863469606
0.9058635589501725, 0.8418710863469606
0.9058635589501725, 0.8418710863469606
0.9058635589501725, 0.8418710863469606
0.941870173227869, 0.680410193194627
0.941870173227869, 0.680410193194627
0.941870173227869, 0.680410193194627
0.941870173227869, 0.680410193194627
0.941870173227869, 0.680410193194627
0.941870173227869, 0.680410193194627
0.941870173227869, 0.680410193194627
0.941870173227869, 0.680410193194627
0.941870173227869, 0.680410193194627
0.941870173227869, 0.680410193194627
0.6253426091056881, 0.20510526291608155
0.6253426091056881, 0.20510526291608155
0.6253426091056881, 0.20510526291608155
0.6253426091056881, 0.20510526291608155
0.6253426091056881, 0.20510526291608155
0.6253426091056881, 0.20510526291608155
0.6253426091056881, 0.20510526291608155
0.6253426091056881, 0.20510526291608155
0.6253426091056881, 0.20510526291608155
0.6253426091056881, 0.20510526291608155
0.12073470744241321, 0.06821385916647593
0.12073470744241321, 0.06821385916647593
0.12073470744241321, 0.06821385916647593
0.12073470744241321, 0.06821385916647593
0.12073470744241321, 0.06821385916647593
0.12073470744241321, 0.06821385916647593
0.12073470744241321, 0.06821385916647593
0.12073470744241321, 0.06821385916647593
0.12073470744241321, 0.06821385916647593
0.12073470744241321, 0.06821385916647593
