1e-05
0.4453825437881965, 0.43726859799518925
0.4453825437881965, 0.43726859799518925
0.4453825437881965, 0.43726859799518925
0.4453825437881965, 0.43726859799518925
0.4453825437881965, 0.43726859799518925
0.4453825437881965, 0.43726859799518925
0.4453825437881965, 0.43726859799518925
0.4453825437881965, 0.43726859799518925
0.4453825437881965, 0.43726859799518925
0.4453825437881965, 0.43726859799518925
0.8529791735831319, 0.2584521248945616
0.8529791735831319, 0.2584521248945616
0.8529791735831319, 0.2584521248945616
0.8529791735831319, 0.2584521248945616
0.8529791735831319, 0.2584521248945616
0.8529791735831319, 0.2584521248945616
0.8529791735831319, 0.2584521248945616
0.8529791735831319, 0.2584521248945616
0.8529791735831319, 0.2584521248945616
0.8529791735831319, 0.2584521248945616
0.07410605597963293, 0.7478839541465191
0.07410605597963293, 0.7478839541465191
0.07410605597963293, 0.7478839541465191
0.07410605597963293, 0.7478839541465191
0.07410605597963293, 0.7478839541465191
0.07410605597963293, 0.7478839541465191
0.07410605597963293, 0.7478839541465191
0.07410605597963293, 0.7478839541465191
0.07410605597963293, 0.7478839541465191
0.07410605597963293, 0.7478839541465191
0.4540831973004076, 0.05819570469576496
0.4540831973004076, 0.05819570469576496
0.4540831973004076, 0.05819570469576496
0.4540831973004076, 0.05819570469576496
0.4540831973004076, 0.05819570469576496
0.4540831973004076, 0.05819570469576496
0.4540831973004076, 0.05819570469576496
0.4540831973004076, 0.05819570469576496
0.4540831973004076, 0.05819570469576496
0.4540831973004076, 0.05819570469576496
0.037911279940021414, 0.9307630354184052
0.037911279940021414, 0.9307630354184052
0.037911279940021414, 0.9307630354184052
0.037911279940021414, 0.9307630354184052
0.037911279940021414, 0.9307630354184052
0.037911279940021414, 0.9307630354184052
0.037911279940021414, 0.9307630354184052
0.037911279940021414, 0.9307630354184052
0.037911279940021414, 0.9307630354184052
0.037911279940021414, 0.9307630354184052
0.7044414006959209, 0.7620654451612057
0.7044414006959209, 0.7620654451612057
0.7044414006959209, 0.7620654451612057
0.7044414006959209, 0.7620654451612057
0.7044414006959209, 0.7620654451612057
0.7044414006959209, 0.7620654451612057
0.7044414006959209, 0.7620654451612057
0.7044414006959209, 0.7620654451612057
0.7044414006959209, 0.7620654451612057
0.7044414006959209, 0.7620654451612057
0.09789746672087085, 0.8202451785556055
0.09789746672087085, 0.8202451785556055
0.09789746672087085, 0.8202451785556055
0.09789746672087085, 0.8202451785556055
0.09789746672087085, 0.8202451785556055
0.09789746672087085, 0.8202451785556055
0.09789746672087085, 0.8202451785556055
0.09789746672087085, 0.8202451785556055
0.09789746672087085, 0.8202451785556055
0.09789746672087085, 0.8202451785556055
0.553722030025157, 0.49840667823055096
0.553722030025157, 0.49840667823055096
0.553722030025157, 0.49840667823055096
0.553722030025157, 0.49840667823055096
0.553722030025157, 0.49840667823055096
0.553722030025157, 0.49840667823055096
0.553722030025157, 0.49840667823055096
0.553722030025157, 0.49840667823055096
0.553722030025157, 0.49840667823055096
0.553722030025157, 0.49840667823055096
0.3867466146989298, 0.7298493634463092
0.3867466146989298, 0.7298493634463092
0.3867466146989298, 0.7298493634463092
0.3867466146989298, 0.7298493634463092
0.3867466146989298, 0.7298493634463092
0.3867466146989298, 0.7298493634463092
0.3867466146989298, 0.7298493634463092
0.3867466146989298, 0.7298493634463092
0.3867466146989298, 0.7298493634463092
0.3867466146989298, 0.7298493634463092
0.8987237452921797, 0.7499924730689035
0.8987237452921797, 0.7499924730689035
0.8987237452921797, 0.7499924730689035
0.8987237452921797, 0.7499924730689035
0.8987237452921797, 0.7499924730689035
0.8987237452921797, 0.7499924730689035
0.8987237452921797, 0.7499924730689035
0.8987237452921797, 0.7499924730689035
0.8987237452921797, 0.7499924730689035
0.8987237452921797, 0.7499924730689035
