1e-05
0.8375829845789781, 0.3816717501416125
0.8375829845789781, 0.3816717501416125
0.8375829845789781, 0.3816717501416125
0.8375829845789781, 0.3816717501416125
0.8375829845789781, 0.3816717501416125
0.8375829845789781, 0.3816717501416125
0.8375829845789781, 0.3816717501416125
0.8375829845789781, 0.3816717501416125
0.8375829845789781, 0.3816717501416125
0.8375829845789781, 0.3816717501416125
0.8837641860482072, 0.23388318579387846
0.8837641860482072, 0.23388318579387846
0.8837641860482072, 0.23388318579387846
0.8837641860482072, 0.23388318579387846
0.8837641860482072, 0.23388318579387846
0.8837641860482072, 0.23388318579387846
0.8837641860482072, 0.23388318579387846
0.8837641860482072, 0.23388318579387846
0.8837641860482072, 0.23388318579387846
0.8837641860482072, 0.23388318579387846
0.6028928285308879, 0.06715049197832568
0.6028928285308879, 0.06715049197832568
0.6028928285308879, 0.06715049197832568
0.6028928285308879, 0.06715049197832568
0.6028928285308879, 0.06715049197832568
0.6028928285308879, 0.06715049197832568
0.6028928285308879, 0.06715049197832568
0.6028928285308879, 0.06715049197832568
0.6028928285308879, 0.06715049197832568
0.6028928285308879, 0.06715049197832568
0.8872266536547277, 0.49034652354547636
0.8872266536547277, 0.49034652354547636
0.8872266536547277, 0.49034652354547636
0.8872266536547277, 0.49034652354547636
0.8872266536547277, 0.49034652354547636
0.8872266536547277, 0.49034652354547636
0.8872266536547277, 0.49034652354547636
0.8872266536547277, 0.49034652354547636
0.8872266536547277, 0.49034652354547636
0.8872266536547277, 0.49034652354547636
0.07729672284114353, 0.1901211647337906
0.07729672284114353, 0.1901211647337906
0.07729672284114353, 0.1901211647337906
0.07729672284114353, 0.1901211647337906
0.07729672284114353, 0.1901211647337906
0.07729672284114353, 0.1901211647337906
0.07729672284114353, 0.1901211647337906
0.07729672284114353, 0.1901211647337906
0.07729672284114353, 0.1901211647337906
0.07729672284114353, 0.1901211647337906
0.05143863014494021, 0.6731972004224689
0.05143863014494021, 0.6731972004224689
0.05143863014494021, 0.6731972004224689
0.05143863014494021, 0.6731972004224689
0.05143863014494021, 0.6731972004224689
0.05143863014494021, 0.6731972004224689
0.05143863014494021, 0.6731972004224689
0.05143863014494021, 0.6731972004224689
0.05143863014494021, 0.6731972004224689
0.05143863014494021, 0.6731972004224689
0.5683291699894858, 0.5420395878198028
0.5683291699894858, 0.5420395878198028
0.5683291699894858, 0.5420395878198028
0.5683291699894858, 0.5420395878198028
0.5683291699894858, 0.5420395878198028
0.5683291699894858, 0.5420395878198028
0.5683291699894858, 0.5420395878198028
0.5683291699894858, 0.5420395878198028
0.5683291699894858, 0.5420395878198028
0.5683291699894858, 0.5420395878198028
0.8209923480141474, 0.03990219104323123
0.8209923480141474, 0.03990219104323123
0.8209923480141474, 0.03990219104323123
0.8209923480141474, 0.03990219104323123
0.8209923480141474, 0.03990219104323123
0.8209923480141474, 0.03990219104323123
0.8209923480141474, 0.03990219104323123
0.8209923480141474, 0.03990219104323123
0.8209923480141474, 0.03990219104323123
0.8209923480141474, 0.03990219104323123
0.078227875425532, 0.9008940835702243
0.078227875425532, 0.9008940835702243
0.078227875425532, 0.9008940835702243
0.078227875425532, 0.9008940835702243
0.078227875425532, 0.9008940835702243
0.078227875425532, 0.9008940835702243
0.078227875425532, 0.9008940835702243
0.078227875425532, 0.9008940835702243
0.078227875425532, 0.9008940835702243
0.078227875425532, 0.9008940835702243
0.7716954747497613, 0.3366306064484581
0.7716954747497613, 0.3366306064484581
0.7716954747497613, 0.3366306064484581
0.7716954747497613, 0.3366306064484581
0.7716954747497613, 0.3366306064484581
0.7716954747497613, 0.3366306064484581
0.7716954747497613, 0.3366306064484581
0.7716954747497613, 0.3366306064484581
0.7716954747497613, 0.3366306064484581
0.7716954747497613, 0.3366306064484581
