1e-05
0.45647060306483156, 0.21883289425302732
0.45647060306483156, 0.21883289425302732
0.45647060306483156, 0.21883289425302732
0.45647060306483156, 0.21883289425302732
0.45647060306483156, 0.21883289425302732
0.45647060306483156, 0.21883289425302732
0.45647060306483156, 0.21883289425302732
0.45647060306483156, 0.21883289425302732
0.45647060306483156, 0.21883289425302732
0.45647060306483156, 0.21883289425302732
0.3910450777521861, 0.5205276533733956
0.3910450777521861, 0.5205276533733956
0.3910450777521861, 0.5205276533733956
0.3910450777521861, 0.5205276533733956
0.3910450777521861, 0.5205276533733956
0.3910450777521861, 0.5205276533733956
0.3910450777521861, 0.5205276533733956
0.3910450777521861, 0.5205276533733956
0.3910450777521861, 0.5205276533733956
0.3910450777521861, 0.5205276533733956
0.4616106793167887, 0.7319309622777564
0.4616106793167887, 0.7319309622777564
0.4616106793167887, 0.7319309622777564
0.4616106793167887, 0.7319309622777564
0.4616106793167887, 0.7319309622777564
0.4616106793167887, 0.7319309622777564
0.4616106793167887, 0.7319309622777564
0.4616106793167887, 0.7319309622777564
0.4616106793167887, 0.7319309622777564
0.4616106793167887, 0.7319309622777564
0.5387829994448287, 0.642997319980509
0.5387829994448287, 0.642997319980509
0.5387829994448287, 0.642997319980509
0.5387829994448287, 0.642997319980509
0.5387829994448287, 0.642997319980509
0.5387829994448287, 0.642997319980509
0.5387829994448287, 0.642997319980509
0.5387829994448287, 0.642997319980509
0.5387829994448287, 0.642997319980509
0.5387829994448287, 0.642997319980509
0.9763746831858101, 0.1507797997937501
0.9763746831858101, 0.1507797997937501
0.9763746831858101, 0.1507797997937501
0.9763746831858101, 0.1507797997937501
0.9763746831858101, 0.1507797997937501
0.9763746831858101, 0.1507797997937501
0.9763746831858101, 0.1507797997937501
0.9763746831858101, 0.1507797997937501
0.9763746831858101, 0.1507797997937501
0.9763746831858101, 0.1507797997937501
0.8566587316825911, 0.27048333389560586
0.8566587316825911, 0.27048333389560586
0.8566587316825911, 0.27048333389560586
0.8566587316825911, 0.27048333389560586
0.8566587316825911, 0.27048333389560586
0.8566587316825911, 0.27048333389560586
0.8566587316825911, 0.27048333389560586
0.8566587316825911, 0.27048333389560586
0.8566587316825911, 0.27048333389560586
0.8566587316825911, 0.27048333389560586
0.7580176018533978, 0.3891155352930885
0.7580176018533978, 0.3891155352930885
0.7580176018533978, 0.3891155352930885
0.7580176018533978, 0.3891155352930885
0.7580176018533978, 0.3891155352930885
0.7580176018533978, 0.3891155352930885
0.7580176018533978, 0.3891155352930885
0.7580176018533978, 0.3891155352930885
0.7580176018533978, 0.3891155352930885
0.7580176018533978, 0.3891155352930885
0.4750068290502807, 0.774115392954439
0.4750068290502807, 0.774115392954439
0.4750068290502807, 0.774115392954439
0.4750068290502807, 0.774115392954439
0.4750068290502807, 0.774115392954439
0.4750068290502807, 0.774115392954439
0.4750068290502807, 0.774115392954439
0.4750068290502807, 0.774115392954439
0.4750068290502807, 0.774115392954439
0.4750068290502807, 0.774115392954439
0.5633637221887078, 0.2480988535211509
0.5633637221887078, 0.2480988535211509
0.5633637221887078, 0.2480988535211509
0.5633637221887078, 0.2480988535211509
0.5633637221887078, 0.2480988535211509
0.5633637221887078, 0.2480988535211509
0.5633637221887078, 0.2480988535211509
0.5633637221887078, 0.2480988535211509
0.5633637221887078, 0.2480988535211509
0.5633637221887078, 0.2480988535211509
0.1899895802974606, 0.19882923488314475
0.1899895802974606, 0.19882923488314475
0.1899895802974606, 0.19882923488314475
0.1899895802974606, 0.19882923488314475
0.1899895802974606, 0.19882923488314475
0.1899895802974606, 0.19882923488314475
0.1899895802974606, 0.19882923488314475
0.1899895802974606, 0.19882923488314475
0.1899895802974606, 0.19882923488314475
0.1899895802974606, 0.19882923488314475
