1e-05
0.6446745040732287, 0.917972778367202
0.6446745040732287, 0.917972778367202
0.6446745040732287, 0.917972778367202
0.6446745040732287, 0.917972778367202
0.6446745040732287, 0.917972778367202
0.6446745040732287, 0.917972778367202
0.6446745040732287, 0.917972778367202
0.6446745040732287, 0.917972778367202
0.6446745040732287, 0.917972778367202
0.6446745040732287, 0.917972778367202
0.07819456611522035, 0.8248797602751798
0.07819456611522035, 0.8248797602751798
0.07819456611522035, 0.8248797602751798
0.07819456611522035, 0.8248797602751798
0.07819456611522035, 0.8248797602751798
0.07819456611522035, 0.8248797602751798
0.07819456611522035, 0.8248797602751798
0.07819456611522035, 0.8248797602751798
0.07819456611522035, 0.8248797602751798
0.07819456611522035, 0.8248797602751798
0.24902432126749174, 0.6853807918698459
0.24902432126749174, 0.6853807918698459
0.24902432126749174, 0.6853807918698459
0.24902432126749174, 0.6853807918698459
0.24902432126749174, 0.6853807918698459
0.24902432126749174, 0.6853807918698459
0.24902432126749174, 0.6853807918698459
0.24902432126749174, 0.6853807918698459
0.24902432126749174, 0.6853807918698459
0.24902432126749174, 0.6853807918698459
0.03162013602175551, 0.44007606946951494
0.03162013602175551, 0.44007606946951494
0.03162013602175551, 0.44007606946951494
0.03162013602175551, 0.44007606946951494
0.03162013602175551, 0.44007606946951494
0.03162013602175551, 0.44007606946951494
0.03162013602175551, 0.44007606946951494
0.03162013602175551, 0.44007606946951494
0.03162013602175551, 0.44007606946951494
0.03162013602175551, 0.44007606946951494
0.1268220819655349, 0.19448510871795655
0.1268220819655349, 0.19448510871795655
0.1268220819655349, 0.19448510871795655
0.1268220819655349, 0.19448510871795655
0.1268220819655349, 0.19448510871795655
0.1268220819655349, 0.19448510871795655
0.1268220819655349, 0.19448510871795655
0.1268220819655349, 0.19448510871795655
0.1268220819655349, 0.19448510871795655
0.1268220819655349, 0.19448510871795655
0.1936173546302653, 0.3008949129533296
0.1936173546302653, 0.3008949129533296
0.1936173546302653, 0.3008949129533296
0.1936173546302653, 0.3008949129533296
0.1936173546302653, 0.3008949129533296
0.1936173546302653, 0.3008949129533296
0.1936173546302653, 0.3008949129533296
0.1936173546302653, 0.3008949129533296
0.1936173546302653, 0.3008949129533296
0.1936173546302653, 0.3008949129533296
0.27500562995376543, 0.16889893168062498
0.27500562995376543, 0.16889893168062498
0.27500562995376543, 0.16889893168062498
0.27500562995376543, 0.16889893168062498
0.27500562995376543, 0.16889893168062498
0.27500562995376543, 0.16889893168062498
0.27500562995376543, 0.16889893168062498
0.27500562995376543, 0.16889893168062498
0.27500562995376543, 0.16889893168062498
0.27500562995376543, 0.16889893168062498
0.909486261311648, 0.9411003934690576
0.909486261311648, 0.9411003934690576
0.909486261311648, 0.9411003934690576
0.909486261311648, 0.9411003934690576
0.909486261311648, 0.9411003934690576
0.909486261311648, 0.9411003934690576
0.909486261311648, 0.9411003934690576
0.909486261311648, 0.9411003934690576
0.909486261311648, 0.9411003934690576
0.909486261311648, 0.9411003934690576
0.7994901388452096, 0.8495756086237258
0.7994901388452096, 0.8495756086237258
0.7994901388452096, 0.8495756086237258
0.7994901388452096, 0.8495756086237258
0.7994901388452096, 0.8495756086237258
0.7994901388452096, 0.8495756086237258
0.7994901388452096, 0.8495756086237258
0.7994901388452096, 0.8495756086237258
0.7994901388452096, 0.8495756086237258
0.7994901388452096, 0.8495756086237258
0.2679986066785215, 0.01131803005420362
0.2679986066785215, 0.01131803005420362
0.2679986066785215, 0.01131803005420362
0.2679986066785215, 0.01131803005420362
0.2679986066785215, 0.01131803005420362
0.2679986066785215, 0.01131803005420362
0.2679986066785215, 0.01131803005420362
0.2679986066785215, 0.01131803005420362
0.2679986066785215, 0.01131803005420362
0.2679986066785215, 0.01131803005420362
