1e-05
0.8107249292642251, 0.0812995115941948
0.5399998495400292, 0.7518618538678231
0.29080725858306045, 0.22861549697551686
0.7491142618910415, 0.6424215805980923
0.7613136084551309, 0.0137503527541315
0.13443357145309687, 0.9928182253063564
0.2601804648238176, 0.5000360333190484
0.8095334799515622, 0.6111396887768523
0.6022734276954222, 0.5156001688085363
0.9851370710310934, 0.08322581550370878
0.5424996554334085, 0.6224366517748384
0.4510686857879359, 0.20574149433349997
0.4361977335387104, 0.5922068781300738
0.09921525125219588, 0.9685820289114357
0.5786856326268504, 0.6705077488688193
0.2822496321457453, 0.05006769770439268
0.29041046868758724, 0.7531455449523988
0.8124420299487809, 0.5056384863227231
0.2903744906412118, 0.8392473541584489
0.21430189334716154, 0.8723411784573879
0.6648608774476438, 0.2236330633721353
0.07999218146229492, 0.24798364127185668
0.07254223507960245, 0.994711361467417
0.7732528133498329, 0.23181779760402677
0.08547563878218023, 0.13684601720057155
0.047260054286994535, 0.3060597788430459
0.4660693395399653, 0.09456482885475337
0.3311276947385027, 0.08992411205492135
0.1945290251541011, 0.25877366116655276
0.46087063042707477, 0.6180550858119529
0.6025375001855321, 0.14976700707810764
0.3392182404522407, 0.41800555488359414
2.1534022735192337e-05, 0.31309398656255916
0.0917021472977092, 0.21966349577335187
0.3374347425053914, 0.16095114318322468
0.8289760315661009, 0.41034921007419645
0.06648534313078414, 0.7151560309739129
0.6697581959970492, 0.08445516893860394
0.608564639801067, 0.9831789592335902
0.3451268376502574, 0.8500756038966677
0.9179963251524295, 0.4173198910803101
0.028785663402252193, 0.44473055567439757
0.924608797192708, 0.08103322440864236
0.6966099521750417, 0.3348111447773563
0.112403966366181, 0.3417917455194185
0.22138648635200264, 0.5153404690440805
0.6217827479996386, 0.353276370492141
0.5713116931035161, 0.34281360993630405
0.07769855234073964, 0.33591001165969936
0.6572712742849773, 0.14162498880803287
0.6984538388224163, 0.0737786468817021
0.6160036339180048, 0.035119358966669845
0.5326796937195628, 0.8863622524994014
0.42231177506581097, 0.39322176438416945
0.3011737146983601, 0.5699507042381153
0.7690213729392705, 0.779259875550998
0.25468649161269996, 0.4446824560541299
0.19043248631774412, 0.980838307284742
0.5691638949584741, 0.743374923181826
0.009573464074666527, 0.28979661623924546
0.7667195512499307, 0.3000211825435696
0.8865215574869677, 0.94068661142665
0.8221137765553452, 0.9321639577537186
0.35250690462422307, 0.7645498092002649
0.9487333721157984, 0.9298700554982879
0.39460848367954804, 0.18466588650507787
0.8442876306138238, 0.5309947820853143
0.3390993744883486, 0.8997566978666208
0.32654585780776624, 0.7143438203946734
0.7747872185853589, 0.07526478067832121
0.23392337456852452, 0.36128660022614734
0.9880474434422728, 0.2686584761509533
0.32646296720678736, 0.9039146678559706
0.32377902564585415, 0.17547797481452687
0.6652781800339391, 0.04853004577673614
0.6835733948816538, 0.37516063650593556
0.7872774939527538, 0.37472022631706037
0.6291063589535011, 0.2501141034123594
0.4665283374066137, 0.8349865493370718
0.7326268939934856, 0.2232221490199865
0.8923027694946898, 0.2702241061487338
0.8802580256645243, 0.6220863701348824
0.38653463036869895, 0.49424157737852437
0.9254022404001042, 0.6190378371608359
0.5135864963509025, 0.9085864484946683
0.8829186504737853, 0.6083954776023843
0.2648508425608085, 0.9548509159006418
0.9216523957586986, 0.6671542871439688
0.7129497839342348, 0.978693740751389
0.7173075772501765, 0.20964695737408767
0.8141207650718058, 0.44185212585378875
0.7296832897118553, 0.9314458181111297
0.6515237837187614, 0.014006014975684544
0.04681565889257022, 0.9008792816701989
0.830700332758672, 0.7324252789300141
0.8157901440973822, 0.21033959825327975
0.2482068169512317, 0.679591039523189
0.5743730713864824, 0.2069060096109847
0.15364109537496018, 0.3091156379396348
0.5323503423605719, 0.0014863728576850477
