1e-05
0.3135757735521352, 0.40415202704540576
0.3135757735521352, 0.40415202704540576
0.3135757735521352, 0.40415202704540576
0.3135757735521352, 0.40415202704540576
0.3135757735521352, 0.40415202704540576
0.3135757735521352, 0.40415202704540576
0.3135757735521352, 0.40415202704540576
0.3135757735521352, 0.40415202704540576
0.3135757735521352, 0.40415202704540576
0.3135757735521352, 0.40415202704540576
0.7227268853235055, 0.5304542169151454
0.7227268853235055, 0.5304542169151454
0.7227268853235055, 0.5304542169151454
0.7227268853235055, 0.5304542169151454
0.7227268853235055, 0.5304542169151454
0.7227268853235055, 0.5304542169151454
0.7227268853235055, 0.5304542169151454
0.7227268853235055, 0.5304542169151454
0.7227268853235055, 0.5304542169151454
0.7227268853235055, 0.5304542169151454
0.5715993511969949, 0.4107002322064245
0.5715993511969949, 0.4107002322064245
0.5715993511969949, 0.4107002322064245
0.5715993511969949, 0.4107002322064245
0.5715993511969949, 0.4107002322064245
0.5715993511969949, 0.4107002322064245
0.5715993511969949, 0.4107002322064245
0.5715993511969949, 0.4107002322064245
0.5715993511969949, 0.4107002322064245
0.5715993511969949, 0.4107002322064245
0.5739591547959096, 0.7839827948369306
0.5739591547959096, 0.7839827948369306
0.5739591547959096, 0.7839827948369306
0.5739591547959096, 0.7839827948369306
0.5739591547959096, 0.7839827948369306
0.5739591547959096, 0.7839827948369306
0.5739591547959096, 0.7839827948369306
0.5739591547959096, 0.7839827948369306
0.5739591547959096, 0.7839827948369306
0.5739591547959096, 0.7839827948369306
0.11373480250615231, 0.8332424992825838
0.11373480250615231, 0.8332424992825838
0.11373480250615231, 0.8332424992825838
0.11373480250615231, 0.8332424992825838
0.11373480250615231, 0.8332424992825838
0.11373480250615231, 0.8332424992825838
0.11373480250615231, 0.8332424992825838
0.11373480250615231, 0.8332424992825838
0.11373480250615231, 0.8332424992825838
0.11373480250615231, 0.8332424992825838
0.005400060820066943, 0.24384208924968076
0.005400060820066943, 0.24384208924968076
0.005400060820066943, 0.24384208924968076
0.005400060820066943, 0.24384208924968076
0.005400060820066943, 0.24384208924968076
0.005400060820066943, 0.24384208924968076
0.005400060820066943, 0.24384208924968076
0.005400060820066943, 0.24384208924968076
0.005400060820066943, 0.24384208924968076
0.005400060820066943, 0.24384208924968076
0.5490979663670602, 0.5871591582022054
0.5490979663670602, 0.5871591582022054
0.5490979663670602, 0.5871591582022054
0.5490979663670602, 0.5871591582022054
0.5490979663670602, 0.5871591582022054
0.5490979663670602, 0.5871591582022054
0.5490979663670602, 0.5871591582022054
0.5490979663670602, 0.5871591582022054
0.5490979663670602, 0.5871591582022054
0.5490979663670602, 0.5871591582022054
0.5147740127677484, 0.34785253170564
0.5147740127677484, 0.34785253170564
0.5147740127677484, 0.34785253170564
0.5147740127677484, 0.34785253170564
0.5147740127677484, 0.34785253170564
0.5147740127677484, 0.34785253170564
0.5147740127677484, 0.34785253170564
0.5147740127677484, 0.34785253170564
0.5147740127677484, 0.34785253170564
0.5147740127677484, 0.34785253170564
0.8955025848127041, 0.817106503099056
0.8955025848127041, 0.817106503099056
0.8955025848127041, 0.817106503099056
0.8955025848127041, 0.817106503099056
0.8955025848127041, 0.817106503099056
0.8955025848127041, 0.817106503099056
0.8955025848127041, 0.817106503099056
0.8955025848127041, 0.817106503099056
0.8955025848127041, 0.817106503099056
0.8955025848127041, 0.817106503099056
0.7758878914713236, 0.7648576473745793
0.7758878914713236, 0.7648576473745793
0.7758878914713236, 0.7648576473745793
0.7758878914713236, 0.7648576473745793
0.7758878914713236, 0.7648576473745793
0.7758878914713236, 0.7648576473745793
0.7758878914713236, 0.7648576473745793
0.7758878914713236, 0.7648576473745793
0.7758878914713236, 0.7648576473745793
0.7758878914713236, 0.7648576473745793
