1e-05
0.9934973560204315, 0.947088724017556
0.9934973560204315, 0.947088724017556
0.9934973560204315, 0.947088724017556
0.9934973560204315, 0.947088724017556
0.9934973560204315, 0.947088724017556
0.9934973560204315, 0.947088724017556
0.9934973560204315, 0.947088724017556
0.9934973560204315, 0.947088724017556
0.9934973560204315, 0.947088724017556
0.9934973560204315, 0.947088724017556
0.4294386363909173, 0.7644493312086634
0.4294386363909173, 0.7644493312086634
0.4294386363909173, 0.7644493312086634
0.4294386363909173, 0.7644493312086634
0.4294386363909173, 0.7644493312086634
0.4294386363909173, 0.7644493312086634
0.4294386363909173, 0.7644493312086634
0.4294386363909173, 0.7644493312086634
0.4294386363909173, 0.7644493312086634
0.4294386363909173, 0.7644493312086634
0.26936010041367886, 0.8279522666745647
0.26936010041367886, 0.8279522666745647
0.26936010041367886, 0.8279522666745647
0.26936010041367886, 0.8279522666745647
0.26936010041367886, 0.8279522666745647
0.26936010041367886, 0.8279522666745647
0.26936010041367886, 0.8279522666745647
0.26936010041367886, 0.8279522666745647
0.26936010041367886, 0.8279522666745647
0.26936010041367886, 0.8279522666745647
0.2554982709051199, 0.9172551356254783
0.2554982709051199, 0.9172551356254783
0.2554982709051199, 0.9172551356254783
0.2554982709051199, 0.9172551356254783
0.2554982709051199, 0.9172551356254783
0.2554982709051199, 0.9172551356254783
0.2554982709051199, 0.9172551356254783
0.2554982709051199, 0.9172551356254783
0.2554982709051199, 0.9172551356254783
0.2554982709051199, 0.9172551356254783
0.57835105586321, 0.2761764880957641
0.57835105586321, 0.2761764880957641
0.57835105586321, 0.2761764880957641
0.57835105586321, 0.2761764880957641
0.57835105586321, 0.2761764880957641
0.57835105586321, 0.2761764880957641
0.57835105586321, 0.2761764880957641
0.57835105586321, 0.2761764880957641
0.57835105586321, 0.2761764880957641
0.57835105586321, 0.2761764880957641
0.18594336992021188, 0.8414566747595257
0.18594336992021188, 0.8414566747595257
0.18594336992021188, 0.8414566747595257
0.18594336992021188, 0.8414566747595257
0.18594336992021188, 0.8414566747595257
0.18594336992021188, 0.8414566747595257
0.18594336992021188, 0.8414566747595257
0.18594336992021188, 0.8414566747595257
0.18594336992021188, 0.8414566747595257
0.18594336992021188, 0.8414566747595257
0.9545929242495014, 0.5350095708911853
0.9545929242495014, 0.5350095708911853
0.9545929242495014, 0.5350095708911853
0.9545929242495014, 0.5350095708911853
0.9545929242495014, 0.5350095708911853
0.9545929242495014, 0.5350095708911853
0.9545929242495014, 0.5350095708911853
0.9545929242495014, 0.5350095708911853
0.9545929242495014, 0.5350095708911853
0.9545929242495014, 0.5350095708911853
0.9881312361075503, 0.2853685637455876
0.9881312361075503, 0.2853685637455876
0.9881312361075503, 0.2853685637455876
0.9881312361075503, 0.2853685637455876
0.9881312361075503, 0.2853685637455876
0.9881312361075503, 0.2853685637455876
0.9881312361075503, 0.2853685637455876
0.9881312361075503, 0.2853685637455876
0.9881312361075503, 0.2853685637455876
0.9881312361075503, 0.2853685637455876
0.6696778150172915, 0.9740305183211011
0.6696778150172915, 0.9740305183211011
0.6696778150172915, 0.9740305183211011
0.6696778150172915, 0.9740305183211011
0.6696778150172915, 0.9740305183211011
0.6696778150172915, 0.9740305183211011
0.6696778150172915, 0.9740305183211011
0.6696778150172915, 0.9740305183211011
0.6696778150172915, 0.9740305183211011
0.6696778150172915, 0.9740305183211011
0.8197773811492812, 0.15723732070456364
0.8197773811492812, 0.15723732070456364
0.8197773811492812, 0.15723732070456364
0.8197773811492812, 0.15723732070456364
0.8197773811492812, 0.15723732070456364
0.8197773811492812, 0.15723732070456364
0.8197773811492812, 0.15723732070456364
0.8197773811492812, 0.15723732070456364
0.8197773811492812, 0.15723732070456364
0.8197773811492812, 0.15723732070456364
