1e-05
0.2007118375140775, 0.11886114220239186
0.2007118375140775, 0.11886114220239186
0.2007118375140775, 0.11886114220239186
0.2007118375140775, 0.11886114220239186
0.2007118375140775, 0.11886114220239186
0.2007118375140775, 0.11886114220239186
0.2007118375140775, 0.11886114220239186
0.2007118375140775, 0.11886114220239186
0.2007118375140775, 0.11886114220239186
0.2007118375140775, 0.11886114220239186
0.39422181770440934, 0.9022235297084142
0.39422181770440934, 0.9022235297084142
0.39422181770440934, 0.9022235297084142
0.39422181770440934, 0.9022235297084142
0.39422181770440934, 0.9022235297084142
0.39422181770440934, 0.9022235297084142
0.39422181770440934, 0.9022235297084142
0.39422181770440934, 0.9022235297084142
0.39422181770440934, 0.9022235297084142
0.39422181770440934, 0.9022235297084142
0.1656719118311294, 0.012515953041677408
0.1656719118311294, 0.012515953041677408
0.1656719118311294, 0.012515953041677408
0.1656719118311294, 0.012515953041677408
0.1656719118311294, 0.012515953041677408
0.1656719118311294, 0.012515953041677408
0.1656719118311294, 0.012515953041677408
0.1656719118311294, 0.012515953041677408
0.1656719118311294, 0.012515953041677408
0.1656719118311294, 0.012515953041677408
0.6906624874586984, 0.11486930236238435
0.6906624874586984, 0.11486930236238435
0.6906624874586984, 0.11486930236238435
0.6906624874586984, 0.11486930236238435
0.6906624874586984, 0.11486930236238435
0.6906624874586984, 0.11486930236238435
0.6906624874586984, 0.11486930236238435
0.6906624874586984, 0.11486930236238435
0.6906624874586984, 0.11486930236238435
0.6906624874586984, 0.11486930236238435
0.8360633095813672, 0.3246849181836685
0.8360633095813672, 0.3246849181836685
0.8360633095813672, 0.3246849181836685
0.8360633095813672, 0.3246849181836685
0.8360633095813672, 0.3246849181836685
0.8360633095813672, 0.3246849181836685
0.8360633095813672, 0.3246849181836685
0.8360633095813672, 0.3246849181836685
0.8360633095813672, 0.3246849181836685
0.8360633095813672, 0.3246849181836685
0.7504272294730996, 0.5724535160447777
0.7504272294730996, 0.5724535160447777
0.7504272294730996, 0.5724535160447777
0.7504272294730996, 0.5724535160447777
0.7504272294730996, 0.5724535160447777
0.7504272294730996, 0.5724535160447777
0.7504272294730996, 0.5724535160447777
0.7504272294730996, 0.5724535160447777
0.7504272294730996, 0.5724535160447777
0.7504272294730996, 0.5724535160447777
0.1230540557188351, 0.844254258847907
0.1230540557188351, 0.844254258847907
0.1230540557188351, 0.844254258847907
0.1230540557188351, 0.844254258847907
0.1230540557188351, 0.844254258847907
0.1230540557188351, 0.844254258847907
0.1230540557188351, 0.844254258847907
0.1230540557188351, 0.844254258847907
0.1230540557188351, 0.844254258847907
0.1230540557188351, 0.844254258847907
0.5990733783311417, 0.19092827419713776
0.5990733783311417, 0.19092827419713776
0.5990733783311417, 0.19092827419713776
0.5990733783311417, 0.19092827419713776
0.5990733783311417, 0.19092827419713776
0.5990733783311417, 0.19092827419713776
0.5990733783311417, 0.19092827419713776
0.5990733783311417, 0.19092827419713776
0.5990733783311417, 0.19092827419713776
0.5990733783311417, 0.19092827419713776
0.7380246960954437, 0.8934553756823858
0.7380246960954437, 0.8934553756823858
0.7380246960954437, 0.8934553756823858
0.7380246960954437, 0.8934553756823858
0.7380246960954437, 0.8934553756823858
0.7380246960954437, 0.8934553756823858
0.7380246960954437, 0.8934553756823858
0.7380246960954437, 0.8934553756823858
0.7380246960954437, 0.8934553756823858
0.7380246960954437, 0.8934553756823858
0.20129418301628887, 0.3137224090428641
0.20129418301628887, 0.3137224090428641
0.20129418301628887, 0.3137224090428641
0.20129418301628887, 0.3137224090428641
0.20129418301628887, 0.3137224090428641
0.20129418301628887, 0.3137224090428641
0.20129418301628887, 0.3137224090428641
0.20129418301628887, 0.3137224090428641
0.20129418301628887, 0.3137224090428641
0.20129418301628887, 0.3137224090428641
