1e-05
0.032652378403048354, 0.5158056417368126
0.032652378403048354, 0.5158056417368126
0.032652378403048354, 0.5158056417368126
0.032652378403048354, 0.5158056417368126
0.032652378403048354, 0.5158056417368126
0.032652378403048354, 0.5158056417368126
0.032652378403048354, 0.5158056417368126
0.032652378403048354, 0.5158056417368126
0.032652378403048354, 0.5158056417368126
0.032652378403048354, 0.5158056417368126
0.8124386708470647, 0.196449581015108
0.8124386708470647, 0.196449581015108
0.8124386708470647, 0.196449581015108
0.8124386708470647, 0.196449581015108
0.8124386708470647, 0.196449581015108
0.8124386708470647, 0.196449581015108
0.8124386708470647, 0.196449581015108
0.8124386708470647, 0.196449581015108
0.8124386708470647, 0.196449581015108
0.8124386708470647, 0.196449581015108
0.03665464268998486, 0.8997550450881107
0.03665464268998486, 0.8997550450881107
0.03665464268998486, 0.8997550450881107
0.03665464268998486, 0.8997550450881107
0.03665464268998486, 0.8997550450881107
0.03665464268998486, 0.8997550450881107
0.03665464268998486, 0.8997550450881107
0.03665464268998486, 0.8997550450881107
0.03665464268998486, 0.8997550450881107
0.03665464268998486, 0.8997550450881107
0.4196911953155785, 0.9682561897324716
0.4196911953155785, 0.9682561897324716
0.4196911953155785, 0.9682561897324716
0.4196911953155785, 0.9682561897324716
0.4196911953155785, 0.9682561897324716
0.4196911953155785, 0.9682561897324716
0.4196911953155785, 0.9682561897324716
0.4196911953155785, 0.9682561897324716
0.4196911953155785, 0.9682561897324716
0.4196911953155785, 0.9682561897324716
0.7264040862168843, 0.5725363412136507
0.7264040862168843, 0.5725363412136507
0.7264040862168843, 0.5725363412136507
0.7264040862168843, 0.5725363412136507
0.7264040862168843, 0.5725363412136507
0.7264040862168843, 0.5725363412136507
0.7264040862168843, 0.5725363412136507
0.7264040862168843, 0.5725363412136507
0.7264040862168843, 0.5725363412136507
0.7264040862168843, 0.5725363412136507
0.5424717734599303, 0.2460367146613599
0.5424717734599303, 0.2460367146613599
0.5424717734599303, 0.2460367146613599
0.5424717734599303, 0.2460367146613599
0.5424717734599303, 0.2460367146613599
0.5424717734599303, 0.2460367146613599
0.5424717734599303, 0.2460367146613599
0.5424717734599303, 0.2460367146613599
0.5424717734599303, 0.2460367146613599
0.5424717734599303, 0.2460367146613599
0.1500752143309244, 0.41539562818718445
0.1500752143309244, 0.41539562818718445
0.1500752143309244, 0.41539562818718445
0.1500752143309244, 0.41539562818718445
0.1500752143309244, 0.41539562818718445
0.1500752143309244, 0.41539562818718445
0.1500752143309244, 0.41539562818718445
0.1500752143309244, 0.41539562818718445
0.1500752143309244, 0.41539562818718445
0.1500752143309244, 0.41539562818718445
0.9727959326889796, 0.2737115479933513
0.9727959326889796, 0.2737115479933513
0.9727959326889796, 0.2737115479933513
0.9727959326889796, 0.2737115479933513
0.9727959326889796, 0.2737115479933513
0.9727959326889796, 0.2737115479933513
0.9727959326889796, 0.2737115479933513
0.9727959326889796, 0.2737115479933513
0.9727959326889796, 0.2737115479933513
0.9727959326889796, 0.2737115479933513
0.36723222704581826, 0.9143175708737976
0.36723222704581826, 0.9143175708737976
0.36723222704581826, 0.9143175708737976
0.36723222704581826, 0.9143175708737976
0.36723222704581826, 0.9143175708737976
0.36723222704581826, 0.9143175708737976
0.36723222704581826, 0.9143175708737976
0.36723222704581826, 0.9143175708737976
0.36723222704581826, 0.9143175708737976
0.36723222704581826, 0.9143175708737976
0.050035896841233884, 0.3378690618893624
0.050035896841233884, 0.3378690618893624
0.050035896841233884, 0.3378690618893624
0.050035896841233884, 0.3378690618893624
0.050035896841233884, 0.3378690618893624
0.050035896841233884, 0.3378690618893624
0.050035896841233884, 0.3378690618893624
0.050035896841233884, 0.3378690618893624
0.050035896841233884, 0.3378690618893624
0.050035896841233884, 0.3378690618893624
