0.1
0.7074630525826556, 0.13109449589566347
0.3864544831501121, 0.33206085536297325
0.569472266358324, 0.12367814067513827
0.2684199349178431, 0.4274278500930875
0.6989817159144516, 0.3474570685081233
0.7245851938000939, 0.530624308227525
0.8049589318943728, 0.7707097012370225
0.9680593477146369, 0.4469920644344383
0.7240498155874031, 0.6427932098940555
0.9788112673838708, 0.007883369774188465
0.8688124920066427, 0.720803706216091
0.9870251492133538, 0.27838467212687645
0.0012380295831219135, 0.09335221955435746
0.4846423146882649, 0.7175226080201758
0.626190996612476, 0.26694155344687753
0.07970308783016744, 0.5950759002103573
0.047375131777034785, 0.43103592828885184
0.9428469325395042, 0.49003555206625937
0.8016182415272882, 0.5350499402741974
0.5080475357002086, 0.3741353947700726
0.4066127847702006, 0.19418549524263895
0.19318562490510693, 0.7048116605015603
0.8834365796186923, 0.10951708245203717
0.44177436896386213, 0.9739217986265544
0.2802579354950899, 0.6920872667983005
0.7521619362681855, 0.7218088692802815
0.08979998820025004, 0.794087685691043
0.5274994561946172, 0.9936201625190125
0.7146153171343286, 0.4828811826024587
0.48402553834692197, 0.06981133203428569
0.2987992657409202, 0.5309827117765383
0.3824336015004609, 0.883354150899315
0.28344750542937536, 0.23108404096373703
0.02876209620633008, 0.7893041220499882
0.4537181516591198, 0.20876996707868967
0.3519434105939677, 0.680807920075816
0.12887782633762057, 0.2485004064928905
0.6410732498146887, 0.026655042188045486
0.46154783261946997, 0.6974802928652662
0.274579836673682, 0.4886482758719376
0.5254710256594358, 0.740740287172501
0.09585923683909336, 0.382502356346607
0.17601542846260598, 0.686083787145442
0.6115112337606317, 0.09867175475336787
0.16862435078746962, 0.9074290722413719
0.6620301598971793, 0.45568343062421124
0.3322040040541383, 0.256318668831348
0.39321354613339077, 0.5252829138479204
0.6655258688088445, 0.9660176278377279
0.45195834121404843, 0.644551273623064
0.20154690771141692, 0.8245059034956255
0.7940165108031515, 0.36031040163063
0.851994774687015, 0.1701173746726785
0.6059782541844386, 0.7602039915760048
0.9791582610100028, 0.7130874985243753
0.9369300979424549, 0.2382878472767619
0.5713664619025126, 0.1262351164225246
0.26596686448995743, 0.9956442960400934
0.10006878317073276, 0.890405286110432
0.4193252024872487, 0.2879499703428522
0.5599750580144398, 0.2847644569666672
0.20867061283070532, 0.0070330354565707465
0.143844927530848, 0.7790918725019476
0.8236340368509965, 0.15576996403609356
0.07246090723756093, 0.9853881197260026
0.6003746907667324, 0.8667735429288584
0.20636953770659694, 0.5526824941236015
0.3108008430350224, 0.883094229145264
0.4248811911574344, 0.4664388895962589
0.47269593171157775, 0.6781432511226901
0.9199572395142935, 0.9479981954788868
0.9138188137862666, 0.45657356965652673
0.9129010820230359, 0.6059186579791785
0.9431449446471013, 0.8262812994881863
0.3123586008140442, 0.8952798512914062
0.9003129987939958, 0.6369935269818211
0.8368083287371882, 0.03926185171757379
0.579668283060156, 0.22795527575965369
0.5479865031121676, 0.4030838595647337
0.16248923280354355, 0.6815657762923935
0.49501697840306946, 0.533463873425374
0.765134806376525, 0.4000988673561081
