1e-05
0.2553350019868823, 0.726323304303214
0.2553350019868823, 0.726323304303214
0.2553350019868823, 0.726323304303214
0.2553350019868823, 0.726323304303214
0.2553350019868823, 0.726323304303214
0.2553350019868823, 0.726323304303214
0.2553350019868823, 0.726323304303214
0.2553350019868823, 0.726323304303214
0.2553350019868823, 0.726323304303214
0.2553350019868823, 0.726323304303214
0.7238526860173572, 0.524109134855099
0.7238526860173572, 0.524109134855099
0.7238526860173572, 0.524109134855099
0.7238526860173572, 0.524109134855099
0.7238526860173572, 0.524109134855099
0.7238526860173572, 0.524109134855099
0.7238526860173572, 0.524109134855099
0.7238526860173572, 0.524109134855099
0.7238526860173572, 0.524109134855099
0.7238526860173572, 0.524109134855099
0.530608211348209, 0.3684373837408841
0.530608211348209, 0.3684373837408841
0.530608211348209, 0.3684373837408841
0.530608211348209, 0.3684373837408841
0.530608211348209, 0.3684373837408841
0.530608211348209, 0.3684373837408841
0.530608211348209, 0.3684373837408841
0.530608211348209, 0.3684373837408841
0.530608211348209, 0.3684373837408841
0.530608211348209, 0.3684373837408841
0.478725746027034, 0.18754912523612932
0.478725746027034, 0.18754912523612932
0.478725746027034, 0.18754912523612932
0.478725746027034, 0.18754912523612932
0.478725746027034, 0.18754912523612932
0.478725746027034, 0.18754912523612932
0.478725746027034, 0.18754912523612932
0.478725746027034, 0.18754912523612932
0.478725746027034, 0.18754912523612932
0.478725746027034, 0.18754912523612932
0.29663261466760793, 0.6490942282484773
0.29663261466760793, 0.6490942282484773
0.29663261466760793, 0.6490942282484773
0.29663261466760793, 0.6490942282484773
0.29663261466760793, 0.6490942282484773
0.29663261466760793, 0.6490942282484773
0.29663261466760793, 0.6490942282484773
0.29663261466760793, 0.6490942282484773
0.29663261466760793, 0.6490942282484773
0.29663261466760793, 0.6490942282484773
0.8251237317404726, 0.8808449624828595
0.8251237317404726, 0.8808449624828595
0.8251237317404726, 0.8808449624828595
0.8251237317404726, 0.8808449624828595
0.8251237317404726, 0.8808449624828595
0.8251237317404726, 0.8808449624828595
0.8251237317404726, 0.8808449624828595
0.8251237317404726, 0.8808449624828595
0.8251237317404726, 0.8808449624828595
0.8251237317404726, 0.8808449624828595
0.6359034960721257, 0.6193433568821949
0.6359034960721257, 0.6193433568821949
0.6359034960721257, 0.6193433568821949
0.6359034960721257, 0.6193433568821949
0.6359034960721257, 0.6193433568821949
0.6359034960721257, 0.6193433568821949
0.6359034960721257, 0.6193433568821949
0.6359034960721257, 0.6193433568821949
0.6359034960721257, 0.6193433568821949
0.6359034960721257, 0.6193433568821949
0.7499758234278784, 0.39716222179260274
0.7499758234278784, 0.39716222179260274
0.7499758234278784, 0.39716222179260274
0.7499758234278784, 0.39716222179260274
0.7499758234278784, 0.39716222179260274
0.7499758234278784, 0.39716222179260274
0.7499758234278784, 0.39716222179260274
0.7499758234278784, 0.39716222179260274
0.7499758234278784, 0.39716222179260274
0.7499758234278784, 0.39716222179260274
0.3842744234874551, 0.6817949014721115
0.3842744234874551, 0.6817949014721115
0.3842744234874551, 0.6817949014721115
0.3842744234874551, 0.6817949014721115
0.3842744234874551, 0.6817949014721115
0.3842744234874551, 0.6817949014721115
0.3842744234874551, 0.6817949014721115
0.3842744234874551, 0.6817949014721115
0.3842744234874551, 0.6817949014721115
0.3842744234874551, 0.6817949014721115
0.3669478180192892, 0.8040012502254967
0.3669478180192892, 0.8040012502254967
0.3669478180192892, 0.8040012502254967
0.3669478180192892, 0.8040012502254967
0.3669478180192892, 0.8040012502254967
0.3669478180192892, 0.8040012502254967
0.3669478180192892, 0.8040012502254967
0.3669478180192892, 0.8040012502254967
0.3669478180192892, 0.8040012502254967
0.3669478180192892, 0.8040012502254967
