0.001
0.1610037772471915, 0.4752602673347328
0.9438982501068457, 0.7408537338070466
0.10452785422939836, 0.7247663584057644
0.11614398458130992, 0.9808359096007154
0.3234813304195826, 0.4975813364797236
0.030717958934025846, 0.22905592695555643
0.3743200451292107, 0.8670080070762671
0.9223264272323464, 0.03721556640018886
0.6454117170153576, 0.24907601135276025
0.593022983044139, 0.9426129439151977
0.35676399639912737, 0.2574168772937041
0.15768378086672785, 0.44733172508072827
0.9343471851386287, 0.7606697055950224
0.026389456152422608, 0.07015404666292546
0.40663019127335187, 0.8870213914419239
0.18196109996960774, 0.14106129968182302
0.15853740939909788, 0.5093320950389019
