1e-05
0.7023653046039648, 0.6669549170035413
0.7023653046039648, 0.6669549170035413
0.7023653046039648, 0.6669549170035413
0.7023653046039648, 0.6669549170035413
0.7023653046039648, 0.6669549170035413
0.7023653046039648, 0.6669549170035413
0.7023653046039648, 0.6669549170035413
0.7023653046039648, 0.6669549170035413
0.7023653046039648, 0.6669549170035413
0.7023653046039648, 0.6669549170035413
0.3989481869092183, 0.6253097449754383
0.3989481869092183, 0.6253097449754383
0.3989481869092183, 0.6253097449754383
0.3989481869092183, 0.6253097449754383
0.3989481869092183, 0.6253097449754383
0.3989481869092183, 0.6253097449754383
0.3989481869092183, 0.6253097449754383
0.3989481869092183, 0.6253097449754383
0.3989481869092183, 0.6253097449754383
0.3989481869092183, 0.6253097449754383
0.984711598450211, 0.970756195851687
0.984711598450211, 0.970756195851687
0.984711598450211, 0.970756195851687
0.984711598450211, 0.970756195851687
0.984711598450211, 0.970756195851687
0.984711598450211, 0.970756195851687
0.984711598450211, 0.970756195851687
0.984711598450211, 0.970756195851687
0.984711598450211, 0.970756195851687
0.984711598450211, 0.970756195851687
0.23128317035545276, 0.23567869788089757
0.23128317035545276, 0.23567869788089757
0.23128317035545276, 0.23567869788089757
0.23128317035545276, 0.23567869788089757
0.23128317035545276, 0.23567869788089757
0.23128317035545276, 0.23567869788089757
0.23128317035545276, 0.23567869788089757
0.23128317035545276, 0.23567869788089757
0.23128317035545276, 0.23567869788089757
0.23128317035545276, 0.23567869788089757
0.7552982088115316, 0.4935665714767501
0.7552982088115316, 0.4935665714767501
0.7552982088115316, 0.4935665714767501
0.7552982088115316, 0.4935665714767501
0.7552982088115316, 0.4935665714767501
0.7552982088115316, 0.4935665714767501
0.7552982088115316, 0.4935665714767501
0.7552982088115316, 0.4935665714767501
0.7552982088115316, 0.4935665714767501
0.7552982088115316, 0.4935665714767501
0.9953811679653518, 0.3160631364908
0.9953811679653518, 0.3160631364908
0.9953811679653518, 0.3160631364908
0.9953811679653518, 0.3160631364908
0.9953811679653518, 0.3160631364908
0.9953811679653518, 0.3160631364908
0.9953811679653518, 0.3160631364908
0.9953811679653518, 0.3160631364908
0.9953811679653518, 0.3160631364908
0.9953811679653518, 0.3160631364908
0.951767776924807, 0.9289866178580837
0.951767776924807, 0.9289866178580837
0.951767776924807, 0.9289866178580837
0.951767776924807, 0.9289866178580837
0.951767776924807, 0.9289866178580837
0.951767776924807, 0.9289866178580837
0.951767776924807, 0.9289866178580837
0.951767776924807, 0.9289866178580837
0.951767776924807, 0.9289866178580837
0.951767776924807, 0.9289866178580837
0.7753460415487908, 0.10433118252762663
0.7753460415487908, 0.10433118252762663
0.7753460415487908, 0.10433118252762663
0.7753460415487908, 0.10433118252762663
0.7753460415487908, 0.10433118252762663
0.7753460415487908, 0.10433118252762663
0.7753460415487908, 0.10433118252762663
0.7753460415487908, 0.10433118252762663
0.7753460415487908, 0.10433118252762663
0.7753460415487908, 0.10433118252762663
0.09687533064895981, 0.7204488545215425
0.09687533064895981, 0.7204488545215425
0.09687533064895981, 0.7204488545215425
0.09687533064895981, 0.7204488545215425
0.09687533064895981, 0.7204488545215425
0.09687533064895981, 0.7204488545215425
0.09687533064895981, 0.7204488545215425
0.09687533064895981, 0.7204488545215425
0.09687533064895981, 0.7204488545215425
0.09687533064895981, 0.7204488545215425
0.8179979899043348, 0.615332313512266
0.8179979899043348, 0.615332313512266
0.8179979899043348, 0.615332313512266
0.8179979899043348, 0.615332313512266
0.8179979899043348, 0.615332313512266
0.8179979899043348, 0.615332313512266
0.8179979899043348, 0.615332313512266
0.8179979899043348, 0.615332313512266
0.8179979899043348, 0.615332313512266
0.8179979899043348, 0.615332313512266
