1e-05
0.12841584394078853, 0.9233044795928874
0.12841584394078853, 0.9233044795928874
0.12841584394078853, 0.9233044795928874
0.12841584394078853, 0.9233044795928874
0.12841584394078853, 0.9233044795928874
0.12841584394078853, 0.9233044795928874
0.12841584394078853, 0.9233044795928874
0.12841584394078853, 0.9233044795928874
0.12841584394078853, 0.9233044795928874
0.12841584394078853, 0.9233044795928874
0.7628898548617243, 0.5215454590171482
0.7628898548617243, 0.5215454590171482
0.7628898548617243, 0.5215454590171482
0.7628898548617243, 0.5215454590171482
0.7628898548617243, 0.5215454590171482
0.7628898548617243, 0.5215454590171482
0.7628898548617243, 0.5215454590171482
0.7628898548617243, 0.5215454590171482
0.7628898548617243, 0.5215454590171482
0.7628898548617243, 0.5215454590171482
0.35228281762033875, 0.6550127139862126
0.35228281762033875, 0.6550127139862126
0.35228281762033875, 0.6550127139862126
0.35228281762033875, 0.6550127139862126
0.35228281762033875, 0.6550127139862126
0.35228281762033875, 0.6550127139862126
0.35228281762033875, 0.6550127139862126
0.35228281762033875, 0.6550127139862126
0.35228281762033875, 0.6550127139862126
0.35228281762033875, 0.6550127139862126
0.2531333206910539, 0.39770392362702145
0.2531333206910539, 0.39770392362702145
0.2531333206910539, 0.39770392362702145
0.2531333206910539, 0.39770392362702145
0.2531333206910539, 0.39770392362702145
0.2531333206910539, 0.39770392362702145
0.2531333206910539, 0.39770392362702145
0.2531333206910539, 0.39770392362702145
0.2531333206910539, 0.39770392362702145
0.2531333206910539, 0.39770392362702145
0.3804500285435308, 0.5651841022836896
0.3804500285435308, 0.5651841022836896
0.3804500285435308, 0.5651841022836896
0.3804500285435308, 0.5651841022836896
0.3804500285435308, 0.5651841022836896
0.3804500285435308, 0.5651841022836896
0.3804500285435308, 0.5651841022836896
0.3804500285435308, 0.5651841022836896
0.3804500285435308, 0.5651841022836896
0.3804500285435308, 0.5651841022836896
0.3550097349491075, 0.5193006259175623
0.3550097349491075, 0.5193006259175623
0.3550097349491075, 0.5193006259175623
0.3550097349491075, 0.5193006259175623
0.3550097349491075, 0.5193006259175623
0.3550097349491075, 0.5193006259175623
0.3550097349491075, 0.5193006259175623
0.3550097349491075, 0.5193006259175623
0.3550097349491075, 0.5193006259175623
0.3550097349491075, 0.5193006259175623
0.21626761686866058, 0.8411647679975431
0.21626761686866058, 0.8411647679975431
0.21626761686866058, 0.8411647679975431
0.21626761686866058, 0.8411647679975431
0.21626761686866058, 0.8411647679975431
0.21626761686866058, 0.8411647679975431
0.21626761686866058, 0.8411647679975431
0.21626761686866058, 0.8411647679975431
0.21626761686866058, 0.8411647679975431
0.21626761686866058, 0.8411647679975431
0.99083691217241, 0.03174403321892738
0.99083691217241, 0.03174403321892738
0.99083691217241, 0.03174403321892738
0.99083691217241, 0.03174403321892738
0.99083691217241, 0.03174403321892738
0.99083691217241, 0.03174403321892738
0.99083691217241, 0.03174403321892738
0.99083691217241, 0.03174403321892738
0.99083691217241, 0.03174403321892738
0.99083691217241, 0.03174403321892738
0.9659631238993002, 0.3615676830108485
0.9659631238993002, 0.3615676830108485
0.9659631238993002, 0.3615676830108485
0.9659631238993002, 0.3615676830108485
0.9659631238993002, 0.3615676830108485
0.9659631238993002, 0.3615676830108485
0.9659631238993002, 0.3615676830108485
0.9659631238993002, 0.3615676830108485
0.9659631238993002, 0.3615676830108485
0.9659631238993002, 0.3615676830108485
0.45731685644704734, 0.38084323143179444
0.45731685644704734, 0.38084323143179444
0.45731685644704734, 0.38084323143179444
0.45731685644704734, 0.38084323143179444
0.45731685644704734, 0.38084323143179444
0.45731685644704734, 0.38084323143179444
0.45731685644704734, 0.38084323143179444
0.45731685644704734, 0.38084323143179444
0.45731685644704734, 0.38084323143179444
0.45731685644704734, 0.38084323143179444
