1e-05
0.8989793211854281, 0.5227202903311323
0.8989793211854281, 0.5227202903311323
0.8989793211854281, 0.5227202903311323
0.8989793211854281, 0.5227202903311323
0.8989793211854281, 0.5227202903311323
0.8989793211854281, 0.5227202903311323
0.8989793211854281, 0.5227202903311323
0.8989793211854281, 0.5227202903311323
0.8989793211854281, 0.5227202903311323
0.8989793211854281, 0.5227202903311323
0.09199646402229689, 0.2815560088674064
0.09199646402229689, 0.2815560088674064
0.09199646402229689, 0.2815560088674064
0.09199646402229689, 0.2815560088674064
0.09199646402229689, 0.2815560088674064
0.09199646402229689, 0.2815560088674064
0.09199646402229689, 0.2815560088674064
0.09199646402229689, 0.2815560088674064
0.09199646402229689, 0.2815560088674064
0.09199646402229689, 0.2815560088674064
0.1827256704995608, 0.7318288139920337
0.1827256704995608, 0.7318288139920337
0.1827256704995608, 0.7318288139920337
0.1827256704995608, 0.7318288139920337
0.1827256704995608, 0.7318288139920337
0.1827256704995608, 0.7318288139920337
0.1827256704995608, 0.7318288139920337
0.1827256704995608, 0.7318288139920337
0.1827256704995608, 0.7318288139920337
0.1827256704995608, 0.7318288139920337
0.7151647748261684, 0.8556732441488822
0.7151647748261684, 0.8556732441488822
0.7151647748261684, 0.8556732441488822
0.7151647748261684, 0.8556732441488822
0.7151647748261684, 0.8556732441488822
0.7151647748261684, 0.8556732441488822
0.7151647748261684, 0.8556732441488822
0.7151647748261684, 0.8556732441488822
0.7151647748261684, 0.8556732441488822
0.7151647748261684, 0.8556732441488822
0.9563913760068743, 0.2637672353135142
0.9563913760068743, 0.2637672353135142
0.9563913760068743, 0.2637672353135142
0.9563913760068743, 0.2637672353135142
0.9563913760068743, 0.2637672353135142
0.9563913760068743, 0.2637672353135142
0.9563913760068743, 0.2637672353135142
0.9563913760068743, 0.2637672353135142
0.9563913760068743, 0.2637672353135142
0.9563913760068743, 0.2637672353135142
0.7718503986862404, 0.06540161043353354
0.7718503986862404, 0.06540161043353354
0.7718503986862404, 0.06540161043353354
0.7718503986862404, 0.06540161043353354
0.7718503986862404, 0.06540161043353354
0.7718503986862404, 0.06540161043353354
0.7718503986862404, 0.06540161043353354
0.7718503986862404, 0.06540161043353354
0.7718503986862404, 0.06540161043353354
0.7718503986862404, 0.06540161043353354
0.05704865928570513, 0.7393476069072956
0.05704865928570513, 0.7393476069072956
0.05704865928570513, 0.7393476069072956
0.05704865928570513, 0.7393476069072956
0.05704865928570513, 0.7393476069072956
0.05704865928570513, 0.7393476069072956
0.05704865928570513, 0.7393476069072956
0.05704865928570513, 0.7393476069072956
0.05704865928570513, 0.7393476069072956
0.05704865928570513, 0.7393476069072956
0.7316223906503992, 0.7793931290625633
0.7316223906503992, 0.7793931290625633
0.7316223906503992, 0.7793931290625633
0.7316223906503992, 0.7793931290625633
0.7316223906503992, 0.7793931290625633
0.7316223906503992, 0.7793931290625633
0.7316223906503992, 0.7793931290625633
0.7316223906503992, 0.7793931290625633
0.7316223906503992, 0.7793931290625633
0.7316223906503992, 0.7793931290625633
0.094545731633364, 0.6864652590261838
0.094545731633364, 0.6864652590261838
0.094545731633364, 0.6864652590261838
0.094545731633364, 0.6864652590261838
0.094545731633364, 0.6864652590261838
0.094545731633364, 0.6864652590261838
0.094545731633364, 0.6864652590261838
0.094545731633364, 0.6864652590261838
0.094545731633364, 0.6864652590261838
0.094545731633364, 0.6864652590261838
0.18048153179211834, 0.047545430405860234
0.18048153179211834, 0.047545430405860234
0.18048153179211834, 0.047545430405860234
0.18048153179211834, 0.047545430405860234
0.18048153179211834, 0.047545430405860234
0.18048153179211834, 0.047545430405860234
0.18048153179211834, 0.047545430405860234
0.18048153179211834, 0.047545430405860234
0.18048153179211834, 0.047545430405860234
0.18048153179211834, 0.047545430405860234
