1e-05
0.0826871240928635, 0.5938950669344778
0.0826871240928635, 0.5938950669344778
0.0826871240928635, 0.5938950669344778
0.0826871240928635, 0.5938950669344778
0.0826871240928635, 0.5938950669344778
0.0826871240928635, 0.5938950669344778
0.0826871240928635, 0.5938950669344778
0.0826871240928635, 0.5938950669344778
0.0826871240928635, 0.5938950669344778
0.0826871240928635, 0.5938950669344778
0.8094652183561213, 0.7036022259899222
0.8094652183561213, 0.7036022259899222
0.8094652183561213, 0.7036022259899222
0.8094652183561213, 0.7036022259899222
0.8094652183561213, 0.7036022259899222
0.8094652183561213, 0.7036022259899222
0.8094652183561213, 0.7036022259899222
0.8094652183561213, 0.7036022259899222
0.8094652183561213, 0.7036022259899222
0.8094652183561213, 0.7036022259899222
0.7346145383811679, 0.07599877025147705
0.7346145383811679, 0.07599877025147705
0.7346145383811679, 0.07599877025147705
0.7346145383811679, 0.07599877025147705
0.7346145383811679, 0.07599877025147705
0.7346145383811679, 0.07599877025147705
0.7346145383811679, 0.07599877025147705
0.7346145383811679, 0.07599877025147705
0.7346145383811679, 0.07599877025147705
0.7346145383811679, 0.07599877025147705
0.4605185007293533, 0.625816349420228
0.4605185007293533, 0.625816349420228
0.4605185007293533, 0.625816349420228
0.4605185007293533, 0.625816349420228
0.4605185007293533, 0.625816349420228
0.4605185007293533, 0.625816349420228
0.4605185007293533, 0.625816349420228
0.4605185007293533, 0.625816349420228
0.4605185007293533, 0.625816349420228
0.4605185007293533, 0.625816349420228
0.9246610960039369, 0.16399897421461485
0.9246610960039369, 0.16399897421461485
0.9246610960039369, 0.16399897421461485
0.9246610960039369, 0.16399897421461485
0.9246610960039369, 0.16399897421461485
0.9246610960039369, 0.16399897421461485
0.9246610960039369, 0.16399897421461485
0.9246610960039369, 0.16399897421461485
0.9246610960039369, 0.16399897421461485
0.9246610960039369, 0.16399897421461485
0.19469786576701675, 0.3179722171782069
0.19469786576701675, 0.3179722171782069
0.19469786576701675, 0.3179722171782069
0.19469786576701675, 0.3179722171782069
0.19469786576701675, 0.3179722171782069
0.19469786576701675, 0.3179722171782069
0.19469786576701675, 0.3179722171782069
0.19469786576701675, 0.3179722171782069
0.19469786576701675, 0.3179722171782069
0.19469786576701675, 0.3179722171782069
0.7939962238354387, 0.3392503365605969
0.7939962238354387, 0.3392503365605969
0.7939962238354387, 0.3392503365605969
0.7939962238354387, 0.3392503365605969
0.7939962238354387, 0.3392503365605969
0.7939962238354387, 0.3392503365605969
0.7939962238354387, 0.3392503365605969
0.7939962238354387, 0.3392503365605969
0.7939962238354387, 0.3392503365605969
0.7939962238354387, 0.3392503365605969
0.267539327754284, 0.24990125987119716
0.267539327754284, 0.24990125987119716
0.267539327754284, 0.24990125987119716
0.267539327754284, 0.24990125987119716
0.267539327754284, 0.24990125987119716
0.267539327754284, 0.24990125987119716
0.267539327754284, 0.24990125987119716
0.267539327754284, 0.24990125987119716
0.267539327754284, 0.24990125987119716
0.267539327754284, 0.24990125987119716
0.321320195689631, 0.0213469506954872
0.321320195689631, 0.0213469506954872
0.321320195689631, 0.0213469506954872
0.321320195689631, 0.0213469506954872
0.321320195689631, 0.0213469506954872
0.321320195689631, 0.0213469506954872
0.321320195689631, 0.0213469506954872
0.321320195689631, 0.0213469506954872
0.321320195689631, 0.0213469506954872
0.321320195689631, 0.0213469506954872
0.1784994829475346, 0.12973674903055066
0.1784994829475346, 0.12973674903055066
0.1784994829475346, 0.12973674903055066
0.1784994829475346, 0.12973674903055066
0.1784994829475346, 0.12973674903055066
0.1784994829475346, 0.12973674903055066
0.1784994829475346, 0.12973674903055066
0.1784994829475346, 0.12973674903055066
0.1784994829475346, 0.12973674903055066
0.1784994829475346, 0.12973674903055066
