1e-05
0.6562610203325581, 0.8064641411012439
0.6562610203325581, 0.8064641411012439
0.6562610203325581, 0.8064641411012439
0.6562610203325581, 0.8064641411012439
0.6562610203325581, 0.8064641411012439
0.6562610203325581, 0.8064641411012439
0.6562610203325581, 0.8064641411012439
0.6562610203325581, 0.8064641411012439
0.6562610203325581, 0.8064641411012439
0.6562610203325581, 0.8064641411012439
0.9181639867277182, 0.05697077806428996
0.9181639867277182, 0.05697077806428996
0.9181639867277182, 0.05697077806428996
0.9181639867277182, 0.05697077806428996
0.9181639867277182, 0.05697077806428996
0.9181639867277182, 0.05697077806428996
0.9181639867277182, 0.05697077806428996
0.9181639867277182, 0.05697077806428996
0.9181639867277182, 0.05697077806428996
0.9181639867277182, 0.05697077806428996
0.6358315540280745, 0.6136811163345063
0.6358315540280745, 0.6136811163345063
0.6358315540280745, 0.6136811163345063
0.6358315540280745, 0.6136811163345063
0.6358315540280745, 0.6136811163345063
0.6358315540280745, 0.6136811163345063
0.6358315540280745, 0.6136811163345063
0.6358315540280745, 0.6136811163345063
0.6358315540280745, 0.6136811163345063
0.6358315540280745, 0.6136811163345063
0.47977963737660156, 0.41501495814127065
0.47977963737660156, 0.41501495814127065
0.47977963737660156, 0.41501495814127065
0.47977963737660156, 0.41501495814127065
0.47977963737660156, 0.41501495814127065
0.47977963737660156, 0.41501495814127065
0.47977963737660156, 0.41501495814127065
0.47977963737660156, 0.41501495814127065
0.47977963737660156, 0.41501495814127065
0.47977963737660156, 0.41501495814127065
0.9361150829941144, 0.6279930747612227
0.9361150829941144, 0.6279930747612227
0.9361150829941144, 0.6279930747612227
0.9361150829941144, 0.6279930747612227
0.9361150829941144, 0.6279930747612227
0.9361150829941144, 0.6279930747612227
0.9361150829941144, 0.6279930747612227
0.9361150829941144, 0.6279930747612227
0.9361150829941144, 0.6279930747612227
0.9361150829941144, 0.6279930747612227
0.8624368627440822, 0.9597041829850292
0.8624368627440822, 0.9597041829850292
0.8624368627440822, 0.9597041829850292
0.8624368627440822, 0.9597041829850292
0.8624368627440822, 0.9597041829850292
0.8624368627440822, 0.9597041829850292
0.8624368627440822, 0.9597041829850292
0.8624368627440822, 0.9597041829850292
0.8624368627440822, 0.9597041829850292
0.8624368627440822, 0.9597041829850292
0.9501490825665305, 0.18260053719374258
0.9501490825665305, 0.18260053719374258
0.9501490825665305, 0.18260053719374258
0.9501490825665305, 0.18260053719374258
0.9501490825665305, 0.18260053719374258
0.9501490825665305, 0.18260053719374258
0.9501490825665305, 0.18260053719374258
0.9501490825665305, 0.18260053719374258
0.9501490825665305, 0.18260053719374258
0.9501490825665305, 0.18260053719374258
0.49873687829264846, 0.5662597501850387
0.49873687829264846, 0.5662597501850387
0.49873687829264846, 0.5662597501850387
0.49873687829264846, 0.5662597501850387
0.49873687829264846, 0.5662597501850387
0.49873687829264846, 0.5662597501850387
0.49873687829264846, 0.5662597501850387
0.49873687829264846, 0.5662597501850387
0.49873687829264846, 0.5662597501850387
0.49873687829264846, 0.5662597501850387
0.04503317220386038, 0.0680530533013024
0.04503317220386038, 0.0680530533013024
0.04503317220386038, 0.0680530533013024
0.04503317220386038, 0.0680530533013024
0.04503317220386038, 0.0680530533013024
0.04503317220386038, 0.0680530533013024
0.04503317220386038, 0.0680530533013024
0.04503317220386038, 0.0680530533013024
0.04503317220386038, 0.0680530533013024
0.04503317220386038, 0.0680530533013024
0.8549011847740873, 0.8064905579644518
0.8549011847740873, 0.8064905579644518
0.8549011847740873, 0.8064905579644518
0.8549011847740873, 0.8064905579644518
0.8549011847740873, 0.8064905579644518
0.8549011847740873, 0.8064905579644518
0.8549011847740873, 0.8064905579644518
0.8549011847740873, 0.8064905579644518
0.8549011847740873, 0.8064905579644518
0.8549011847740873, 0.8064905579644518
