1e-05
0.9192264345271471, 0.8911646137893885
0.9192264345271471, 0.8911646137893885
0.9192264345271471, 0.8911646137893885
0.9192264345271471, 0.8911646137893885
0.9192264345271471, 0.8911646137893885
0.9192264345271471, 0.8911646137893885
0.9192264345271471, 0.8911646137893885
0.9192264345271471, 0.8911646137893885
0.9192264345271471, 0.8911646137893885
0.9192264345271471, 0.8911646137893885
0.5709273375836661, 0.14143598521125067
0.5709273375836661, 0.14143598521125067
0.5709273375836661, 0.14143598521125067
0.5709273375836661, 0.14143598521125067
0.5709273375836661, 0.14143598521125067
0.5709273375836661, 0.14143598521125067
0.5709273375836661, 0.14143598521125067
0.5709273375836661, 0.14143598521125067
0.5709273375836661, 0.14143598521125067
0.5709273375836661, 0.14143598521125067
0.11209136768060668, 0.2614509678113619
0.11209136768060668, 0.2614509678113619
0.11209136768060668, 0.2614509678113619
0.11209136768060668, 0.2614509678113619
0.11209136768060668, 0.2614509678113619
0.11209136768060668, 0.2614509678113619
0.11209136768060668, 0.2614509678113619
0.11209136768060668, 0.2614509678113619
0.11209136768060668, 0.2614509678113619
0.11209136768060668, 0.2614509678113619
0.7785732141691317, 0.15794932387068883
0.7785732141691317, 0.15794932387068883
0.7785732141691317, 0.15794932387068883
0.7785732141691317, 0.15794932387068883
0.7785732141691317, 0.15794932387068883
0.7785732141691317, 0.15794932387068883
0.7785732141691317, 0.15794932387068883
0.7785732141691317, 0.15794932387068883
0.7785732141691317, 0.15794932387068883
0.7785732141691317, 0.15794932387068883
0.06386170018659432, 0.19833237348403387
0.06386170018659432, 0.19833237348403387
0.06386170018659432, 0.19833237348403387
0.06386170018659432, 0.19833237348403387
0.06386170018659432, 0.19833237348403387
0.06386170018659432, 0.19833237348403387
0.06386170018659432, 0.19833237348403387
0.06386170018659432, 0.19833237348403387
0.06386170018659432, 0.19833237348403387
0.06386170018659432, 0.19833237348403387
0.7531788264337645, 0.3240281703715677
0.7531788264337645, 0.3240281703715677
0.7531788264337645, 0.3240281703715677
0.7531788264337645, 0.3240281703715677
0.7531788264337645, 0.3240281703715677
0.7531788264337645, 0.3240281703715677
0.7531788264337645, 0.3240281703715677
0.7531788264337645, 0.3240281703715677
0.7531788264337645, 0.3240281703715677
0.7531788264337645, 0.3240281703715677
0.26524487608779035, 0.3989883464336933
0.26524487608779035, 0.3989883464336933
0.26524487608779035, 0.3989883464336933
0.26524487608779035, 0.3989883464336933
0.26524487608779035, 0.3989883464336933
0.26524487608779035, 0.3989883464336933
0.26524487608779035, 0.3989883464336933
0.26524487608779035, 0.3989883464336933
0.26524487608779035, 0.3989883464336933
0.26524487608779035, 0.3989883464336933
0.828065211470641, 0.5332475935536282
0.828065211470641, 0.5332475935536282
0.828065211470641, 0.5332475935536282
0.828065211470641, 0.5332475935536282
0.828065211470641, 0.5332475935536282
0.828065211470641, 0.5332475935536282
0.828065211470641, 0.5332475935536282
0.828065211470641, 0.5332475935536282
0.828065211470641, 0.5332475935536282
0.828065211470641, 0.5332475935536282
0.3178913619915418, 0.4107157281379369
0.3178913619915418, 0.4107157281379369
0.3178913619915418, 0.4107157281379369
0.3178913619915418, 0.4107157281379369
0.3178913619915418, 0.4107157281379369
0.3178913619915418, 0.4107157281379369
0.3178913619915418, 0.4107157281379369
0.3178913619915418, 0.4107157281379369
0.3178913619915418, 0.4107157281379369
0.3178913619915418, 0.4107157281379369
0.6683925814777711, 0.9482417402226109
0.6683925814777711, 0.9482417402226109
0.6683925814777711, 0.9482417402226109
0.6683925814777711, 0.9482417402226109
0.6683925814777711, 0.9482417402226109
0.6683925814777711, 0.9482417402226109
0.6683925814777711, 0.9482417402226109
0.6683925814777711, 0.9482417402226109
0.6683925814777711, 0.9482417402226109
0.6683925814777711, 0.9482417402226109
