1e-05
0.5770102302969395, 0.8330549085979756
0.5770102302969395, 0.8330549085979756
0.5770102302969395, 0.8330549085979756
0.5770102302969395, 0.8330549085979756
0.5770102302969395, 0.8330549085979756
0.5770102302969395, 0.8330549085979756
0.5770102302969395, 0.8330549085979756
0.5770102302969395, 0.8330549085979756
0.5770102302969395, 0.8330549085979756
0.5770102302969395, 0.8330549085979756
0.5423344330974929, 0.523245015026015
0.5423344330974929, 0.523245015026015
0.5423344330974929, 0.523245015026015
0.5423344330974929, 0.523245015026015
0.5423344330974929, 0.523245015026015
0.5423344330974929, 0.523245015026015
0.5423344330974929, 0.523245015026015
0.5423344330974929, 0.523245015026015
0.5423344330974929, 0.523245015026015
0.5423344330974929, 0.523245015026015
0.07801765563877139, 0.5203175483203806
0.07801765563877139, 0.5203175483203806
0.07801765563877139, 0.5203175483203806
0.07801765563877139, 0.5203175483203806
0.07801765563877139, 0.5203175483203806
0.07801765563877139, 0.5203175483203806
0.07801765563877139, 0.5203175483203806
0.07801765563877139, 0.5203175483203806
0.07801765563877139, 0.5203175483203806
0.07801765563877139, 0.5203175483203806
0.8002127763655827, 0.1388798904774784
0.8002127763655827, 0.1388798904774784
0.8002127763655827, 0.1388798904774784
0.8002127763655827, 0.1388798904774784
0.8002127763655827, 0.1388798904774784
0.8002127763655827, 0.1388798904774784
0.8002127763655827, 0.1388798904774784
0.8002127763655827, 0.1388798904774784
0.8002127763655827, 0.1388798904774784
0.8002127763655827, 0.1388798904774784
0.43434287656011594, 0.03938384895692715
0.43434287656011594, 0.03938384895692715
0.43434287656011594, 0.03938384895692715
0.43434287656011594, 0.03938384895692715
0.43434287656011594, 0.03938384895692715
0.43434287656011594, 0.03938384895692715
0.43434287656011594, 0.03938384895692715
0.43434287656011594, 0.03938384895692715
0.43434287656011594, 0.03938384895692715
0.43434287656011594, 0.03938384895692715
0.05076477291403003, 0.9619418866381112
0.05076477291403003, 0.9619418866381112
0.05076477291403003, 0.9619418866381112
0.05076477291403003, 0.9619418866381112
0.05076477291403003, 0.9619418866381112
0.05076477291403003, 0.9619418866381112
0.05076477291403003, 0.9619418866381112
0.05076477291403003, 0.9619418866381112
0.05076477291403003, 0.9619418866381112
0.05076477291403003, 0.9619418866381112
0.7631109587217889, 0.20884221391806057
0.7631109587217889, 0.20884221391806057
0.7631109587217889, 0.20884221391806057
0.7631109587217889, 0.20884221391806057
0.7631109587217889, 0.20884221391806057
0.7631109587217889, 0.20884221391806057
0.7631109587217889, 0.20884221391806057
0.7631109587217889, 0.20884221391806057
0.7631109587217889, 0.20884221391806057
0.7631109587217889, 0.20884221391806057
0.18775680724923538, 0.42122078525559237
0.18775680724923538, 0.42122078525559237
0.18775680724923538, 0.42122078525559237
0.18775680724923538, 0.42122078525559237
0.18775680724923538, 0.42122078525559237
0.18775680724923538, 0.42122078525559237
0.18775680724923538, 0.42122078525559237
0.18775680724923538, 0.42122078525559237
0.18775680724923538, 0.42122078525559237
0.18775680724923538, 0.42122078525559237
0.15101025002591506, 0.6073021528579926
0.15101025002591506, 0.6073021528579926
0.15101025002591506, 0.6073021528579926
0.15101025002591506, 0.6073021528579926
0.15101025002591506, 0.6073021528579926
0.15101025002591506, 0.6073021528579926
0.15101025002591506, 0.6073021528579926
0.15101025002591506, 0.6073021528579926
0.15101025002591506, 0.6073021528579926
0.15101025002591506, 0.6073021528579926
0.9033440651611484, 0.9863716128489342
0.9033440651611484, 0.9863716128489342
0.9033440651611484, 0.9863716128489342
0.9033440651611484, 0.9863716128489342
0.9033440651611484, 0.9863716128489342
0.9033440651611484, 0.9863716128489342
0.9033440651611484, 0.9863716128489342
0.9033440651611484, 0.9863716128489342
0.9033440651611484, 0.9863716128489342
0.9033440651611484, 0.9863716128489342
