0.1
0.6285411911792317, 0.6226365409157498
0.5135501276992976, 0.4911511397619521
0.37970493072781764, 0.19052251266465758
0.9552225886285488, 0.7002179031169551
0.09497603629486384, 0.5040035721795311
0.7891069658205644, 0.582098583101156
0.6653323825092576, 0.5655246965943062
0.7330714778280575, 0.36281178295451244
0.8236378893757023, 0.7956895245606305
0.7406635830106592, 0.7010547948461782
0.9803178463292853, 0.933069072053109
0.9904631953202346, 0.7204122646171373
0.1503384396350015, 0.5242831957003996
0.599179739910297, 0.9912949262663658
0.8974404353553614, 0.7711449841216258
0.329348976349938, 0.05718961203466144
0.7050301399099111, 0.9065961553786512
0.3275505507573766, 0.7594227295690844
0.3848746378918957, 0.3066855612619749
0.9369868269844308, 0.9832497517138442
0.1899310067849268, 0.6538758759812335
0.5549779338315838, 0.6523352542985713
0.3742517893427304, 0.32386744933088496
0.4475254419368836, 0.6919233008588895
0.5470969120753313, 0.22271372262629852
0.10105175102393471, 0.9939061977939078
0.4491301704348465, 0.845937822629786
0.6457428662951598, 0.09406993745804137
0.8379985875590666, 0.9737057825810199
0.43764111525326366, 0.579636052077069
0.6559952048382923, 0.3431406965292967
0.05240975864146136, 0.6273946349458984
0.47297782626749973, 0.6677511567040587
0.7941040809741522, 0.7187648858314101
0.2724842570230094, 0.771211230820446
0.32460899125142284, 0.3902348363302576
0.06456513951514009, 0.7329212918635719
0.990533083848279, 0.034848873238039424
0.15878425187052458, 0.984919756353935
0.021006885228111227, 0.8693236352338506
0.3297948172656393, 0.8080325762462077
0.3785979568456518, 0.10042952063010491
0.9449672946949117, 0.05735723361164058
0.7644014382831634, 0.5219475629772821
0.18390813422162855, 0.7562967998516238
0.547891879979385, 0.52136695560542
0.05688971083774075, 0.2555389665977137
0.8690182153122197, 0.49643437321626005
0.3850939161693906, 0.2036815135361203
0.733523818503296, 0.9005536417344765
0.3523063218652155, 0.045376150432608564
0.19113277192197664, 0.501675158790283
0.6418823660264352, 0.1438854361195886
0.2843052859381242, 0.6233728342588081
0.9285399909777665, 0.6733393027277254
0.7867390361060466, 0.6416369903181589
0.026491316158931744, 0.6472444822301394
0.06409259190775929, 0.9479989301700479
0.716648071389782, 0.9163670532907614
0.36188368212048005, 0.7184095486923388
0.671237137852176, 0.3089872544271375
0.7712015127887523, 0.9194770440563544
0.15681619709954542, 0.2751491164974187
0.8337221980621212, 0.3146960052717508
0.5272245971236461, 0.38827218076798986
0.350785401494513, 0.056599131572992345
0.17408286343573698, 0.46310808607027953
0.13452389377101437, 0.8001942306927614
0.2946063578699408, 0.6685737295116932
0.9203351570963814, 0.607238794538661
0.7408190346471819, 0.4298201222046538
0.059045309559317305, 0.4262909986940371
0.5842805887302956, 0.6828659128501897
0.30262833447159576, 0.06467525980045352
0.8078237203496597, 0.5334042108201389
0.6005282924727814, 0.12230791279987174
0.7099809613978346, 0.16450440244273468
0.06517144668247676, 0.8714169526949554
0.8928298958255422, 0.6465443620344739
0.31911635625110213, 0.8522161499230276
0.5019158296890551, 0.8506677714139156
0.9548520308737422, 0.795685122621882
