1e-05
0.03708121192294955, 0.6883148575108571
0.03708121192294955, 0.6883148575108571
0.03708121192294955, 0.6883148575108571
0.03708121192294955, 0.6883148575108571
0.03708121192294955, 0.6883148575108571
0.03708121192294955, 0.6883148575108571
0.03708121192294955, 0.6883148575108571
0.03708121192294955, 0.6883148575108571
0.03708121192294955, 0.6883148575108571
0.03708121192294955, 0.6883148575108571
0.7502121232744203, 0.37517151857976583
0.7502121232744203, 0.37517151857976583
0.7502121232744203, 0.37517151857976583
0.7502121232744203, 0.37517151857976583
0.7502121232744203, 0.37517151857976583
0.7502121232744203, 0.37517151857976583
0.7502121232744203, 0.37517151857976583
0.7502121232744203, 0.37517151857976583
0.7502121232744203, 0.37517151857976583
0.7502121232744203, 0.37517151857976583
0.9053711343328652, 0.810533487750051
0.9053711343328652, 0.810533487750051
0.9053711343328652, 0.810533487750051
0.9053711343328652, 0.810533487750051
0.9053711343328652, 0.810533487750051
0.9053711343328652, 0.810533487750051
0.9053711343328652, 0.810533487750051
0.9053711343328652, 0.810533487750051
0.9053711343328652, 0.810533487750051
0.9053711343328652, 0.810533487750051
0.13061205516465402, 0.6705125785350861
0.13061205516465402, 0.6705125785350861
0.13061205516465402, 0.6705125785350861
0.13061205516465402, 0.6705125785350861
0.13061205516465402, 0.6705125785350861
0.13061205516465402, 0.6705125785350861
0.13061205516465402, 0.6705125785350861
0.13061205516465402, 0.6705125785350861
0.13061205516465402, 0.6705125785350861
0.13061205516465402, 0.6705125785350861
0.6779190950920074, 0.35760959679157256
0.6779190950920074, 0.35760959679157256
0.6779190950920074, 0.35760959679157256
0.6779190950920074, 0.35760959679157256
0.6779190950920074, 0.35760959679157256
0.6779190950920074, 0.35760959679157256
0.6779190950920074, 0.35760959679157256
0.6779190950920074, 0.35760959679157256
0.6779190950920074, 0.35760959679157256
0.6779190950920074, 0.35760959679157256
0.25962490805674454, 0.7829890630926079
0.25962490805674454, 0.7829890630926079
0.25962490805674454, 0.7829890630926079
0.25962490805674454, 0.7829890630926079
0.25962490805674454, 0.7829890630926079
0.25962490805674454, 0.7829890630926079
0.25962490805674454, 0.7829890630926079
0.25962490805674454, 0.7829890630926079
0.25962490805674454, 0.7829890630926079
0.25962490805674454, 0.7829890630926079
0.0777679719282166, 0.8662102155598113
0.0777679719282166, 0.8662102155598113
0.0777679719282166, 0.8662102155598113
0.0777679719282166, 0.8662102155598113
0.0777679719282166, 0.8662102155598113
0.0777679719282166, 0.8662102155598113
0.0777679719282166, 0.8662102155598113
0.0777679719282166, 0.8662102155598113
0.0777679719282166, 0.8662102155598113
0.0777679719282166, 0.8662102155598113
0.3724230460497153, 0.02594798435088186
0.3724230460497153, 0.02594798435088186
0.3724230460497153, 0.02594798435088186
0.3724230460497153, 0.02594798435088186
0.3724230460497153, 0.02594798435088186
0.3724230460497153, 0.02594798435088186
0.3724230460497153, 0.02594798435088186
0.3724230460497153, 0.02594798435088186
0.3724230460497153, 0.02594798435088186
0.3724230460497153, 0.02594798435088186
0.39450648442665803, 0.533572216196532
0.39450648442665803, 0.533572216196532
0.39450648442665803, 0.533572216196532
0.39450648442665803, 0.533572216196532
0.39450648442665803, 0.533572216196532
0.39450648442665803, 0.533572216196532
0.39450648442665803, 0.533572216196532
0.39450648442665803, 0.533572216196532
0.39450648442665803, 0.533572216196532
0.39450648442665803, 0.533572216196532
0.7569599190759527, 0.2964523891743609
0.7569599190759527, 0.2964523891743609
0.7569599190759527, 0.2964523891743609
0.7569599190759527, 0.2964523891743609
0.7569599190759527, 0.2964523891743609
0.7569599190759527, 0.2964523891743609
0.7569599190759527, 0.2964523891743609
0.7569599190759527, 0.2964523891743609
0.7569599190759527, 0.2964523891743609
0.7569599190759527, 0.2964523891743609
