1e-05
0.809575049089601, 0.36658790553296294
0.809575049089601, 0.36658790553296294
0.809575049089601, 0.36658790553296294
0.809575049089601, 0.36658790553296294
0.809575049089601, 0.36658790553296294
0.809575049089601, 0.36658790553296294
0.809575049089601, 0.36658790553296294
0.809575049089601, 0.36658790553296294
0.809575049089601, 0.36658790553296294
0.809575049089601, 0.36658790553296294
0.4337550022869042, 0.6380367013009555
0.4337550022869042, 0.6380367013009555
0.4337550022869042, 0.6380367013009555
0.4337550022869042, 0.6380367013009555
0.4337550022869042, 0.6380367013009555
0.4337550022869042, 0.6380367013009555
0.4337550022869042, 0.6380367013009555
0.4337550022869042, 0.6380367013009555
0.4337550022869042, 0.6380367013009555
0.4337550022869042, 0.6380367013009555
0.7104291406339486, 0.7910296825564979
0.7104291406339486, 0.7910296825564979
0.7104291406339486, 0.7910296825564979
0.7104291406339486, 0.7910296825564979
0.7104291406339486, 0.7910296825564979
0.7104291406339486, 0.7910296825564979
0.7104291406339486, 0.7910296825564979
0.7104291406339486, 0.7910296825564979
0.7104291406339486, 0.7910296825564979
0.7104291406339486, 0.7910296825564979
0.04725500953817319, 0.4059321814667335
0.04725500953817319, 0.4059321814667335
0.04725500953817319, 0.4059321814667335
0.04725500953817319, 0.4059321814667335
0.04725500953817319, 0.4059321814667335
0.04725500953817319, 0.4059321814667335
0.04725500953817319, 0.4059321814667335
0.04725500953817319, 0.4059321814667335
0.04725500953817319, 0.4059321814667335
0.04725500953817319, 0.4059321814667335
0.8388134825707394, 0.06162213437409114
0.8388134825707394, 0.06162213437409114
0.8388134825707394, 0.06162213437409114
0.8388134825707394, 0.06162213437409114
0.8388134825707394, 0.06162213437409114
0.8388134825707394, 0.06162213437409114
0.8388134825707394, 0.06162213437409114
0.8388134825707394, 0.06162213437409114
0.8388134825707394, 0.06162213437409114
0.8388134825707394, 0.06162213437409114
0.650541501254898, 0.5545796135568528
0.650541501254898, 0.5545796135568528
0.650541501254898, 0.5545796135568528
0.650541501254898, 0.5545796135568528
0.650541501254898, 0.5545796135568528
0.650541501254898, 0.5545796135568528
0.650541501254898, 0.5545796135568528
0.650541501254898, 0.5545796135568528
0.650541501254898, 0.5545796135568528
0.650541501254898, 0.5545796135568528
0.4762674655631556, 0.12615421730811116
0.4762674655631556, 0.12615421730811116
0.4762674655631556, 0.12615421730811116
0.4762674655631556, 0.12615421730811116
0.4762674655631556, 0.12615421730811116
0.4762674655631556, 0.12615421730811116
0.4762674655631556, 0.12615421730811116
0.4762674655631556, 0.12615421730811116
0.4762674655631556, 0.12615421730811116
0.4762674655631556, 0.12615421730811116
0.5792636615072296, 0.27746786198661877
0.5792636615072296, 0.27746786198661877
0.5792636615072296, 0.27746786198661877
0.5792636615072296, 0.27746786198661877
0.5792636615072296, 0.27746786198661877
0.5792636615072296, 0.27746786198661877
0.5792636615072296, 0.27746786198661877
0.5792636615072296, 0.27746786198661877
0.5792636615072296, 0.27746786198661877
0.5792636615072296, 0.27746786198661877
0.06278038274663578, 0.8058430405221397
0.06278038274663578, 0.8058430405221397
0.06278038274663578, 0.8058430405221397
0.06278038274663578, 0.8058430405221397
0.06278038274663578, 0.8058430405221397
0.06278038274663578, 0.8058430405221397
0.06278038274663578, 0.8058430405221397
0.06278038274663578, 0.8058430405221397
0.06278038274663578, 0.8058430405221397
0.06278038274663578, 0.8058430405221397
0.5305329209392352, 0.9574904397357873
0.5305329209392352, 0.9574904397357873
0.5305329209392352, 0.9574904397357873
0.5305329209392352, 0.9574904397357873
0.5305329209392352, 0.9574904397357873
0.5305329209392352, 0.9574904397357873
0.5305329209392352, 0.9574904397357873
0.5305329209392352, 0.9574904397357873
0.5305329209392352, 0.9574904397357873
0.5305329209392352, 0.9574904397357873
