1e-05
0.5852969201334404, 0.01618139752870207
0.5852969201334404, 0.01618139752870207
0.5852969201334404, 0.01618139752870207
0.5852969201334404, 0.01618139752870207
0.5852969201334404, 0.01618139752870207
0.5852969201334404, 0.01618139752870207
0.5852969201334404, 0.01618139752870207
0.5852969201334404, 0.01618139752870207
0.5852969201334404, 0.01618139752870207
0.5852969201334404, 0.01618139752870207
0.22754685675253172, 0.07989850332369819
0.22754685675253172, 0.07989850332369819
0.22754685675253172, 0.07989850332369819
0.22754685675253172, 0.07989850332369819
0.22754685675253172, 0.07989850332369819
0.22754685675253172, 0.07989850332369819
0.22754685675253172, 0.07989850332369819
0.22754685675253172, 0.07989850332369819
0.22754685675253172, 0.07989850332369819
0.22754685675253172, 0.07989850332369819
0.6018375198255709, 0.17504300546921103
0.6018375198255709, 0.17504300546921103
0.6018375198255709, 0.17504300546921103
0.6018375198255709, 0.17504300546921103
0.6018375198255709, 0.17504300546921103
0.6018375198255709, 0.17504300546921103
0.6018375198255709, 0.17504300546921103
0.6018375198255709, 0.17504300546921103
0.6018375198255709, 0.17504300546921103
0.6018375198255709, 0.17504300546921103
0.008964659654825291, 0.8790174708653078
0.008964659654825291, 0.8790174708653078
0.008964659654825291, 0.8790174708653078
0.008964659654825291, 0.8790174708653078
0.008964659654825291, 0.8790174708653078
0.008964659654825291, 0.8790174708653078
0.008964659654825291, 0.8790174708653078
0.008964659654825291, 0.8790174708653078
0.008964659654825291, 0.8790174708653078
0.008964659654825291, 0.8790174708653078
0.13678538851893018, 0.8538520057994997
0.13678538851893018, 0.8538520057994997
0.13678538851893018, 0.8538520057994997
0.13678538851893018, 0.8538520057994997
0.13678538851893018, 0.8538520057994997
0.13678538851893018, 0.8538520057994997
0.13678538851893018, 0.8538520057994997
0.13678538851893018, 0.8538520057994997
0.13678538851893018, 0.8538520057994997
0.13678538851893018, 0.8538520057994997
0.2872764061634516, 0.7010444083389531
0.2872764061634516, 0.7010444083389531
0.2872764061634516, 0.7010444083389531
0.2872764061634516, 0.7010444083389531
0.2872764061634516, 0.7010444083389531
0.2872764061634516, 0.7010444083389531
0.2872764061634516, 0.7010444083389531
0.2872764061634516, 0.7010444083389531
0.2872764061634516, 0.7010444083389531
0.2872764061634516, 0.7010444083389531
0.827072443052078, 0.05579043144147988
0.827072443052078, 0.05579043144147988
0.827072443052078, 0.05579043144147988
0.827072443052078, 0.05579043144147988
0.827072443052078, 0.05579043144147988
0.827072443052078, 0.05579043144147988
0.827072443052078, 0.05579043144147988
0.827072443052078, 0.05579043144147988
0.827072443052078, 0.05579043144147988
0.827072443052078, 0.05579043144147988
0.5316514770053754, 0.4957544334951298
0.5316514770053754, 0.4957544334951298
0.5316514770053754, 0.4957544334951298
0.5316514770053754, 0.4957544334951298
0.5316514770053754, 0.4957544334951298
0.5316514770053754, 0.4957544334951298
0.5316514770053754, 0.4957544334951298
0.5316514770053754, 0.4957544334951298
0.5316514770053754, 0.4957544334951298
0.5316514770053754, 0.4957544334951298
0.6906950979459958, 0.04955383792013912
0.6906950979459958, 0.04955383792013912
0.6906950979459958, 0.04955383792013912
0.6906950979459958, 0.04955383792013912
0.6906950979459958, 0.04955383792013912
0.6906950979459958, 0.04955383792013912
0.6906950979459958, 0.04955383792013912
0.6906950979459958, 0.04955383792013912
0.6906950979459958, 0.04955383792013912
0.6906950979459958, 0.04955383792013912
0.32049842541811047, 0.6477614439298562
0.32049842541811047, 0.6477614439298562
0.32049842541811047, 0.6477614439298562
0.32049842541811047, 0.6477614439298562
0.32049842541811047, 0.6477614439298562
0.32049842541811047, 0.6477614439298562
0.32049842541811047, 0.6477614439298562
0.32049842541811047, 0.6477614439298562
0.32049842541811047, 0.6477614439298562
0.32049842541811047, 0.6477614439298562
