1e-05
0.23290356290821546, 0.7638586432292183
0.23290356290821546, 0.7638586432292183
0.23290356290821546, 0.7638586432292183
0.23290356290821546, 0.7638586432292183
0.23290356290821546, 0.7638586432292183
0.23290356290821546, 0.7638586432292183
0.23290356290821546, 0.7638586432292183
0.23290356290821546, 0.7638586432292183
0.23290356290821546, 0.7638586432292183
0.23290356290821546, 0.7638586432292183
0.44138046049776736, 0.5943012601770243
0.44138046049776736, 0.5943012601770243
0.44138046049776736, 0.5943012601770243
0.44138046049776736, 0.5943012601770243
0.44138046049776736, 0.5943012601770243
0.44138046049776736, 0.5943012601770243
0.44138046049776736, 0.5943012601770243
0.44138046049776736, 0.5943012601770243
0.44138046049776736, 0.5943012601770243
0.44138046049776736, 0.5943012601770243
0.48135621486868563, 0.02278423701942045
0.48135621486868563, 0.02278423701942045
0.48135621486868563, 0.02278423701942045
0.48135621486868563, 0.02278423701942045
0.48135621486868563, 0.02278423701942045
0.48135621486868563, 0.02278423701942045
0.48135621486868563, 0.02278423701942045
0.48135621486868563, 0.02278423701942045
0.48135621486868563, 0.02278423701942045
0.48135621486868563, 0.02278423701942045
0.306287324770936, 0.277472733355133
0.306287324770936, 0.277472733355133
0.306287324770936, 0.277472733355133
0.306287324770936, 0.277472733355133
0.306287324770936, 0.277472733355133
0.306287324770936, 0.277472733355133
0.306287324770936, 0.277472733355133
0.306287324770936, 0.277472733355133
0.306287324770936, 0.277472733355133
0.306287324770936, 0.277472733355133
0.6113730293046119, 0.40000914637433516
0.6113730293046119, 0.40000914637433516
0.6113730293046119, 0.40000914637433516
0.6113730293046119, 0.40000914637433516
0.6113730293046119, 0.40000914637433516
0.6113730293046119, 0.40000914637433516
0.6113730293046119, 0.40000914637433516
0.6113730293046119, 0.40000914637433516
0.6113730293046119, 0.40000914637433516
0.6113730293046119, 0.40000914637433516
0.8200423010810809, 0.4138101013651464
0.8200423010810809, 0.4138101013651464
0.8200423010810809, 0.4138101013651464
0.8200423010810809, 0.4138101013651464
0.8200423010810809, 0.4138101013651464
0.8200423010810809, 0.4138101013651464
0.8200423010810809, 0.4138101013651464
0.8200423010810809, 0.4138101013651464
0.8200423010810809, 0.4138101013651464
0.8200423010810809, 0.4138101013651464
0.5198395296939089, 0.22825915477421888
0.5198395296939089, 0.22825915477421888
0.5198395296939089, 0.22825915477421888
0.5198395296939089, 0.22825915477421888
0.5198395296939089, 0.22825915477421888
0.5198395296939089, 0.22825915477421888
0.5198395296939089, 0.22825915477421888
0.5198395296939089, 0.22825915477421888
0.5198395296939089, 0.22825915477421888
0.5198395296939089, 0.22825915477421888
0.9615840610362612, 0.2646106095542118
0.9615840610362612, 0.2646106095542118
0.9615840610362612, 0.2646106095542118
0.9615840610362612, 0.2646106095542118
0.9615840610362612, 0.2646106095542118
0.9615840610362612, 0.2646106095542118
0.9615840610362612, 0.2646106095542118
0.9615840610362612, 0.2646106095542118
0.9615840610362612, 0.2646106095542118
0.9615840610362612, 0.2646106095542118
0.5993016257535109, 0.22189881663673872
0.5993016257535109, 0.22189881663673872
0.5993016257535109, 0.22189881663673872
0.5993016257535109, 0.22189881663673872
0.5993016257535109, 0.22189881663673872
0.5993016257535109, 0.22189881663673872
0.5993016257535109, 0.22189881663673872
0.5993016257535109, 0.22189881663673872
0.5993016257535109, 0.22189881663673872
0.5993016257535109, 0.22189881663673872
0.3332408169527894, 0.7761242844410868
0.3332408169527894, 0.7761242844410868
0.3332408169527894, 0.7761242844410868
0.3332408169527894, 0.7761242844410868
0.3332408169527894, 0.7761242844410868
0.3332408169527894, 0.7761242844410868
0.3332408169527894, 0.7761242844410868
0.3332408169527894, 0.7761242844410868
0.3332408169527894, 0.7761242844410868
0.3332408169527894, 0.7761242844410868
