1e-05
0.6465017406150673, 0.5767926841362312
0.6465017406150673, 0.5767926841362312
0.6465017406150673, 0.5767926841362312
0.6465017406150673, 0.5767926841362312
0.6465017406150673, 0.5767926841362312
0.6465017406150673, 0.5767926841362312
0.6465017406150673, 0.5767926841362312
0.6465017406150673, 0.5767926841362312
0.6465017406150673, 0.5767926841362312
0.6465017406150673, 0.5767926841362312
0.10549770634444322, 0.9530494097940599
0.10549770634444322, 0.9530494097940599
0.10549770634444322, 0.9530494097940599
0.10549770634444322, 0.9530494097940599
0.10549770634444322, 0.9530494097940599
0.10549770634444322, 0.9530494097940599
0.10549770634444322, 0.9530494097940599
0.10549770634444322, 0.9530494097940599
0.10549770634444322, 0.9530494097940599
0.10549770634444322, 0.9530494097940599
0.30986680168973735, 0.6621580020557534
0.30986680168973735, 0.6621580020557534
0.30986680168973735, 0.6621580020557534
0.30986680168973735, 0.6621580020557534
0.30986680168973735, 0.6621580020557534
0.30986680168973735, 0.6621580020557534
0.30986680168973735, 0.6621580020557534
0.30986680168973735, 0.6621580020557534
0.30986680168973735, 0.6621580020557534
0.30986680168973735, 0.6621580020557534
0.8049034522743158, 0.3994299136345829
0.8049034522743158, 0.3994299136345829
0.8049034522743158, 0.3994299136345829
0.8049034522743158, 0.3994299136345829
0.8049034522743158, 0.3994299136345829
0.8049034522743158, 0.3994299136345829
0.8049034522743158, 0.3994299136345829
0.8049034522743158, 0.3994299136345829
0.8049034522743158, 0.3994299136345829
0.8049034522743158, 0.3994299136345829
0.42270876895304743, 0.4458570644320581
0.42270876895304743, 0.4458570644320581
0.42270876895304743, 0.4458570644320581
0.42270876895304743, 0.4458570644320581
0.42270876895304743, 0.4458570644320581
0.42270876895304743, 0.4458570644320581
0.42270876895304743, 0.4458570644320581
0.42270876895304743, 0.4458570644320581
0.42270876895304743, 0.4458570644320581
0.42270876895304743, 0.4458570644320581
0.5629574240004245, 0.4991209354966336
0.5629574240004245, 0.4991209354966336
0.5629574240004245, 0.4991209354966336
0.5629574240004245, 0.4991209354966336
0.5629574240004245, 0.4991209354966336
0.5629574240004245, 0.4991209354966336
0.5629574240004245, 0.4991209354966336
0.5629574240004245, 0.4991209354966336
0.5629574240004245, 0.4991209354966336
0.5629574240004245, 0.4991209354966336
0.01150619658976848, 0.0409259962804156
0.01150619658976848, 0.0409259962804156
0.01150619658976848, 0.0409259962804156
0.01150619658976848, 0.0409259962804156
0.01150619658976848, 0.0409259962804156
0.01150619658976848, 0.0409259962804156
0.01150619658976848, 0.0409259962804156
0.01150619658976848, 0.0409259962804156
0.01150619658976848, 0.0409259962804156
0.01150619658976848, 0.0409259962804156
0.19439296813397267, 0.8587842831537047
0.19439296813397267, 0.8587842831537047
0.19439296813397267, 0.8587842831537047
0.19439296813397267, 0.8587842831537047
0.19439296813397267, 0.8587842831537047
0.19439296813397267, 0.8587842831537047
0.19439296813397267, 0.8587842831537047
0.19439296813397267, 0.8587842831537047
0.19439296813397267, 0.8587842831537047
0.19439296813397267, 0.8587842831537047
0.5232167822811006, 0.6074820310469881
0.5232167822811006, 0.6074820310469881
0.5232167822811006, 0.6074820310469881
0.5232167822811006, 0.6074820310469881
0.5232167822811006, 0.6074820310469881
0.5232167822811006, 0.6074820310469881
0.5232167822811006, 0.6074820310469881
0.5232167822811006, 0.6074820310469881
0.5232167822811006, 0.6074820310469881
0.5232167822811006, 0.6074820310469881
0.877198569482037, 0.7420467725306285
0.877198569482037, 0.7420467725306285
0.877198569482037, 0.7420467725306285
0.877198569482037, 0.7420467725306285
0.877198569482037, 0.7420467725306285
0.877198569482037, 0.7420467725306285
0.877198569482037, 0.7420467725306285
0.877198569482037, 0.7420467725306285
0.877198569482037, 0.7420467725306285
0.877198569482037, 0.7420467725306285
