1e-05
0.6124854488309466, 0.10340621435276331
0.6124854488309466, 0.10340621435276331
0.6124854488309466, 0.10340621435276331
0.6124854488309466, 0.10340621435276331
0.6124854488309466, 0.10340621435276331
0.6124854488309466, 0.10340621435276331
0.6124854488309466, 0.10340621435276331
0.6124854488309466, 0.10340621435276331
0.6124854488309466, 0.10340621435276331
0.6124854488309466, 0.10340621435276331
0.9949349955160507, 0.5598424936464788
0.9949349955160507, 0.5598424936464788
0.9949349955160507, 0.5598424936464788
0.9949349955160507, 0.5598424936464788
0.9949349955160507, 0.5598424936464788
0.9949349955160507, 0.5598424936464788
0.9949349955160507, 0.5598424936464788
0.9949349955160507, 0.5598424936464788
0.9949349955160507, 0.5598424936464788
0.9949349955160507, 0.5598424936464788
0.14960769633816862, 0.3147067672004271
0.14960769633816862, 0.3147067672004271
0.14960769633816862, 0.3147067672004271
0.14960769633816862, 0.3147067672004271
0.14960769633816862, 0.3147067672004271
0.14960769633816862, 0.3147067672004271
0.14960769633816862, 0.3147067672004271
0.14960769633816862, 0.3147067672004271
0.14960769633816862, 0.3147067672004271
0.14960769633816862, 0.3147067672004271
0.45592313187191147, 0.0884280664321373
0.45592313187191147, 0.0884280664321373
0.45592313187191147, 0.0884280664321373
0.45592313187191147, 0.0884280664321373
0.45592313187191147, 0.0884280664321373
0.45592313187191147, 0.0884280664321373
0.45592313187191147, 0.0884280664321373
0.45592313187191147, 0.0884280664321373
0.45592313187191147, 0.0884280664321373
0.45592313187191147, 0.0884280664321373
0.9941349059159029, 0.9167339721486039
0.9941349059159029, 0.9167339721486039
0.9941349059159029, 0.9167339721486039
0.9941349059159029, 0.9167339721486039
0.9941349059159029, 0.9167339721486039
0.9941349059159029, 0.9167339721486039
0.9941349059159029, 0.9167339721486039
0.9941349059159029, 0.9167339721486039
0.9941349059159029, 0.9167339721486039
0.9941349059159029, 0.9167339721486039
0.9234016716860349, 0.17550907879540167
0.9234016716860349, 0.17550907879540167
0.9234016716860349, 0.17550907879540167
0.9234016716860349, 0.17550907879540167
0.9234016716860349, 0.17550907879540167
0.9234016716860349, 0.17550907879540167
0.9234016716860349, 0.17550907879540167
0.9234016716860349, 0.17550907879540167
0.9234016716860349, 0.17550907879540167
0.9234016716860349, 0.17550907879540167
0.26543770647733744, 0.3803062286645208
0.26543770647733744, 0.3803062286645208
0.26543770647733744, 0.3803062286645208
0.26543770647733744, 0.3803062286645208
0.26543770647733744, 0.3803062286645208
0.26543770647733744, 0.3803062286645208
0.26543770647733744, 0.3803062286645208
0.26543770647733744, 0.3803062286645208
0.26543770647733744, 0.3803062286645208
0.26543770647733744, 0.3803062286645208
0.18229917986104005, 0.14741938175388325
0.18229917986104005, 0.14741938175388325
0.18229917986104005, 0.14741938175388325
0.18229917986104005, 0.14741938175388325
0.18229917986104005, 0.14741938175388325
0.18229917986104005, 0.14741938175388325
0.18229917986104005, 0.14741938175388325
0.18229917986104005, 0.14741938175388325
0.18229917986104005, 0.14741938175388325
0.18229917986104005, 0.14741938175388325
0.41952965808585363, 0.5341338893730683
0.41952965808585363, 0.5341338893730683
0.41952965808585363, 0.5341338893730683
0.41952965808585363, 0.5341338893730683
0.41952965808585363, 0.5341338893730683
0.41952965808585363, 0.5341338893730683
0.41952965808585363, 0.5341338893730683
0.41952965808585363, 0.5341338893730683
0.41952965808585363, 0.5341338893730683
0.41952965808585363, 0.5341338893730683
0.23862901282044746, 0.570544461537047
0.23862901282044746, 0.570544461537047
0.23862901282044746, 0.570544461537047
0.23862901282044746, 0.570544461537047
0.23862901282044746, 0.570544461537047
0.23862901282044746, 0.570544461537047
0.23862901282044746, 0.570544461537047
0.23862901282044746, 0.570544461537047
0.23862901282044746, 0.570544461537047
0.23862901282044746, 0.570544461537047
