1e-05
0.9349495909336718, 0.6177689942298477
0.9349495909336718, 0.6177689942298477
0.9349495909336718, 0.6177689942298477
0.9349495909336718, 0.6177689942298477
0.9349495909336718, 0.6177689942298477
0.9349495909336718, 0.6177689942298477
0.9349495909336718, 0.6177689942298477
0.9349495909336718, 0.6177689942298477
0.9349495909336718, 0.6177689942298477
0.9349495909336718, 0.6177689942298477
0.4040337790923295, 0.5358999468935782
0.4040337790923295, 0.5358999468935782
0.4040337790923295, 0.5358999468935782
0.4040337790923295, 0.5358999468935782
0.4040337790923295, 0.5358999468935782
0.4040337790923295, 0.5358999468935782
0.4040337790923295, 0.5358999468935782
0.4040337790923295, 0.5358999468935782
0.4040337790923295, 0.5358999468935782
0.4040337790923295, 0.5358999468935782
0.4804263489411196, 0.30284768615687685
0.4804263489411196, 0.30284768615687685
0.4804263489411196, 0.30284768615687685
0.4804263489411196, 0.30284768615687685
0.4804263489411196, 0.30284768615687685
0.4804263489411196, 0.30284768615687685
0.4804263489411196, 0.30284768615687685
0.4804263489411196, 0.30284768615687685
0.4804263489411196, 0.30284768615687685
0.4804263489411196, 0.30284768615687685
0.7090904833404813, 0.9762331785156876
0.7090904833404813, 0.9762331785156876
0.7090904833404813, 0.9762331785156876
0.7090904833404813, 0.9762331785156876
0.7090904833404813, 0.9762331785156876
0.7090904833404813, 0.9762331785156876
0.7090904833404813, 0.9762331785156876
0.7090904833404813, 0.9762331785156876
0.7090904833404813, 0.9762331785156876
0.7090904833404813, 0.9762331785156876
0.40482017921278535, 0.666036521957065
0.40482017921278535, 0.666036521957065
0.40482017921278535, 0.666036521957065
0.40482017921278535, 0.666036521957065
0.40482017921278535, 0.666036521957065
0.40482017921278535, 0.666036521957065
0.40482017921278535, 0.666036521957065
0.40482017921278535, 0.666036521957065
0.40482017921278535, 0.666036521957065
0.40482017921278535, 0.666036521957065
0.9758129449005039, 0.20048303484884278
0.9758129449005039, 0.20048303484884278
0.9758129449005039, 0.20048303484884278
0.9758129449005039, 0.20048303484884278
0.9758129449005039, 0.20048303484884278
0.9758129449005039, 0.20048303484884278
0.9758129449005039, 0.20048303484884278
0.9758129449005039, 0.20048303484884278
0.9758129449005039, 0.20048303484884278
0.9758129449005039, 0.20048303484884278
0.7264526365503506, 0.222891681314757
0.7264526365503506, 0.222891681314757
0.7264526365503506, 0.222891681314757
0.7264526365503506, 0.222891681314757
0.7264526365503506, 0.222891681314757
0.7264526365503506, 0.222891681314757
0.7264526365503506, 0.222891681314757
0.7264526365503506, 0.222891681314757
0.7264526365503506, 0.222891681314757
0.7264526365503506, 0.222891681314757
0.45984928738191067, 0.44787902228372556
0.45984928738191067, 0.44787902228372556
0.45984928738191067, 0.44787902228372556
0.45984928738191067, 0.44787902228372556
0.45984928738191067, 0.44787902228372556
0.45984928738191067, 0.44787902228372556
0.45984928738191067, 0.44787902228372556
0.45984928738191067, 0.44787902228372556
0.45984928738191067, 0.44787902228372556
0.45984928738191067, 0.44787902228372556
0.5521813540051679, 0.03791828255437135
0.5521813540051679, 0.03791828255437135
0.5521813540051679, 0.03791828255437135
0.5521813540051679, 0.03791828255437135
0.5521813540051679, 0.03791828255437135
0.5521813540051679, 0.03791828255437135
0.5521813540051679, 0.03791828255437135
0.5521813540051679, 0.03791828255437135
0.5521813540051679, 0.03791828255437135
0.5521813540051679, 0.03791828255437135
0.7272740811776196, 0.8162305610364163
0.7272740811776196, 0.8162305610364163
0.7272740811776196, 0.8162305610364163
0.7272740811776196, 0.8162305610364163
0.7272740811776196, 0.8162305610364163
0.7272740811776196, 0.8162305610364163
0.7272740811776196, 0.8162305610364163
0.7272740811776196, 0.8162305610364163
0.7272740811776196, 0.8162305610364163
0.7272740811776196, 0.8162305610364163
