1e-05
0.6752895609627715, 0.30131746183537855
0.6752895609627715, 0.30131746183537855
0.6752895609627715, 0.30131746183537855
0.6752895609627715, 0.30131746183537855
0.6752895609627715, 0.30131746183537855
0.6752895609627715, 0.30131746183537855
0.6752895609627715, 0.30131746183537855
0.6752895609627715, 0.30131746183537855
0.6752895609627715, 0.30131746183537855
0.6752895609627715, 0.30131746183537855
0.6516215179715259, 0.5699411169490173
0.6516215179715259, 0.5699411169490173
0.6516215179715259, 0.5699411169490173
0.6516215179715259, 0.5699411169490173
0.6516215179715259, 0.5699411169490173
0.6516215179715259, 0.5699411169490173
0.6516215179715259, 0.5699411169490173
0.6516215179715259, 0.5699411169490173
0.6516215179715259, 0.5699411169490173
0.6516215179715259, 0.5699411169490173
0.47254180851561345, 0.4299663381570705
0.47254180851561345, 0.4299663381570705
0.47254180851561345, 0.4299663381570705
0.47254180851561345, 0.4299663381570705
0.47254180851561345, 0.4299663381570705
0.47254180851561345, 0.4299663381570705
0.47254180851561345, 0.4299663381570705
0.47254180851561345, 0.4299663381570705
0.47254180851561345, 0.4299663381570705
0.47254180851561345, 0.4299663381570705
0.036685883682126, 0.8312786848035683
0.036685883682126, 0.8312786848035683
0.036685883682126, 0.8312786848035683
0.036685883682126, 0.8312786848035683
0.036685883682126, 0.8312786848035683
0.036685883682126, 0.8312786848035683
0.036685883682126, 0.8312786848035683
0.036685883682126, 0.8312786848035683
0.036685883682126, 0.8312786848035683
0.036685883682126, 0.8312786848035683
0.8124765149710572, 0.027084680021320362
0.8124765149710572, 0.027084680021320362
0.8124765149710572, 0.027084680021320362
0.8124765149710572, 0.027084680021320362
0.8124765149710572, 0.027084680021320362
0.8124765149710572, 0.027084680021320362
0.8124765149710572, 0.027084680021320362
0.8124765149710572, 0.027084680021320362
0.8124765149710572, 0.027084680021320362
0.8124765149710572, 0.027084680021320362
0.969350213260967, 0.32310574175548534
0.969350213260967, 0.32310574175548534
0.969350213260967, 0.32310574175548534
0.969350213260967, 0.32310574175548534
0.969350213260967, 0.32310574175548534
0.969350213260967, 0.32310574175548534
0.969350213260967, 0.32310574175548534
0.969350213260967, 0.32310574175548534
0.969350213260967, 0.32310574175548534
0.969350213260967, 0.32310574175548534
0.48881380976888655, 0.7934695553076617
0.48881380976888655, 0.7934695553076617
0.48881380976888655, 0.7934695553076617
0.48881380976888655, 0.7934695553076617
0.48881380976888655, 0.7934695553076617
0.48881380976888655, 0.7934695553076617
0.48881380976888655, 0.7934695553076617
0.48881380976888655, 0.7934695553076617
0.48881380976888655, 0.7934695553076617
0.48881380976888655, 0.7934695553076617
0.5433942429865717, 0.11905183282294485
0.5433942429865717, 0.11905183282294485
0.5433942429865717, 0.11905183282294485
0.5433942429865717, 0.11905183282294485
0.5433942429865717, 0.11905183282294485
0.5433942429865717, 0.11905183282294485
0.5433942429865717, 0.11905183282294485
0.5433942429865717, 0.11905183282294485
0.5433942429865717, 0.11905183282294485
0.5433942429865717, 0.11905183282294485
0.8794129677266078, 0.2706801727739765
0.8794129677266078, 0.2706801727739765
0.8794129677266078, 0.2706801727739765
0.8794129677266078, 0.2706801727739765
0.8794129677266078, 0.2706801727739765
0.8794129677266078, 0.2706801727739765
0.8794129677266078, 0.2706801727739765
0.8794129677266078, 0.2706801727739765
0.8794129677266078, 0.2706801727739765
0.8794129677266078, 0.2706801727739765
0.03794676898460514, 0.8339647791899538
0.03794676898460514, 0.8339647791899538
0.03794676898460514, 0.8339647791899538
0.03794676898460514, 0.8339647791899538
0.03794676898460514, 0.8339647791899538
0.03794676898460514, 0.8339647791899538
0.03794676898460514, 0.8339647791899538
0.03794676898460514, 0.8339647791899538
0.03794676898460514, 0.8339647791899538
0.03794676898460514, 0.8339647791899538
