1e-05
0.2344377433169894, 0.3033455032264629
0.2344377433169894, 0.3033455032264629
0.2344377433169894, 0.3033455032264629
0.2344377433169894, 0.3033455032264629
0.2344377433169894, 0.3033455032264629
0.2344377433169894, 0.3033455032264629
0.2344377433169894, 0.3033455032264629
0.2344377433169894, 0.3033455032264629
0.2344377433169894, 0.3033455032264629
0.2344377433169894, 0.3033455032264629
0.3488045029296245, 0.9532154399078222
0.3488045029296245, 0.9532154399078222
0.3488045029296245, 0.9532154399078222
0.3488045029296245, 0.9532154399078222
0.3488045029296245, 0.9532154399078222
0.3488045029296245, 0.9532154399078222
0.3488045029296245, 0.9532154399078222
0.3488045029296245, 0.9532154399078222
0.3488045029296245, 0.9532154399078222
0.3488045029296245, 0.9532154399078222
0.7119962400476348, 0.5279404606702199
0.7119962400476348, 0.5279404606702199
0.7119962400476348, 0.5279404606702199
0.7119962400476348, 0.5279404606702199
0.7119962400476348, 0.5279404606702199
0.7119962400476348, 0.5279404606702199
0.7119962400476348, 0.5279404606702199
0.7119962400476348, 0.5279404606702199
0.7119962400476348, 0.5279404606702199
0.7119962400476348, 0.5279404606702199
0.9455767703400088, 0.07372819904856454
0.9455767703400088, 0.07372819904856454
0.9455767703400088, 0.07372819904856454
0.9455767703400088, 0.07372819904856454
0.9455767703400088, 0.07372819904856454
0.9455767703400088, 0.07372819904856454
0.9455767703400088, 0.07372819904856454
0.9455767703400088, 0.07372819904856454
0.9455767703400088, 0.07372819904856454
0.9455767703400088, 0.07372819904856454
0.5878387886872156, 0.004184516283353035
0.5878387886872156, 0.004184516283353035
0.5878387886872156, 0.004184516283353035
0.5878387886872156, 0.004184516283353035
0.5878387886872156, 0.004184516283353035
0.5878387886872156, 0.004184516283353035
0.5878387886872156, 0.004184516283353035
0.5878387886872156, 0.004184516283353035
0.5878387886872156, 0.004184516283353035
0.5878387886872156, 0.004184516283353035
0.5751377498797156, 0.8344251003336565
0.5751377498797156, 0.8344251003336565
0.5751377498797156, 0.8344251003336565
0.5751377498797156, 0.8344251003336565
0.5751377498797156, 0.8344251003336565
0.5751377498797156, 0.8344251003336565
0.5751377498797156, 0.8344251003336565
0.5751377498797156, 0.8344251003336565
0.5751377498797156, 0.8344251003336565
0.5751377498797156, 0.8344251003336565
0.5135633042122298, 0.5110759350220059
0.5135633042122298, 0.5110759350220059
0.5135633042122298, 0.5110759350220059
0.5135633042122298, 0.5110759350220059
0.5135633042122298, 0.5110759350220059
0.5135633042122298, 0.5110759350220059
0.5135633042122298, 0.5110759350220059
0.5135633042122298, 0.5110759350220059
0.5135633042122298, 0.5110759350220059
0.5135633042122298, 0.5110759350220059
0.7362036854430684, 0.2878641435461473
0.7362036854430684, 0.2878641435461473
0.7362036854430684, 0.2878641435461473
0.7362036854430684, 0.2878641435461473
0.7362036854430684, 0.2878641435461473
0.7362036854430684, 0.2878641435461473
0.7362036854430684, 0.2878641435461473
0.7362036854430684, 0.2878641435461473
0.7362036854430684, 0.2878641435461473
0.7362036854430684, 0.2878641435461473
0.936594920869669, 0.4901334066969104
0.936594920869669, 0.4901334066969104
0.936594920869669, 0.4901334066969104
0.936594920869669, 0.4901334066969104
0.936594920869669, 0.4901334066969104
0.936594920869669, 0.4901334066969104
0.936594920869669, 0.4901334066969104
0.936594920869669, 0.4901334066969104
0.936594920869669, 0.4901334066969104
0.936594920869669, 0.4901334066969104
0.13193562310845086, 0.06656031370629623
0.13193562310845086, 0.06656031370629623
0.13193562310845086, 0.06656031370629623
0.13193562310845086, 0.06656031370629623
0.13193562310845086, 0.06656031370629623
0.13193562310845086, 0.06656031370629623
0.13193562310845086, 0.06656031370629623
0.13193562310845086, 0.06656031370629623
0.13193562310845086, 0.06656031370629623
0.13193562310845086, 0.06656031370629623
