1e-05
0.8507155857725391, 0.10530289718829389
0.8507155857725391, 0.10530289718829389
0.8507155857725391, 0.10530289718829389
0.8507155857725391, 0.10530289718829389
0.8507155857725391, 0.10530289718829389
0.8507155857725391, 0.10530289718829389
0.8507155857725391, 0.10530289718829389
0.8507155857725391, 0.10530289718829389
0.8507155857725391, 0.10530289718829389
0.8507155857725391, 0.10530289718829389
0.9997156613034635, 0.6732447035236631
0.9997156613034635, 0.6732447035236631
0.9997156613034635, 0.6732447035236631
0.9997156613034635, 0.6732447035236631
0.9997156613034635, 0.6732447035236631
0.9997156613034635, 0.6732447035236631
0.9997156613034635, 0.6732447035236631
0.9997156613034635, 0.6732447035236631
0.9997156613034635, 0.6732447035236631
0.9997156613034635, 0.6732447035236631
0.764206271014417, 0.3336013267814377
0.764206271014417, 0.3336013267814377
0.764206271014417, 0.3336013267814377
0.764206271014417, 0.3336013267814377
0.764206271014417, 0.3336013267814377
0.764206271014417, 0.3336013267814377
0.764206271014417, 0.3336013267814377
0.764206271014417, 0.3336013267814377
0.764206271014417, 0.3336013267814377
0.764206271014417, 0.3336013267814377
0.41465219011787824, 0.6633708652214001
0.41465219011787824, 0.6633708652214001
0.41465219011787824, 0.6633708652214001
0.41465219011787824, 0.6633708652214001
0.41465219011787824, 0.6633708652214001
0.41465219011787824, 0.6633708652214001
0.41465219011787824, 0.6633708652214001
0.41465219011787824, 0.6633708652214001
0.41465219011787824, 0.6633708652214001
0.41465219011787824, 0.6633708652214001
0.5881678477454719, 0.44413288020545805
0.5881678477454719, 0.44413288020545805
0.5881678477454719, 0.44413288020545805
0.5881678477454719, 0.44413288020545805
0.5881678477454719, 0.44413288020545805
0.5881678477454719, 0.44413288020545805
0.5881678477454719, 0.44413288020545805
0.5881678477454719, 0.44413288020545805
0.5881678477454719, 0.44413288020545805
0.5881678477454719, 0.44413288020545805
0.19358870672742745, 0.786171682971654
0.19358870672742745, 0.786171682971654
0.19358870672742745, 0.786171682971654
0.19358870672742745, 0.786171682971654
0.19358870672742745, 0.786171682971654
0.19358870672742745, 0.786171682971654
0.19358870672742745, 0.786171682971654
0.19358870672742745, 0.786171682971654
0.19358870672742745, 0.786171682971654
0.19358870672742745, 0.786171682971654
0.9829173531831811, 0.03621253012181569
0.9829173531831811, 0.03621253012181569
0.9829173531831811, 0.03621253012181569
0.9829173531831811, 0.03621253012181569
0.9829173531831811, 0.03621253012181569
0.9829173531831811, 0.03621253012181569
0.9829173531831811, 0.03621253012181569
0.9829173531831811, 0.03621253012181569
0.9829173531831811, 0.03621253012181569
0.9829173531831811, 0.03621253012181569
0.09893475243631633, 0.291814731284855
0.09893475243631633, 0.291814731284855
0.09893475243631633, 0.291814731284855
0.09893475243631633, 0.291814731284855
0.09893475243631633, 0.291814731284855
0.09893475243631633, 0.291814731284855
0.09893475243631633, 0.291814731284855
0.09893475243631633, 0.291814731284855
0.09893475243631633, 0.291814731284855
0.09893475243631633, 0.291814731284855
0.47558724487748094, 0.8696464146535292
0.47558724487748094, 0.8696464146535292
0.47558724487748094, 0.8696464146535292
0.47558724487748094, 0.8696464146535292
0.47558724487748094, 0.8696464146535292
0.47558724487748094, 0.8696464146535292
0.47558724487748094, 0.8696464146535292
0.47558724487748094, 0.8696464146535292
0.47558724487748094, 0.8696464146535292
0.47558724487748094, 0.8696464146535292
0.28021600908575794, 0.39167808210104715
0.28021600908575794, 0.39167808210104715
0.28021600908575794, 0.39167808210104715
0.28021600908575794, 0.39167808210104715
0.28021600908575794, 0.39167808210104715
0.28021600908575794, 0.39167808210104715
0.28021600908575794, 0.39167808210104715
0.28021600908575794, 0.39167808210104715
0.28021600908575794, 0.39167808210104715
0.28021600908575794, 0.39167808210104715
