1e-05
0.05230762161953939, 0.9280303810028872
0.05230762161953939, 0.9280303810028872
0.05230762161953939, 0.9280303810028872
0.05230762161953939, 0.9280303810028872
0.05230762161953939, 0.9280303810028872
0.05230762161953939, 0.9280303810028872
0.05230762161953939, 0.9280303810028872
0.05230762161953939, 0.9280303810028872
0.05230762161953939, 0.9280303810028872
0.05230762161953939, 0.9280303810028872
0.3069277942980013, 0.9341962351578679
0.3069277942980013, 0.9341962351578679
0.3069277942980013, 0.9341962351578679
0.3069277942980013, 0.9341962351578679
0.3069277942980013, 0.9341962351578679
0.3069277942980013, 0.9341962351578679
0.3069277942980013, 0.9341962351578679
0.3069277942980013, 0.9341962351578679
0.3069277942980013, 0.9341962351578679
0.3069277942980013, 0.9341962351578679
0.5875111706136623, 0.17014048635310897
0.5875111706136623, 0.17014048635310897
0.5875111706136623, 0.17014048635310897
0.5875111706136623, 0.17014048635310897
0.5875111706136623, 0.17014048635310897
0.5875111706136623, 0.17014048635310897
0.5875111706136623, 0.17014048635310897
0.5875111706136623, 0.17014048635310897
0.5875111706136623, 0.17014048635310897
0.5875111706136623, 0.17014048635310897
0.7127470314653451, 0.8869684215271652
0.7127470314653451, 0.8869684215271652
0.7127470314653451, 0.8869684215271652
0.7127470314653451, 0.8869684215271652
0.7127470314653451, 0.8869684215271652
0.7127470314653451, 0.8869684215271652
0.7127470314653451, 0.8869684215271652
0.7127470314653451, 0.8869684215271652
0.7127470314653451, 0.8869684215271652
0.7127470314653451, 0.8869684215271652
0.8935579067243716, 0.11856677051057818
0.8935579067243716, 0.11856677051057818
0.8935579067243716, 0.11856677051057818
0.8935579067243716, 0.11856677051057818
0.8935579067243716, 0.11856677051057818
0.8935579067243716, 0.11856677051057818
0.8935579067243716, 0.11856677051057818
0.8935579067243716, 0.11856677051057818
0.8935579067243716, 0.11856677051057818
0.8935579067243716, 0.11856677051057818
0.8430854949492853, 0.7112688426476399
0.8430854949492853, 0.7112688426476399
0.8430854949492853, 0.7112688426476399
0.8430854949492853, 0.7112688426476399
0.8430854949492853, 0.7112688426476399
0.8430854949492853, 0.7112688426476399
0.8430854949492853, 0.7112688426476399
0.8430854949492853, 0.7112688426476399
0.8430854949492853, 0.7112688426476399
0.8430854949492853, 0.7112688426476399
0.3444683669252202, 0.7523178631823108
0.3444683669252202, 0.7523178631823108
0.3444683669252202, 0.7523178631823108
0.3444683669252202, 0.7523178631823108
0.3444683669252202, 0.7523178631823108
0.3444683669252202, 0.7523178631823108
0.3444683669252202, 0.7523178631823108
0.3444683669252202, 0.7523178631823108
0.3444683669252202, 0.7523178631823108
0.3444683669252202, 0.7523178631823108
0.7559980804311573, 0.11688695970993868
0.7559980804311573, 0.11688695970993868
0.7559980804311573, 0.11688695970993868
0.7559980804311573, 0.11688695970993868
0.7559980804311573, 0.11688695970993868
0.7559980804311573, 0.11688695970993868
0.7559980804311573, 0.11688695970993868
0.7559980804311573, 0.11688695970993868
0.7559980804311573, 0.11688695970993868
0.7559980804311573, 0.11688695970993868
0.671764165179951, 0.8324760250968762
0.671764165179951, 0.8324760250968762
0.671764165179951, 0.8324760250968762
0.671764165179951, 0.8324760250968762
0.671764165179951, 0.8324760250968762
0.671764165179951, 0.8324760250968762
0.671764165179951, 0.8324760250968762
0.671764165179951, 0.8324760250968762
0.671764165179951, 0.8324760250968762
0.671764165179951, 0.8324760250968762
0.8820324718542485, 0.8418970624195438
0.8820324718542485, 0.8418970624195438
0.8820324718542485, 0.8418970624195438
0.8820324718542485, 0.8418970624195438
0.8820324718542485, 0.8418970624195438
0.8820324718542485, 0.8418970624195438
0.8820324718542485, 0.8418970624195438
0.8820324718542485, 0.8418970624195438
0.8820324718542485, 0.8418970624195438
0.8820324718542485, 0.8418970624195438
