1e-05
0.03394274638608141, 0.19950470034106493
0.03394274638608141, 0.19950470034106493
0.03394274638608141, 0.19950470034106493
0.03394274638608141, 0.19950470034106493
0.03394274638608141, 0.19950470034106493
0.03394274638608141, 0.19950470034106493
0.03394274638608141, 0.19950470034106493
0.03394274638608141, 0.19950470034106493
0.03394274638608141, 0.19950470034106493
0.03394274638608141, 0.19950470034106493
0.5936594644294346, 0.46172815384482846
0.5936594644294346, 0.46172815384482846
0.5936594644294346, 0.46172815384482846
0.5936594644294346, 0.46172815384482846
0.5936594644294346, 0.46172815384482846
0.5936594644294346, 0.46172815384482846
0.5936594644294346, 0.46172815384482846
0.5936594644294346, 0.46172815384482846
0.5936594644294346, 0.46172815384482846
0.5936594644294346, 0.46172815384482846
0.7862510751253923, 0.20480461173450648
0.7862510751253923, 0.20480461173450648
0.7862510751253923, 0.20480461173450648
0.7862510751253923, 0.20480461173450648
0.7862510751253923, 0.20480461173450648
0.7862510751253923, 0.20480461173450648
0.7862510751253923, 0.20480461173450648
0.7862510751253923, 0.20480461173450648
0.7862510751253923, 0.20480461173450648
0.7862510751253923, 0.20480461173450648
0.38522827449072616, 0.0932157683569077
0.38522827449072616, 0.0932157683569077
0.38522827449072616, 0.0932157683569077
0.38522827449072616, 0.0932157683569077
0.38522827449072616, 0.0932157683569077
0.38522827449072616, 0.0932157683569077
0.38522827449072616, 0.0932157683569077
0.38522827449072616, 0.0932157683569077
0.38522827449072616, 0.0932157683569077
0.38522827449072616, 0.0932157683569077
0.5668636830206727, 0.3513350635882807
0.5668636830206727, 0.3513350635882807
0.5668636830206727, 0.3513350635882807
0.5668636830206727, 0.3513350635882807
0.5668636830206727, 0.3513350635882807
0.5668636830206727, 0.3513350635882807
0.5668636830206727, 0.3513350635882807
0.5668636830206727, 0.3513350635882807
0.5668636830206727, 0.3513350635882807
0.5668636830206727, 0.3513350635882807
0.0936667585554457, 0.02949050172243961
0.0936667585554457, 0.02949050172243961
0.0936667585554457, 0.02949050172243961
0.0936667585554457, 0.02949050172243961
0.0936667585554457, 0.02949050172243961
0.0936667585554457, 0.02949050172243961
0.0936667585554457, 0.02949050172243961
0.0936667585554457, 0.02949050172243961
0.0936667585554457, 0.02949050172243961
0.0936667585554457, 0.02949050172243961
0.5138190270873967, 0.6320848640963421
0.5138190270873967, 0.6320848640963421
0.5138190270873967, 0.6320848640963421
0.5138190270873967, 0.6320848640963421
0.5138190270873967, 0.6320848640963421
0.5138190270873967, 0.6320848640963421
0.5138190270873967, 0.6320848640963421
0.5138190270873967, 0.6320848640963421
0.5138190270873967, 0.6320848640963421
0.5138190270873967, 0.6320848640963421
0.7822635893191345, 0.1421482307448193
0.7822635893191345, 0.1421482307448193
0.7822635893191345, 0.1421482307448193
0.7822635893191345, 0.1421482307448193
0.7822635893191345, 0.1421482307448193
0.7822635893191345, 0.1421482307448193
0.7822635893191345, 0.1421482307448193
0.7822635893191345, 0.1421482307448193
0.7822635893191345, 0.1421482307448193
0.7822635893191345, 0.1421482307448193
0.6887387124471489, 0.23237836386971933
0.6887387124471489, 0.23237836386971933
0.6887387124471489, 0.23237836386971933
0.6887387124471489, 0.23237836386971933
0.6887387124471489, 0.23237836386971933
0.6887387124471489, 0.23237836386971933
0.6887387124471489, 0.23237836386971933
0.6887387124471489, 0.23237836386971933
0.6887387124471489, 0.23237836386971933
0.6887387124471489, 0.23237836386971933
0.23646061480167102, 0.032747293168294056
0.23646061480167102, 0.032747293168294056
0.23646061480167102, 0.032747293168294056
0.23646061480167102, 0.032747293168294056
0.23646061480167102, 0.032747293168294056
0.23646061480167102, 0.032747293168294056
0.23646061480167102, 0.032747293168294056
0.23646061480167102, 0.032747293168294056
0.23646061480167102, 0.032747293168294056
0.23646061480167102, 0.032747293168294056
