1e-05
0.4805180138813254, 0.8190903611305019
0.4805180138813254, 0.8190903611305019
0.4805180138813254, 0.8190903611305019
0.4805180138813254, 0.8190903611305019
0.4805180138813254, 0.8190903611305019
0.4805180138813254, 0.8190903611305019
0.4805180138813254, 0.8190903611305019
0.4805180138813254, 0.8190903611305019
0.4805180138813254, 0.8190903611305019
0.4805180138813254, 0.8190903611305019
0.5244960708304384, 0.31506013418384027
0.5244960708304384, 0.31506013418384027
0.5244960708304384, 0.31506013418384027
0.5244960708304384, 0.31506013418384027
0.5244960708304384, 0.31506013418384027
0.5244960708304384, 0.31506013418384027
0.5244960708304384, 0.31506013418384027
0.5244960708304384, 0.31506013418384027
0.5244960708304384, 0.31506013418384027
0.5244960708304384, 0.31506013418384027
0.7023488392355918, 0.32760500834850903
0.7023488392355918, 0.32760500834850903
0.7023488392355918, 0.32760500834850903
0.7023488392355918, 0.32760500834850903
0.7023488392355918, 0.32760500834850903
0.7023488392355918, 0.32760500834850903
0.7023488392355918, 0.32760500834850903
0.7023488392355918, 0.32760500834850903
0.7023488392355918, 0.32760500834850903
0.7023488392355918, 0.32760500834850903
0.5457423863067675, 0.13866695114493988
0.5457423863067675, 0.13866695114493988
0.5457423863067675, 0.13866695114493988
0.5457423863067675, 0.13866695114493988
0.5457423863067675, 0.13866695114493988
0.5457423863067675, 0.13866695114493988
0.5457423863067675, 0.13866695114493988
0.5457423863067675, 0.13866695114493988
0.5457423863067675, 0.13866695114493988
0.5457423863067675, 0.13866695114493988
0.810347933673318, 0.02833424886669289
0.810347933673318, 0.02833424886669289
0.810347933673318, 0.02833424886669289
0.810347933673318, 0.02833424886669289
0.810347933673318, 0.02833424886669289
0.810347933673318, 0.02833424886669289
0.810347933673318, 0.02833424886669289
0.810347933673318, 0.02833424886669289
0.810347933673318, 0.02833424886669289
0.810347933673318, 0.02833424886669289
0.18771826464927288, 0.6913141960598443
0.18771826464927288, 0.6913141960598443
0.18771826464927288, 0.6913141960598443
0.18771826464927288, 0.6913141960598443
0.18771826464927288, 0.6913141960598443
0.18771826464927288, 0.6913141960598443
0.18771826464927288, 0.6913141960598443
0.18771826464927288, 0.6913141960598443
0.18771826464927288, 0.6913141960598443
0.18771826464927288, 0.6913141960598443
0.1061186736762958, 0.9233643864977561
0.1061186736762958, 0.9233643864977561
0.1061186736762958, 0.9233643864977561
0.1061186736762958, 0.9233643864977561
0.1061186736762958, 0.9233643864977561
0.1061186736762958, 0.9233643864977561
0.1061186736762958, 0.9233643864977561
0.1061186736762958, 0.9233643864977561
0.1061186736762958, 0.9233643864977561
0.1061186736762958, 0.9233643864977561
0.480335280739866, 0.762121533196938
0.480335280739866, 0.762121533196938
0.480335280739866, 0.762121533196938
0.480335280739866, 0.762121533196938
0.480335280739866, 0.762121533196938
0.480335280739866, 0.762121533196938
0.480335280739866, 0.762121533196938
0.480335280739866, 0.762121533196938
0.480335280739866, 0.762121533196938
0.480335280739866, 0.762121533196938
0.7340468278972644, 0.8043970269764203
0.7340468278972644, 0.8043970269764203
0.7340468278972644, 0.8043970269764203
0.7340468278972644, 0.8043970269764203
0.7340468278972644, 0.8043970269764203
0.7340468278972644, 0.8043970269764203
0.7340468278972644, 0.8043970269764203
0.7340468278972644, 0.8043970269764203
0.7340468278972644, 0.8043970269764203
0.7340468278972644, 0.8043970269764203
0.45204197279354374, 0.38065101544018165
0.45204197279354374, 0.38065101544018165
0.45204197279354374, 0.38065101544018165
0.45204197279354374, 0.38065101544018165
0.45204197279354374, 0.38065101544018165
0.45204197279354374, 0.38065101544018165
0.45204197279354374, 0.38065101544018165
0.45204197279354374, 0.38065101544018165
0.45204197279354374, 0.38065101544018165
0.45204197279354374, 0.38065101544018165
