1e-05
0.36826335835355606, 0.16497062567190812
0.36826335835355606, 0.16497062567190812
0.36826335835355606, 0.16497062567190812
0.36826335835355606, 0.16497062567190812
0.36826335835355606, 0.16497062567190812
0.36826335835355606, 0.16497062567190812
0.36826335835355606, 0.16497062567190812
0.36826335835355606, 0.16497062567190812
0.36826335835355606, 0.16497062567190812
0.36826335835355606, 0.16497062567190812
0.8921374064141426, 0.4623286726994307
0.8921374064141426, 0.4623286726994307
0.8921374064141426, 0.4623286726994307
0.8921374064141426, 0.4623286726994307
0.8921374064141426, 0.4623286726994307
0.8921374064141426, 0.4623286726994307
0.8921374064141426, 0.4623286726994307
0.8921374064141426, 0.4623286726994307
0.8921374064141426, 0.4623286726994307
0.8921374064141426, 0.4623286726994307
0.4587788829911106, 0.30537157472337983
0.4587788829911106, 0.30537157472337983
0.4587788829911106, 0.30537157472337983
0.4587788829911106, 0.30537157472337983
0.4587788829911106, 0.30537157472337983
0.4587788829911106, 0.30537157472337983
0.4587788829911106, 0.30537157472337983
0.4587788829911106, 0.30537157472337983
0.4587788829911106, 0.30537157472337983
0.4587788829911106, 0.30537157472337983
0.26773671949106526, 0.4795803143444398
0.26773671949106526, 0.4795803143444398
0.26773671949106526, 0.4795803143444398
0.26773671949106526, 0.4795803143444398
0.26773671949106526, 0.4795803143444398
0.26773671949106526, 0.4795803143444398
0.26773671949106526, 0.4795803143444398
0.26773671949106526, 0.4795803143444398
0.26773671949106526, 0.4795803143444398
0.26773671949106526, 0.4795803143444398
0.04915036081791768, 0.6550677877546873
0.04915036081791768, 0.6550677877546873
0.04915036081791768, 0.6550677877546873
0.04915036081791768, 0.6550677877546873
0.04915036081791768, 0.6550677877546873
0.04915036081791768, 0.6550677877546873
0.04915036081791768, 0.6550677877546873
0.04915036081791768, 0.6550677877546873
0.04915036081791768, 0.6550677877546873
0.04915036081791768, 0.6550677877546873
0.7194339468231377, 0.31154313009988577
0.7194339468231377, 0.31154313009988577
0.7194339468231377, 0.31154313009988577
0.7194339468231377, 0.31154313009988577
0.7194339468231377, 0.31154313009988577
0.7194339468231377, 0.31154313009988577
0.7194339468231377, 0.31154313009988577
0.7194339468231377, 0.31154313009988577
0.7194339468231377, 0.31154313009988577
0.7194339468231377, 0.31154313009988577
0.8151711805539233, 0.8063735002550247
0.8151711805539233, 0.8063735002550247
0.8151711805539233, 0.8063735002550247
0.8151711805539233, 0.8063735002550247
0.8151711805539233, 0.8063735002550247
0.8151711805539233, 0.8063735002550247
0.8151711805539233, 0.8063735002550247
0.8151711805539233, 0.8063735002550247
0.8151711805539233, 0.8063735002550247
0.8151711805539233, 0.8063735002550247
0.9327954651477405, 0.16687708574667837
0.9327954651477405, 0.16687708574667837
0.9327954651477405, 0.16687708574667837
0.9327954651477405, 0.16687708574667837
0.9327954651477405, 0.16687708574667837
0.9327954651477405, 0.16687708574667837
0.9327954651477405, 0.16687708574667837
0.9327954651477405, 0.16687708574667837
0.9327954651477405, 0.16687708574667837
0.9327954651477405, 0.16687708574667837
0.7907983078611506, 0.43181438838209707
0.7907983078611506, 0.43181438838209707
0.7907983078611506, 0.43181438838209707
0.7907983078611506, 0.43181438838209707
0.7907983078611506, 0.43181438838209707
0.7907983078611506, 0.43181438838209707
0.7907983078611506, 0.43181438838209707
0.7907983078611506, 0.43181438838209707
0.7907983078611506, 0.43181438838209707
0.7907983078611506, 0.43181438838209707
0.6310739691231521, 0.893222622666994
0.6310739691231521, 0.893222622666994
0.6310739691231521, 0.893222622666994
0.6310739691231521, 0.893222622666994
0.6310739691231521, 0.893222622666994
0.6310739691231521, 0.893222622666994
0.6310739691231521, 0.893222622666994
0.6310739691231521, 0.893222622666994
0.6310739691231521, 0.893222622666994
0.6310739691231521, 0.893222622666994
