1e-05
0.9232353498249801, 0.3615669603352505
0.9232353498249801, 0.3615669603352505
0.9232353498249801, 0.3615669603352505
0.9232353498249801, 0.3615669603352505
0.9232353498249801, 0.3615669603352505
0.9232353498249801, 0.3615669603352505
0.9232353498249801, 0.3615669603352505
0.9232353498249801, 0.3615669603352505
0.9232353498249801, 0.3615669603352505
0.9232353498249801, 0.3615669603352505
0.2045962142486455, 0.8430011673520504
0.2045962142486455, 0.8430011673520504
0.2045962142486455, 0.8430011673520504
0.2045962142486455, 0.8430011673520504
0.2045962142486455, 0.8430011673520504
0.2045962142486455, 0.8430011673520504
0.2045962142486455, 0.8430011673520504
0.2045962142486455, 0.8430011673520504
0.2045962142486455, 0.8430011673520504
0.2045962142486455, 0.8430011673520504
0.26294254024263153, 0.11191642805326929
0.26294254024263153, 0.11191642805326929
0.26294254024263153, 0.11191642805326929
0.26294254024263153, 0.11191642805326929
0.26294254024263153, 0.11191642805326929
0.26294254024263153, 0.11191642805326929
0.26294254024263153, 0.11191642805326929
0.26294254024263153, 0.11191642805326929
0.26294254024263153, 0.11191642805326929
0.26294254024263153, 0.11191642805326929
0.01231110449915418, 0.570104750961568
0.01231110449915418, 0.570104750961568
0.01231110449915418, 0.570104750961568
0.01231110449915418, 0.570104750961568
0.01231110449915418, 0.570104750961568
0.01231110449915418, 0.570104750961568
0.01231110449915418, 0.570104750961568
0.01231110449915418, 0.570104750961568
0.01231110449915418, 0.570104750961568
0.01231110449915418, 0.570104750961568
0.3480456850363044, 0.4605943965627336
0.3480456850363044, 0.4605943965627336
0.3480456850363044, 0.4605943965627336
0.3480456850363044, 0.4605943965627336
0.3480456850363044, 0.4605943965627336
0.3480456850363044, 0.4605943965627336
0.3480456850363044, 0.4605943965627336
0.3480456850363044, 0.4605943965627336
0.3480456850363044, 0.4605943965627336
0.3480456850363044, 0.4605943965627336
0.6617805767553779, 0.5147480746140469
0.6617805767553779, 0.5147480746140469
0.6617805767553779, 0.5147480746140469
0.6617805767553779, 0.5147480746140469
0.6617805767553779, 0.5147480746140469
0.6617805767553779, 0.5147480746140469
0.6617805767553779, 0.5147480746140469
0.6617805767553779, 0.5147480746140469
0.6617805767553779, 0.5147480746140469
0.6617805767553779, 0.5147480746140469
0.14551335067290672, 0.44916830231385296
0.14551335067290672, 0.44916830231385296
0.14551335067290672, 0.44916830231385296
0.14551335067290672, 0.44916830231385296
0.14551335067290672, 0.44916830231385296
0.14551335067290672, 0.44916830231385296
0.14551335067290672, 0.44916830231385296
0.14551335067290672, 0.44916830231385296
0.14551335067290672, 0.44916830231385296
0.14551335067290672, 0.44916830231385296
0.02251800953728611, 0.20337386587335438
0.02251800953728611, 0.20337386587335438
0.02251800953728611, 0.20337386587335438
0.02251800953728611, 0.20337386587335438
0.02251800953728611, 0.20337386587335438
0.02251800953728611, 0.20337386587335438
0.02251800953728611, 0.20337386587335438
0.02251800953728611, 0.20337386587335438
0.02251800953728611, 0.20337386587335438
0.02251800953728611, 0.20337386587335438
0.8978284066840614, 0.7183616013954167
0.8978284066840614, 0.7183616013954167
0.8978284066840614, 0.7183616013954167
0.8978284066840614, 0.7183616013954167
0.8978284066840614, 0.7183616013954167
0.8978284066840614, 0.7183616013954167
0.8978284066840614, 0.7183616013954167
0.8978284066840614, 0.7183616013954167
0.8978284066840614, 0.7183616013954167
0.8978284066840614, 0.7183616013954167
0.22317081684265283, 0.5414659159464368
0.22317081684265283, 0.5414659159464368
0.22317081684265283, 0.5414659159464368
0.22317081684265283, 0.5414659159464368
0.22317081684265283, 0.5414659159464368
0.22317081684265283, 0.5414659159464368
0.22317081684265283, 0.5414659159464368
0.22317081684265283, 0.5414659159464368
0.22317081684265283, 0.5414659159464368
0.22317081684265283, 0.5414659159464368
