1e-05
0.998228589450594, 0.5559370170762709
0.998228589450594, 0.5559370170762709
0.998228589450594, 0.5559370170762709
0.998228589450594, 0.5559370170762709
0.998228589450594, 0.5559370170762709
0.998228589450594, 0.5559370170762709
0.998228589450594, 0.5559370170762709
0.998228589450594, 0.5559370170762709
0.998228589450594, 0.5559370170762709
0.998228589450594, 0.5559370170762709
0.38337769657887033, 0.9524363535262345
0.38337769657887033, 0.9524363535262345
0.38337769657887033, 0.9524363535262345
0.38337769657887033, 0.9524363535262345
0.38337769657887033, 0.9524363535262345
0.38337769657887033, 0.9524363535262345
0.38337769657887033, 0.9524363535262345
0.38337769657887033, 0.9524363535262345
0.38337769657887033, 0.9524363535262345
0.38337769657887033, 0.9524363535262345
0.10216346695503664, 0.5733259485611252
0.10216346695503664, 0.5733259485611252
0.10216346695503664, 0.5733259485611252
0.10216346695503664, 0.5733259485611252
0.10216346695503664, 0.5733259485611252
0.10216346695503664, 0.5733259485611252
0.10216346695503664, 0.5733259485611252
0.10216346695503664, 0.5733259485611252
0.10216346695503664, 0.5733259485611252
0.10216346695503664, 0.5733259485611252
0.7604821384408508, 0.6540722422959896
0.7604821384408508, 0.6540722422959896
0.7604821384408508, 0.6540722422959896
0.7604821384408508, 0.6540722422959896
0.7604821384408508, 0.6540722422959896
0.7604821384408508, 0.6540722422959896
0.7604821384408508, 0.6540722422959896
0.7604821384408508, 0.6540722422959896
0.7604821384408508, 0.6540722422959896
0.7604821384408508, 0.6540722422959896
0.782236734137607, 0.242515937816688
0.782236734137607, 0.242515937816688
0.782236734137607, 0.242515937816688
0.782236734137607, 0.242515937816688
0.782236734137607, 0.242515937816688
0.782236734137607, 0.242515937816688
0.782236734137607, 0.242515937816688
0.782236734137607, 0.242515937816688
0.782236734137607, 0.242515937816688
0.782236734137607, 0.242515937816688
0.6214332321255615, 0.5377284509826237
0.6214332321255615, 0.5377284509826237
0.6214332321255615, 0.5377284509826237
0.6214332321255615, 0.5377284509826237
0.6214332321255615, 0.5377284509826237
0.6214332321255615, 0.5377284509826237
0.6214332321255615, 0.5377284509826237
0.6214332321255615, 0.5377284509826237
0.6214332321255615, 0.5377284509826237
0.6214332321255615, 0.5377284509826237
0.4519995761789104, 0.6374196267351496
0.4519995761789104, 0.6374196267351496
0.4519995761789104, 0.6374196267351496
0.4519995761789104, 0.6374196267351496
0.4519995761789104, 0.6374196267351496
0.4519995761789104, 0.6374196267351496
0.4519995761789104, 0.6374196267351496
0.4519995761789104, 0.6374196267351496
0.4519995761789104, 0.6374196267351496
0.4519995761789104, 0.6374196267351496
0.11819870385632003, 0.252963369949015
0.11819870385632003, 0.252963369949015
0.11819870385632003, 0.252963369949015
0.11819870385632003, 0.252963369949015
0.11819870385632003, 0.252963369949015
0.11819870385632003, 0.252963369949015
0.11819870385632003, 0.252963369949015
0.11819870385632003, 0.252963369949015
0.11819870385632003, 0.252963369949015
0.11819870385632003, 0.252963369949015
0.6123411393211494, 0.8330133958788657
0.6123411393211494, 0.8330133958788657
0.6123411393211494, 0.8330133958788657
0.6123411393211494, 0.8330133958788657
0.6123411393211494, 0.8330133958788657
0.6123411393211494, 0.8330133958788657
0.6123411393211494, 0.8330133958788657
0.6123411393211494, 0.8330133958788657
0.6123411393211494, 0.8330133958788657
0.6123411393211494, 0.8330133958788657
0.3219600406211931, 0.8635222197797344
0.3219600406211931, 0.8635222197797344
0.3219600406211931, 0.8635222197797344
0.3219600406211931, 0.8635222197797344
0.3219600406211931, 0.8635222197797344
0.3219600406211931, 0.8635222197797344
0.3219600406211931, 0.8635222197797344
0.3219600406211931, 0.8635222197797344
0.3219600406211931, 0.8635222197797344
0.3219600406211931, 0.8635222197797344
