1e-05
0.25094697464553184, 0.40339458100967074
0.25094697464553184, 0.40339458100967074
0.25094697464553184, 0.40339458100967074
0.25094697464553184, 0.40339458100967074
0.25094697464553184, 0.40339458100967074
0.25094697464553184, 0.40339458100967074
0.25094697464553184, 0.40339458100967074
0.25094697464553184, 0.40339458100967074
0.25094697464553184, 0.40339458100967074
0.25094697464553184, 0.40339458100967074
0.8960189961361003, 0.8483549969936983
0.8960189961361003, 0.8483549969936983
0.8960189961361003, 0.8483549969936983
0.8960189961361003, 0.8483549969936983
0.8960189961361003, 0.8483549969936983
0.8960189961361003, 0.8483549969936983
0.8960189961361003, 0.8483549969936983
0.8960189961361003, 0.8483549969936983
0.8960189961361003, 0.8483549969936983
0.8960189961361003, 0.8483549969936983
0.8178105934089943, 0.7213095779345335
0.8178105934089943, 0.7213095779345335
0.8178105934089943, 0.7213095779345335
0.8178105934089943, 0.7213095779345335
0.8178105934089943, 0.7213095779345335
0.8178105934089943, 0.7213095779345335
0.8178105934089943, 0.7213095779345335
0.8178105934089943, 0.7213095779345335
0.8178105934089943, 0.7213095779345335
0.8178105934089943, 0.7213095779345335
0.16683292728658017, 0.003740480714501726
0.16683292728658017, 0.003740480714501726
0.16683292728658017, 0.003740480714501726
0.16683292728658017, 0.003740480714501726
0.16683292728658017, 0.003740480714501726
0.16683292728658017, 0.003740480714501726
0.16683292728658017, 0.003740480714501726
0.16683292728658017, 0.003740480714501726
0.16683292728658017, 0.003740480714501726
0.16683292728658017, 0.003740480714501726
0.9788821446078283, 0.38121287556007777
0.9788821446078283, 0.38121287556007777
0.9788821446078283, 0.38121287556007777
0.9788821446078283, 0.38121287556007777
0.9788821446078283, 0.38121287556007777
0.9788821446078283, 0.38121287556007777
0.9788821446078283, 0.38121287556007777
0.9788821446078283, 0.38121287556007777
0.9788821446078283, 0.38121287556007777
0.9788821446078283, 0.38121287556007777
0.4939919964372619, 0.8921050892366308
0.4939919964372619, 0.8921050892366308
0.4939919964372619, 0.8921050892366308
0.4939919964372619, 0.8921050892366308
0.4939919964372619, 0.8921050892366308
0.4939919964372619, 0.8921050892366308
0.4939919964372619, 0.8921050892366308
0.4939919964372619, 0.8921050892366308
0.4939919964372619, 0.8921050892366308
0.4939919964372619, 0.8921050892366308
0.8203829535593772, 0.45546475140921394
0.8203829535593772, 0.45546475140921394
0.8203829535593772, 0.45546475140921394
0.8203829535593772, 0.45546475140921394
0.8203829535593772, 0.45546475140921394
0.8203829535593772, 0.45546475140921394
0.8203829535593772, 0.45546475140921394
0.8203829535593772, 0.45546475140921394
0.8203829535593772, 0.45546475140921394
0.8203829535593772, 0.45546475140921394
0.21280652843841918, 0.9141284666225364
0.21280652843841918, 0.9141284666225364
0.21280652843841918, 0.9141284666225364
0.21280652843841918, 0.9141284666225364
0.21280652843841918, 0.9141284666225364
0.21280652843841918, 0.9141284666225364
0.21280652843841918, 0.9141284666225364
0.21280652843841918, 0.9141284666225364
0.21280652843841918, 0.9141284666225364
0.21280652843841918, 0.9141284666225364
0.4063541426505419, 0.309795673258628
0.4063541426505419, 0.309795673258628
0.4063541426505419, 0.309795673258628
0.4063541426505419, 0.309795673258628
0.4063541426505419, 0.309795673258628
0.4063541426505419, 0.309795673258628
0.4063541426505419, 0.309795673258628
0.4063541426505419, 0.309795673258628
0.4063541426505419, 0.309795673258628
0.4063541426505419, 0.309795673258628
0.12865798219961078, 0.8621297985681472
0.12865798219961078, 0.8621297985681472
0.12865798219961078, 0.8621297985681472
0.12865798219961078, 0.8621297985681472
0.12865798219961078, 0.8621297985681472
0.12865798219961078, 0.8621297985681472
0.12865798219961078, 0.8621297985681472
0.12865798219961078, 0.8621297985681472
0.12865798219961078, 0.8621297985681472
0.12865798219961078, 0.8621297985681472
