1e-05
0.20018797873145344, 0.8625013671193332
0.20018797873145344, 0.8625013671193332
0.20018797873145344, 0.8625013671193332
0.20018797873145344, 0.8625013671193332
0.20018797873145344, 0.8625013671193332
0.20018797873145344, 0.8625013671193332
0.20018797873145344, 0.8625013671193332
0.20018797873145344, 0.8625013671193332
0.20018797873145344, 0.8625013671193332
0.20018797873145344, 0.8625013671193332
0.5409753464546866, 0.34551622216629263
0.5409753464546866, 0.34551622216629263
0.5409753464546866, 0.34551622216629263
0.5409753464546866, 0.34551622216629263
0.5409753464546866, 0.34551622216629263
0.5409753464546866, 0.34551622216629263
0.5409753464546866, 0.34551622216629263
0.5409753464546866, 0.34551622216629263
0.5409753464546866, 0.34551622216629263
0.5409753464546866, 0.34551622216629263
0.5835789237901273, 0.18697131068455297
0.5835789237901273, 0.18697131068455297
0.5835789237901273, 0.18697131068455297
0.5835789237901273, 0.18697131068455297
0.5835789237901273, 0.18697131068455297
0.5835789237901273, 0.18697131068455297
0.5835789237901273, 0.18697131068455297
0.5835789237901273, 0.18697131068455297
0.5835789237901273, 0.18697131068455297
0.5835789237901273, 0.18697131068455297
0.9637363646292413, 0.762473977005863
0.9637363646292413, 0.762473977005863
0.9637363646292413, 0.762473977005863
0.9637363646292413, 0.762473977005863
0.9637363646292413, 0.762473977005863
0.9637363646292413, 0.762473977005863
0.9637363646292413, 0.762473977005863
0.9637363646292413, 0.762473977005863
0.9637363646292413, 0.762473977005863
0.9637363646292413, 0.762473977005863
0.10675367426093108, 0.5411852332258348
0.10675367426093108, 0.5411852332258348
0.10675367426093108, 0.5411852332258348
0.10675367426093108, 0.5411852332258348
0.10675367426093108, 0.5411852332258348
0.10675367426093108, 0.5411852332258348
0.10675367426093108, 0.5411852332258348
0.10675367426093108, 0.5411852332258348
0.10675367426093108, 0.5411852332258348
0.10675367426093108, 0.5411852332258348
0.3667139806601517, 0.6853550501588573
0.3667139806601517, 0.6853550501588573
0.3667139806601517, 0.6853550501588573
0.3667139806601517, 0.6853550501588573
0.3667139806601517, 0.6853550501588573
0.3667139806601517, 0.6853550501588573
0.3667139806601517, 0.6853550501588573
0.3667139806601517, 0.6853550501588573
0.3667139806601517, 0.6853550501588573
0.3667139806601517, 0.6853550501588573
0.5125665133046764, 0.9406266325667542
0.5125665133046764, 0.9406266325667542
0.5125665133046764, 0.9406266325667542
0.5125665133046764, 0.9406266325667542
0.5125665133046764, 0.9406266325667542
0.5125665133046764, 0.9406266325667542
0.5125665133046764, 0.9406266325667542
0.5125665133046764, 0.9406266325667542
0.5125665133046764, 0.9406266325667542
0.5125665133046764, 0.9406266325667542
0.723889581922609, 0.4055623347931746
0.723889581922609, 0.4055623347931746
0.723889581922609, 0.4055623347931746
0.723889581922609, 0.4055623347931746
0.723889581922609, 0.4055623347931746
0.723889581922609, 0.4055623347931746
0.723889581922609, 0.4055623347931746
0.723889581922609, 0.4055623347931746
0.723889581922609, 0.4055623347931746
0.723889581922609, 0.4055623347931746
0.06845501011439792, 0.6723839550989478
0.06845501011439792, 0.6723839550989478
0.06845501011439792, 0.6723839550989478
0.06845501011439792, 0.6723839550989478
0.06845501011439792, 0.6723839550989478
0.06845501011439792, 0.6723839550989478
0.06845501011439792, 0.6723839550989478
0.06845501011439792, 0.6723839550989478
0.06845501011439792, 0.6723839550989478
0.06845501011439792, 0.6723839550989478
0.43322144501126514, 0.5870007208596488
0.43322144501126514, 0.5870007208596488
0.43322144501126514, 0.5870007208596488
0.43322144501126514, 0.5870007208596488
0.43322144501126514, 0.5870007208596488
0.43322144501126514, 0.5870007208596488
0.43322144501126514, 0.5870007208596488
0.43322144501126514, 0.5870007208596488
0.43322144501126514, 0.5870007208596488
0.43322144501126514, 0.5870007208596488
