1e-05
0.8640037426220947, 0.44299711956569854
0.8640037426220947, 0.44299711956569854
0.8640037426220947, 0.44299711956569854
0.8640037426220947, 0.44299711956569854
0.8640037426220947, 0.44299711956569854
0.8640037426220947, 0.44299711956569854
0.8640037426220947, 0.44299711956569854
0.8640037426220947, 0.44299711956569854
0.8640037426220947, 0.44299711956569854
0.8640037426220947, 0.44299711956569854
0.015215250953941717, 0.8396797703609186
0.015215250953941717, 0.8396797703609186
0.015215250953941717, 0.8396797703609186
0.015215250953941717, 0.8396797703609186
0.015215250953941717, 0.8396797703609186
0.015215250953941717, 0.8396797703609186
0.015215250953941717, 0.8396797703609186
0.015215250953941717, 0.8396797703609186
0.015215250953941717, 0.8396797703609186
0.015215250953941717, 0.8396797703609186
0.5305326206764767, 0.34329378128306753
0.5305326206764767, 0.34329378128306753
0.5305326206764767, 0.34329378128306753
0.5305326206764767, 0.34329378128306753
0.5305326206764767, 0.34329378128306753
0.5305326206764767, 0.34329378128306753
0.5305326206764767, 0.34329378128306753
0.5305326206764767, 0.34329378128306753
0.5305326206764767, 0.34329378128306753
0.5305326206764767, 0.34329378128306753
0.2944971828716336, 0.8796410308670627
0.2944971828716336, 0.8796410308670627
0.2944971828716336, 0.8796410308670627
0.2944971828716336, 0.8796410308670627
0.2944971828716336, 0.8796410308670627
0.2944971828716336, 0.8796410308670627
0.2944971828716336, 0.8796410308670627
0.2944971828716336, 0.8796410308670627
0.2944971828716336, 0.8796410308670627
0.2944971828716336, 0.8796410308670627
0.48609525831794986, 0.5712738571412721
0.48609525831794986, 0.5712738571412721
0.48609525831794986, 0.5712738571412721
0.48609525831794986, 0.5712738571412721
0.48609525831794986, 0.5712738571412721
0.48609525831794986, 0.5712738571412721
0.48609525831794986, 0.5712738571412721
0.48609525831794986, 0.5712738571412721
0.48609525831794986, 0.5712738571412721
0.48609525831794986, 0.5712738571412721
0.6986562494820572, 0.5263588624347937
0.6986562494820572, 0.5263588624347937
0.6986562494820572, 0.5263588624347937
0.6986562494820572, 0.5263588624347937
0.6986562494820572, 0.5263588624347937
0.6986562494820572, 0.5263588624347937
0.6986562494820572, 0.5263588624347937
0.6986562494820572, 0.5263588624347937
0.6986562494820572, 0.5263588624347937
0.6986562494820572, 0.5263588624347937
0.7843307410535555, 0.930708023483209
0.7843307410535555, 0.930708023483209
0.7843307410535555, 0.930708023483209
0.7843307410535555, 0.930708023483209
0.7843307410535555, 0.930708023483209
0.7843307410535555, 0.930708023483209
0.7843307410535555, 0.930708023483209
0.7843307410535555, 0.930708023483209
0.7843307410535555, 0.930708023483209
0.7843307410535555, 0.930708023483209
0.8157182120495899, 0.8632928073957008
0.8157182120495899, 0.8632928073957008
0.8157182120495899, 0.8632928073957008
0.8157182120495899, 0.8632928073957008
0.8157182120495899, 0.8632928073957008
0.8157182120495899, 0.8632928073957008
0.8157182120495899, 0.8632928073957008
0.8157182120495899, 0.8632928073957008
0.8157182120495899, 0.8632928073957008
0.8157182120495899, 0.8632928073957008
0.42565512901356495, 0.786068652308602
0.42565512901356495, 0.786068652308602
0.42565512901356495, 0.786068652308602
0.42565512901356495, 0.786068652308602
0.42565512901356495, 0.786068652308602
0.42565512901356495, 0.786068652308602
0.42565512901356495, 0.786068652308602
0.42565512901356495, 0.786068652308602
0.42565512901356495, 0.786068652308602
0.42565512901356495, 0.786068652308602
0.7378818584154482, 0.8272854080052954
0.7378818584154482, 0.8272854080052954
0.7378818584154482, 0.8272854080052954
0.7378818584154482, 0.8272854080052954
0.7378818584154482, 0.8272854080052954
0.7378818584154482, 0.8272854080052954
0.7378818584154482, 0.8272854080052954
0.7378818584154482, 0.8272854080052954
0.7378818584154482, 0.8272854080052954
0.7378818584154482, 0.8272854080052954
