1e-05
0.470833434267525, 0.6060964350006779
0.470833434267525, 0.6060964350006779
0.470833434267525, 0.6060964350006779
0.470833434267525, 0.6060964350006779
0.470833434267525, 0.6060964350006779
0.470833434267525, 0.6060964350006779
0.470833434267525, 0.6060964350006779
0.470833434267525, 0.6060964350006779
0.470833434267525, 0.6060964350006779
0.470833434267525, 0.6060964350006779
0.08391253219388417, 0.7900660167263772
0.08391253219388417, 0.7900660167263772
0.08391253219388417, 0.7900660167263772
0.08391253219388417, 0.7900660167263772
0.08391253219388417, 0.7900660167263772
0.08391253219388417, 0.7900660167263772
0.08391253219388417, 0.7900660167263772
0.08391253219388417, 0.7900660167263772
0.08391253219388417, 0.7900660167263772
0.08391253219388417, 0.7900660167263772
0.04359790992226886, 0.42629330945006905
0.04359790992226886, 0.42629330945006905
0.04359790992226886, 0.42629330945006905
0.04359790992226886, 0.42629330945006905
0.04359790992226886, 0.42629330945006905
0.04359790992226886, 0.42629330945006905
0.04359790992226886, 0.42629330945006905
0.04359790992226886, 0.42629330945006905
0.04359790992226886, 0.42629330945006905
0.04359790992226886, 0.42629330945006905
0.619788621056513, 0.7304831039039649
0.619788621056513, 0.7304831039039649
0.619788621056513, 0.7304831039039649
0.619788621056513, 0.7304831039039649
0.619788621056513, 0.7304831039039649
0.619788621056513, 0.7304831039039649
0.619788621056513, 0.7304831039039649
0.619788621056513, 0.7304831039039649
0.619788621056513, 0.7304831039039649
0.619788621056513, 0.7304831039039649
0.5688244434695463, 0.3819749166954517
0.5688244434695463, 0.3819749166954517
0.5688244434695463, 0.3819749166954517
0.5688244434695463, 0.3819749166954517
0.5688244434695463, 0.3819749166954517
0.5688244434695463, 0.3819749166954517
0.5688244434695463, 0.3819749166954517
0.5688244434695463, 0.3819749166954517
0.5688244434695463, 0.3819749166954517
0.5688244434695463, 0.3819749166954517
0.07625235787089535, 0.7074334155905738
0.07625235787089535, 0.7074334155905738
0.07625235787089535, 0.7074334155905738
0.07625235787089535, 0.7074334155905738
0.07625235787089535, 0.7074334155905738
0.07625235787089535, 0.7074334155905738
0.07625235787089535, 0.7074334155905738
0.07625235787089535, 0.7074334155905738
0.07625235787089535, 0.7074334155905738
0.07625235787089535, 0.7074334155905738
0.48584278368925504, 0.1923918388702609
0.48584278368925504, 0.1923918388702609
0.48584278368925504, 0.1923918388702609
0.48584278368925504, 0.1923918388702609
0.48584278368925504, 0.1923918388702609
0.48584278368925504, 0.1923918388702609
0.48584278368925504, 0.1923918388702609
0.48584278368925504, 0.1923918388702609
0.48584278368925504, 0.1923918388702609
0.48584278368925504, 0.1923918388702609
0.3820647870013175, 0.25352082944792786
0.3820647870013175, 0.25352082944792786
0.3820647870013175, 0.25352082944792786
0.3820647870013175, 0.25352082944792786
0.3820647870013175, 0.25352082944792786
0.3820647870013175, 0.25352082944792786
0.3820647870013175, 0.25352082944792786
0.3820647870013175, 0.25352082944792786
0.3820647870013175, 0.25352082944792786
0.3820647870013175, 0.25352082944792786
0.2503408680904263, 0.884889609486587
0.2503408680904263, 0.884889609486587
0.2503408680904263, 0.884889609486587
0.2503408680904263, 0.884889609486587
0.2503408680904263, 0.884889609486587
0.2503408680904263, 0.884889609486587
0.2503408680904263, 0.884889609486587
0.2503408680904263, 0.884889609486587
0.2503408680904263, 0.884889609486587
0.2503408680904263, 0.884889609486587
0.37183546941350487, 0.8249368693721619
0.37183546941350487, 0.8249368693721619
0.37183546941350487, 0.8249368693721619
0.37183546941350487, 0.8249368693721619
0.37183546941350487, 0.8249368693721619
0.37183546941350487, 0.8249368693721619
0.37183546941350487, 0.8249368693721619
0.37183546941350487, 0.8249368693721619
0.37183546941350487, 0.8249368693721619
0.37183546941350487, 0.8249368693721619
