1e-05
0.2413040034132128, 0.8654067608881837
0.7476258827591583, 0.3164240798405995
0.41171840140726157, 0.9181965227152182
0.03868753525748281, 0.6375171155511328
0.05595121681681714, 0.6580983110384119
0.08212253638523614, 0.8909174983634386
0.6828398594861113, 0.06140551955405171
0.2227713952631939, 0.5031644341488324
0.32391417278262125, 0.4038574965465159
0.009514164095783761, 0.4048037969671786
0.898675441432822, 0.747797584780804
0.9225799813431116, 0.7862705045609903
0.3212054950975046, 0.8038503227627055
0.22147983647195857, 0.9116161602496207
0.3156687972985647, 0.7282429866328629
0.24301191311047354, 0.0071742462744027735
0.540373768840927, 0.3107265741451244
0.9068186178735312, 0.16321329162047649
0.6796242584597763, 0.4528127776640406
0.4344521030338724, 0.9825471890215385
0.369486514460329, 0.49572216967353033
0.29130633323755994, 0.6300969842520415
0.6120715978883038, 0.47532684113340684
0.4071495218911374, 0.3374385027621162
0.4663408696978838, 0.7972941929829936
0.5640810034682939, 0.61845749627831
0.6367953196079419, 0.6367002594147556
0.3865868834468943, 0.17605908125060055
0.2615426750353731, 0.5827120409815457
0.4071387954492294, 0.051010852804923346
0.20199916314622968, 0.7057342222034991
0.6763594532430082, 0.2194810490301704
0.5194106847397082, 0.9331137412490127
0.9647488345561139, 0.3264255025866286
0.5232585440533422, 0.23960361342144498
0.5663541761710703, 0.5236985298140647
0.49193358008597465, 0.9842399083023202
0.01867451431333811, 0.5493253449543641
0.9092359003469099, 0.7024877091485627
0.34244692745623173, 0.5839154835779297
0.45723836097402915, 0.5516350345772066
0.786781635135001, 0.09496718697531781
0.6440782698234881, 0.3318413139291646
0.24757784092657398, 0.4056596936759741
0.1294412714679981, 0.7893398452541943
0.31524124603083725, 0.30763883101701617
0.39334453326969365, 0.842888216278726
0.9196393444102983, 0.9787716619293871
0.42609486377985506, 0.9300308959294911
0.11458571691494812, 0.9648272721819271
0.06329985023696238, 0.9847412332793591
0.45892169312602893, 0.6958363074143157
0.1501079871511556, 0.22559676651527727
0.5739455293930197, 0.003639390924399355
0.00566508248644082, 0.548166401075072
0.12158351840797421, 0.7713346558862016
0.36475573189486943, 0.8422853591459893
0.07767892509385543, 0.971423226726471
0.11097477777129783, 0.6920342831409606
0.05983572811833804, 0.19129841550105753
0.9570235968817318, 0.07202083636466827
0.1850701852931944, 0.10727131996102202
0.6438494993149075, 0.33460298157596957
0.768483351047797, 0.8935802559607243
0.48032278927008587, 0.12118136542956237
0.5562614586296489, 0.961934437162463
0.7549941699976833, 0.47531844167554127
0.33181474187963955, 0.1764626353306017
0.8816968610265618, 0.1273935335408325
0.1936463891731226, 0.23931864269884529
0.9582713495412206, 0.22431427015026695
0.08408695120316168, 0.22814155012215898
0.7135224079488411, 0.7184394729059739
0.6135940728226998, 0.09634356882980644
0.14187137210099798, 0.04718581895437923
0.06656908223739055, 0.0458304301905319
0.8314924822110275, 0.510157755207054
0.7667225718506226, 0.2852549556567413
0.41095755897663155, 0.2547246309592823
0.37068778938724445, 0.5449796497655841
0.38670233153153455, 0.34683865456632956
0.7572049779242633, 0.22630897261536598
0.9938216376764378, 0.4038207184008127
0.9627935854082277, 0.6323198517119363
0.008900258193369703, 0.006709630609792461
0.5942946565779595, 0.8911793749083041
0.7809218454300807, 0.30531931891271047
0.5185113376637823, 0.2902409614533099
0.3836750749429516, 0.9792252334288472
0.38866228766363753, 0.960585956499817
0.5292102220296423, 0.45033120804264126
0.5075316290346412, 0.7517121234536698
0.47117132431504016, 0.4308353876736395
0.7165911416254468, 0.824588849390768
0.8466877526818118, 0.1933684828746437
0.6285851178639258, 0.47896291667677826
0.14526819134201963, 0.25256821483184155
0.3709267908187921, 0.22935919682194028
0.2724785988027407, 0.17947990233947608
0.7332978959432176, 0.9086295042252579
