1e-05
0.795485225027814, 0.7180390923011922
0.795485225027814, 0.7180390923011922
0.795485225027814, 0.7180390923011922
0.795485225027814, 0.7180390923011922
0.795485225027814, 0.7180390923011922
0.795485225027814, 0.7180390923011922
0.795485225027814, 0.7180390923011922
0.795485225027814, 0.7180390923011922
0.795485225027814, 0.7180390923011922
0.795485225027814, 0.7180390923011922
0.4539952088883056, 0.6061281974846465
0.4539952088883056, 0.6061281974846465
0.4539952088883056, 0.6061281974846465
0.4539952088883056, 0.6061281974846465
0.4539952088883056, 0.6061281974846465
0.4539952088883056, 0.6061281974846465
0.4539952088883056, 0.6061281974846465
0.4539952088883056, 0.6061281974846465
0.4539952088883056, 0.6061281974846465
0.4539952088883056, 0.6061281974846465
0.37071438715516714, 0.7945218846111686
0.37071438715516714, 0.7945218846111686
0.37071438715516714, 0.7945218846111686
0.37071438715516714, 0.7945218846111686
0.37071438715516714, 0.7945218846111686
0.37071438715516714, 0.7945218846111686
0.37071438715516714, 0.7945218846111686
0.37071438715516714, 0.7945218846111686
0.37071438715516714, 0.7945218846111686
0.37071438715516714, 0.7945218846111686
0.27299807856926717, 0.5198279967172184
0.27299807856926717, 0.5198279967172184
0.27299807856926717, 0.5198279967172184
0.27299807856926717, 0.5198279967172184
0.27299807856926717, 0.5198279967172184
0.27299807856926717, 0.5198279967172184
0.27299807856926717, 0.5198279967172184
0.27299807856926717, 0.5198279967172184
0.27299807856926717, 0.5198279967172184
0.27299807856926717, 0.5198279967172184
0.7744949379408644, 0.09216683439010953
0.7744949379408644, 0.09216683439010953
0.7744949379408644, 0.09216683439010953
0.7744949379408644, 0.09216683439010953
0.7744949379408644, 0.09216683439010953
0.7744949379408644, 0.09216683439010953
0.7744949379408644, 0.09216683439010953
0.7744949379408644, 0.09216683439010953
0.7744949379408644, 0.09216683439010953
0.7744949379408644, 0.09216683439010953
0.5189227230903616, 0.22371621370367012
0.5189227230903616, 0.22371621370367012
0.5189227230903616, 0.22371621370367012
0.5189227230903616, 0.22371621370367012
0.5189227230903616, 0.22371621370367012
0.5189227230903616, 0.22371621370367012
0.5189227230903616, 0.22371621370367012
0.5189227230903616, 0.22371621370367012
0.5189227230903616, 0.22371621370367012
0.5189227230903616, 0.22371621370367012
0.2440055941147986, 0.1826294449907211
0.2440055941147986, 0.1826294449907211
0.2440055941147986, 0.1826294449907211
0.2440055941147986, 0.1826294449907211
0.2440055941147986, 0.1826294449907211
0.2440055941147986, 0.1826294449907211
0.2440055941147986, 0.1826294449907211
0.2440055941147986, 0.1826294449907211
0.2440055941147986, 0.1826294449907211
0.2440055941147986, 0.1826294449907211
0.9411624036614742, 0.8258171568102733
0.9411624036614742, 0.8258171568102733
0.9411624036614742, 0.8258171568102733
0.9411624036614742, 0.8258171568102733
0.9411624036614742, 0.8258171568102733
0.9411624036614742, 0.8258171568102733
0.9411624036614742, 0.8258171568102733
0.9411624036614742, 0.8258171568102733
0.9411624036614742, 0.8258171568102733
0.9411624036614742, 0.8258171568102733
0.335594689263925, 0.8709065914224391
0.335594689263925, 0.8709065914224391
0.335594689263925, 0.8709065914224391
0.335594689263925, 0.8709065914224391
0.335594689263925, 0.8709065914224391
0.335594689263925, 0.8709065914224391
0.335594689263925, 0.8709065914224391
0.335594689263925, 0.8709065914224391
0.335594689263925, 0.8709065914224391
0.335594689263925, 0.8709065914224391
0.9701163356233713, 0.47640368095195496
0.9701163356233713, 0.47640368095195496
0.9701163356233713, 0.47640368095195496
0.9701163356233713, 0.47640368095195496
0.9701163356233713, 0.47640368095195496
0.9701163356233713, 0.47640368095195496
0.9701163356233713, 0.47640368095195496
0.9701163356233713, 0.47640368095195496
0.9701163356233713, 0.47640368095195496
0.9701163356233713, 0.47640368095195496
