1e-05
0.41701235519940816, 0.8706728827041825
0.41701235519940816, 0.8706728827041825
0.41701235519940816, 0.8706728827041825
0.41701235519940816, 0.8706728827041825
0.41701235519940816, 0.8706728827041825
0.41701235519940816, 0.8706728827041825
0.41701235519940816, 0.8706728827041825
0.41701235519940816, 0.8706728827041825
0.41701235519940816, 0.8706728827041825
0.41701235519940816, 0.8706728827041825
0.2584182844639423, 0.47951094294957386
0.2584182844639423, 0.47951094294957386
0.2584182844639423, 0.47951094294957386
0.2584182844639423, 0.47951094294957386
0.2584182844639423, 0.47951094294957386
0.2584182844639423, 0.47951094294957386
0.2584182844639423, 0.47951094294957386
0.2584182844639423, 0.47951094294957386
0.2584182844639423, 0.47951094294957386
0.2584182844639423, 0.47951094294957386
0.3012116266947368, 0.4213234609151668
0.3012116266947368, 0.4213234609151668
0.3012116266947368, 0.4213234609151668
0.3012116266947368, 0.4213234609151668
0.3012116266947368, 0.4213234609151668
0.3012116266947368, 0.4213234609151668
0.3012116266947368, 0.4213234609151668
0.3012116266947368, 0.4213234609151668
0.3012116266947368, 0.4213234609151668
0.3012116266947368, 0.4213234609151668
0.8715985053687891, 0.4578104607591368
0.8715985053687891, 0.4578104607591368
0.8715985053687891, 0.4578104607591368
0.8715985053687891, 0.4578104607591368
0.8715985053687891, 0.4578104607591368
0.8715985053687891, 0.4578104607591368
0.8715985053687891, 0.4578104607591368
0.8715985053687891, 0.4578104607591368
0.8715985053687891, 0.4578104607591368
0.8715985053687891, 0.4578104607591368
0.719798702842594, 0.227064848674832
0.719798702842594, 0.227064848674832
0.719798702842594, 0.227064848674832
0.719798702842594, 0.227064848674832
0.719798702842594, 0.227064848674832
0.719798702842594, 0.227064848674832
0.719798702842594, 0.227064848674832
0.719798702842594, 0.227064848674832
0.719798702842594, 0.227064848674832
0.719798702842594, 0.227064848674832
0.49051657998450604, 0.007647326302015922
0.49051657998450604, 0.007647326302015922
0.49051657998450604, 0.007647326302015922
0.49051657998450604, 0.007647326302015922
0.49051657998450604, 0.007647326302015922
0.49051657998450604, 0.007647326302015922
0.49051657998450604, 0.007647326302015922
0.49051657998450604, 0.007647326302015922
0.49051657998450604, 0.007647326302015922
0.49051657998450604, 0.007647326302015922
0.7018150157177726, 0.07238966621928489
0.7018150157177726, 0.07238966621928489
0.7018150157177726, 0.07238966621928489
0.7018150157177726, 0.07238966621928489
0.7018150157177726, 0.07238966621928489
0.7018150157177726, 0.07238966621928489
0.7018150157177726, 0.07238966621928489
0.7018150157177726, 0.07238966621928489
0.7018150157177726, 0.07238966621928489
0.7018150157177726, 0.07238966621928489
0.25003337347829513, 0.864539843821972
0.25003337347829513, 0.864539843821972
0.25003337347829513, 0.864539843821972
0.25003337347829513, 0.864539843821972
0.25003337347829513, 0.864539843821972
0.25003337347829513, 0.864539843821972
0.25003337347829513, 0.864539843821972
0.25003337347829513, 0.864539843821972
0.25003337347829513, 0.864539843821972
0.25003337347829513, 0.864539843821972
0.48547214292338103, 0.16901275163504592
0.48547214292338103, 0.16901275163504592
0.48547214292338103, 0.16901275163504592
0.48547214292338103, 0.16901275163504592
0.48547214292338103, 0.16901275163504592
0.48547214292338103, 0.16901275163504592
0.48547214292338103, 0.16901275163504592
0.48547214292338103, 0.16901275163504592
0.48547214292338103, 0.16901275163504592
0.48547214292338103, 0.16901275163504592
0.7442350220237044, 0.9531320753455338
0.7442350220237044, 0.9531320753455338
0.7442350220237044, 0.9531320753455338
0.7442350220237044, 0.9531320753455338
0.7442350220237044, 0.9531320753455338
0.7442350220237044, 0.9531320753455338
0.7442350220237044, 0.9531320753455338
0.7442350220237044, 0.9531320753455338
0.7442350220237044, 0.9531320753455338
0.7442350220237044, 0.9531320753455338
