0.1
0.5705182632857857, 0.8288566677449458
0.9147679339256475, 0.49820290198461537
0.7391700144857052, 0.9832240397279841
0.5549519877969914, 0.14637092522135664
0.6635126615790983, 0.9102317386128417
0.26829285394019387, 0.397192018350645
0.02606863170633933, 0.3130314257630882
0.761750322798043, 0.5421219766903514
0.19255240070586954, 0.3458793363530843
0.3359836754851535, 0.052249376376064305
0.51681972722089, 0.647623524784113
0.9328270141983169, 0.12186860114110576
0.9574290147252794, 0.038040853741299396
0.5432076254758615, 0.2268351318949674
0.11900404430014966, 0.6230004262149086
0.4868076103592309, 0.5782470227645452
0.07387703131738788, 0.4982023491101829
0.05780957363016925, 0.6241702805105453
0.01973515249049751, 0.28262096726884667
0.9539416748666795, 0.85533782771143
0.1295716320500775, 0.6136717112235243
0.04395986176804556, 0.5232227714636883
0.6258367871519729, 0.740225427704299
0.9587146668931537, 0.081696238605384
0.4795739657995166, 0.4766389250798163
0.017996425969198482, 0.24549020101630104
0.5374438298124821, 0.1665559280060156
0.25793251819930385, 0.766649203951407
0.5011277738389979, 0.5232200730478989
0.7632252629691682, 0.5664980252166286
0.46828787560080454, 0.7888882644879629
0.6699931289441166, 0.6520885774058232
0.5889722490468582, 0.7471317279373961
0.7800688347813897, 0.4729466773697555
0.8737620833908418, 0.045099519856633075
0.3109466794107324, 0.10371173565334768
0.08995381228499622, 0.3263022082702247
0.7773384093626826, 0.17374812137775042
0.3357206741622455, 0.15423602148004134
0.7360910966652217, 0.293670272773462
0.43770816118701605, 0.8683430215036887
0.8965426264178107, 0.35587384215839224
0.9366227958383466, 0.5301281582641209
0.9603478351480795, 0.7460816819729357
0.12927305777567466, 0.1069198080024083
0.48964739303215654, 0.7610475945298939
0.07924086839884759, 0.3719102501046494
0.47656159573919454, 0.1222193280548719
0.11598375133908423, 0.21251055544801523
0.11301646878650828, 0.1608504491611581
0.4719631821865429, 0.445564201121011
0.1851589879128216, 0.5267452069493221
0.38062854676874447, 0.7811163069921292
0.006231607357584434, 0.8246300208377456
0.2855864064504685, 0.1336984724967858
0.7059741889243564, 0.48962368850094373
0.6669782140420943, 0.2974885436323539
0.46554534124899083, 0.5479508631358669
0.9476584431824572, 0.6260047319423586
0.201123768892435, 0.5910672945901109
0.4264798276173116, 0.3640455023863013
0.7876653772199463, 0.9503009891259034
0.787816496305451, 0.19121962405465076
0.9435661921523699, 0.002137557279916713
0.1287202717965905, 0.3081935674370814
0.1399070763039647, 0.6792242222050561
0.8349459652606839, 0.7134681832850093
0.1024032582691281, 0.5448843666562102
0.6986878860718713, 0.13505314414801817
0.341441485457341, 0.004424762861531595
0.09995580951492122, 0.16986391967876835
0.895607274547887, 0.36610624218517873
0.968795001968867, 0.5557301378592381
0.18801112222997063, 0.34887113423597815
0.17772798424589997, 0.8883667145227093
0.012372512922267376, 0.7707507620006762
0.6294391631260418, 0.25294208385078376
0.19175093285315126, 0.738577352552545
0.8360821949080348, 0.2044003295979706
0.17373181356604506, 0.8913107511609129
0.7980572107329802, 0.758956082630568
0.7209575453544004, 0.22211412049256007
