1e-05
0.12519516487697202, 0.9674261182648766
0.12519516487697202, 0.9674261182648766
0.12519516487697202, 0.9674261182648766
0.12519516487697202, 0.9674261182648766
0.12519516487697202, 0.9674261182648766
0.12519516487697202, 0.9674261182648766
0.12519516487697202, 0.9674261182648766
0.12519516487697202, 0.9674261182648766
0.12519516487697202, 0.9674261182648766
0.12519516487697202, 0.9674261182648766
0.8263351638573505, 0.9467595795559874
0.8263351638573505, 0.9467595795559874
0.8263351638573505, 0.9467595795559874
0.8263351638573505, 0.9467595795559874
0.8263351638573505, 0.9467595795559874
0.8263351638573505, 0.9467595795559874
0.8263351638573505, 0.9467595795559874
0.8263351638573505, 0.9467595795559874
0.8263351638573505, 0.9467595795559874
0.8263351638573505, 0.9467595795559874
0.11339010738464705, 0.9255894853030043
0.11339010738464705, 0.9255894853030043
0.11339010738464705, 0.9255894853030043
0.11339010738464705, 0.9255894853030043
0.11339010738464705, 0.9255894853030043
0.11339010738464705, 0.9255894853030043
0.11339010738464705, 0.9255894853030043
0.11339010738464705, 0.9255894853030043
0.11339010738464705, 0.9255894853030043
0.11339010738464705, 0.9255894853030043
0.8513999206527417, 0.8140131673203567
0.8513999206527417, 0.8140131673203567
0.8513999206527417, 0.8140131673203567
0.8513999206527417, 0.8140131673203567
0.8513999206527417, 0.8140131673203567
0.8513999206527417, 0.8140131673203567
0.8513999206527417, 0.8140131673203567
0.8513999206527417, 0.8140131673203567
0.8513999206527417, 0.8140131673203567
0.8513999206527417, 0.8140131673203567
0.8504320072015283, 0.6143187009405553
0.8504320072015283, 0.6143187009405553
0.8504320072015283, 0.6143187009405553
0.8504320072015283, 0.6143187009405553
0.8504320072015283, 0.6143187009405553
0.8504320072015283, 0.6143187009405553
0.8504320072015283, 0.6143187009405553
0.8504320072015283, 0.6143187009405553
0.8504320072015283, 0.6143187009405553
0.8504320072015283, 0.6143187009405553
0.7042321883575694, 0.48518642256272515
0.7042321883575694, 0.48518642256272515
0.7042321883575694, 0.48518642256272515
0.7042321883575694, 0.48518642256272515
0.7042321883575694, 0.48518642256272515
0.7042321883575694, 0.48518642256272515
0.7042321883575694, 0.48518642256272515
0.7042321883575694, 0.48518642256272515
0.7042321883575694, 0.48518642256272515
0.7042321883575694, 0.48518642256272515
0.8529827541194634, 0.9656933765465046
0.8529827541194634, 0.9656933765465046
0.8529827541194634, 0.9656933765465046
0.8529827541194634, 0.9656933765465046
0.8529827541194634, 0.9656933765465046
0.8529827541194634, 0.9656933765465046
0.8529827541194634, 0.9656933765465046
0.8529827541194634, 0.9656933765465046
0.8529827541194634, 0.9656933765465046
0.8529827541194634, 0.9656933765465046
0.8972595697828082, 0.9756226240437418
0.8972595697828082, 0.9756226240437418
0.8972595697828082, 0.9756226240437418
0.8972595697828082, 0.9756226240437418
0.8972595697828082, 0.9756226240437418
0.8972595697828082, 0.9756226240437418
0.8972595697828082, 0.9756226240437418
0.8972595697828082, 0.9756226240437418
0.8972595697828082, 0.9756226240437418
0.8972595697828082, 0.9756226240437418
0.8962259429917379, 0.6771248814422273
0.8962259429917379, 0.6771248814422273
0.8962259429917379, 0.6771248814422273
0.8962259429917379, 0.6771248814422273
0.8962259429917379, 0.6771248814422273
0.8962259429917379, 0.6771248814422273
0.8962259429917379, 0.6771248814422273
0.8962259429917379, 0.6771248814422273
0.8962259429917379, 0.6771248814422273
0.8962259429917379, 0.6771248814422273
0.7017541314166468, 0.17582496081293253
0.7017541314166468, 0.17582496081293253
0.7017541314166468, 0.17582496081293253
0.7017541314166468, 0.17582496081293253
0.7017541314166468, 0.17582496081293253
0.7017541314166468, 0.17582496081293253
0.7017541314166468, 0.17582496081293253
0.7017541314166468, 0.17582496081293253
0.7017541314166468, 0.17582496081293253
0.7017541314166468, 0.17582496081293253
