1e-05
0.4707531075829804, 0.20596632232616674
0.4707531075829804, 0.20596632232616674
0.4707531075829804, 0.20596632232616674
0.4707531075829804, 0.20596632232616674
0.4707531075829804, 0.20596632232616674
0.4707531075829804, 0.20596632232616674
0.4707531075829804, 0.20596632232616674
0.4707531075829804, 0.20596632232616674
0.4707531075829804, 0.20596632232616674
0.4707531075829804, 0.20596632232616674
0.2669179491115471, 0.269851221188937
0.2669179491115471, 0.269851221188937
0.2669179491115471, 0.269851221188937
0.2669179491115471, 0.269851221188937
0.2669179491115471, 0.269851221188937
0.2669179491115471, 0.269851221188937
0.2669179491115471, 0.269851221188937
0.2669179491115471, 0.269851221188937
0.2669179491115471, 0.269851221188937
0.2669179491115471, 0.269851221188937
0.4711827408069096, 0.3566787870850787
0.4711827408069096, 0.3566787870850787
0.4711827408069096, 0.3566787870850787
0.4711827408069096, 0.3566787870850787
0.4711827408069096, 0.3566787870850787
0.4711827408069096, 0.3566787870850787
0.4711827408069096, 0.3566787870850787
0.4711827408069096, 0.3566787870850787
0.4711827408069096, 0.3566787870850787
0.4711827408069096, 0.3566787870850787
0.7105345339539999, 0.0535112038604415
0.7105345339539999, 0.0535112038604415
0.7105345339539999, 0.0535112038604415
0.7105345339539999, 0.0535112038604415
0.7105345339539999, 0.0535112038604415
0.7105345339539999, 0.0535112038604415
0.7105345339539999, 0.0535112038604415
0.7105345339539999, 0.0535112038604415
0.7105345339539999, 0.0535112038604415
0.7105345339539999, 0.0535112038604415
0.8037247835492561, 0.0786324484673534
0.8037247835492561, 0.0786324484673534
0.8037247835492561, 0.0786324484673534
0.8037247835492561, 0.0786324484673534
0.8037247835492561, 0.0786324484673534
0.8037247835492561, 0.0786324484673534
0.8037247835492561, 0.0786324484673534
0.8037247835492561, 0.0786324484673534
0.8037247835492561, 0.0786324484673534
0.8037247835492561, 0.0786324484673534
0.830211127533006, 0.7176348789592056
0.830211127533006, 0.7176348789592056
0.830211127533006, 0.7176348789592056
0.830211127533006, 0.7176348789592056
0.830211127533006, 0.7176348789592056
0.830211127533006, 0.7176348789592056
0.830211127533006, 0.7176348789592056
0.830211127533006, 0.7176348789592056
0.830211127533006, 0.7176348789592056
0.830211127533006, 0.7176348789592056
0.5202042790004998, 0.061890104888120634
0.5202042790004998, 0.061890104888120634
0.5202042790004998, 0.061890104888120634
0.5202042790004998, 0.061890104888120634
0.5202042790004998, 0.061890104888120634
0.5202042790004998, 0.061890104888120634
0.5202042790004998, 0.061890104888120634
0.5202042790004998, 0.061890104888120634
0.5202042790004998, 0.061890104888120634
0.5202042790004998, 0.061890104888120634
0.5814472273712308, 0.12813879024696884
0.5814472273712308, 0.12813879024696884
0.5814472273712308, 0.12813879024696884
0.5814472273712308, 0.12813879024696884
0.5814472273712308, 0.12813879024696884
0.5814472273712308, 0.12813879024696884
0.5814472273712308, 0.12813879024696884
0.5814472273712308, 0.12813879024696884
0.5814472273712308, 0.12813879024696884
0.5814472273712308, 0.12813879024696884
0.938048016675321, 0.5375200182802142
0.938048016675321, 0.5375200182802142
0.938048016675321, 0.5375200182802142
0.938048016675321, 0.5375200182802142
0.938048016675321, 0.5375200182802142
0.938048016675321, 0.5375200182802142
0.938048016675321, 0.5375200182802142
0.938048016675321, 0.5375200182802142
0.938048016675321, 0.5375200182802142
0.938048016675321, 0.5375200182802142
0.13204289127187918, 0.5548135718428917
0.13204289127187918, 0.5548135718428917
0.13204289127187918, 0.5548135718428917
0.13204289127187918, 0.5548135718428917
0.13204289127187918, 0.5548135718428917
0.13204289127187918, 0.5548135718428917
0.13204289127187918, 0.5548135718428917
0.13204289127187918, 0.5548135718428917
0.13204289127187918, 0.5548135718428917
0.13204289127187918, 0.5548135718428917
