1e-05
0.61419372028782, 0.6213682308365657
0.61419372028782, 0.6213682308365657
0.61419372028782, 0.6213682308365657
0.61419372028782, 0.6213682308365657
0.61419372028782, 0.6213682308365657
0.61419372028782, 0.6213682308365657
0.61419372028782, 0.6213682308365657
0.61419372028782, 0.6213682308365657
0.61419372028782, 0.6213682308365657
0.61419372028782, 0.6213682308365657
0.8045021599643954, 0.7420480165486996
0.8045021599643954, 0.7420480165486996
0.8045021599643954, 0.7420480165486996
0.8045021599643954, 0.7420480165486996
0.8045021599643954, 0.7420480165486996
0.8045021599643954, 0.7420480165486996
0.8045021599643954, 0.7420480165486996
0.8045021599643954, 0.7420480165486996
0.8045021599643954, 0.7420480165486996
0.8045021599643954, 0.7420480165486996
0.7753170842805954, 0.21809486911665366
0.7753170842805954, 0.21809486911665366
0.7753170842805954, 0.21809486911665366
0.7753170842805954, 0.21809486911665366
0.7753170842805954, 0.21809486911665366
0.7753170842805954, 0.21809486911665366
0.7753170842805954, 0.21809486911665366
0.7753170842805954, 0.21809486911665366
0.7753170842805954, 0.21809486911665366
0.7753170842805954, 0.21809486911665366
0.15262683165649127, 0.8078427205381733
0.15262683165649127, 0.8078427205381733
0.15262683165649127, 0.8078427205381733
0.15262683165649127, 0.8078427205381733
0.15262683165649127, 0.8078427205381733
0.15262683165649127, 0.8078427205381733
0.15262683165649127, 0.8078427205381733
0.15262683165649127, 0.8078427205381733
0.15262683165649127, 0.8078427205381733
0.15262683165649127, 0.8078427205381733
0.2741972404073434, 0.6187882958451743
0.2741972404073434, 0.6187882958451743
0.2741972404073434, 0.6187882958451743
0.2741972404073434, 0.6187882958451743
0.2741972404073434, 0.6187882958451743
0.2741972404073434, 0.6187882958451743
0.2741972404073434, 0.6187882958451743
0.2741972404073434, 0.6187882958451743
0.2741972404073434, 0.6187882958451743
0.2741972404073434, 0.6187882958451743
0.2671035588260656, 0.19021965937645458
0.2671035588260656, 0.19021965937645458
0.2671035588260656, 0.19021965937645458
0.2671035588260656, 0.19021965937645458
0.2671035588260656, 0.19021965937645458
0.2671035588260656, 0.19021965937645458
0.2671035588260656, 0.19021965937645458
0.2671035588260656, 0.19021965937645458
0.2671035588260656, 0.19021965937645458
0.2671035588260656, 0.19021965937645458
0.8285015943862417, 0.2738002732102405
0.8285015943862417, 0.2738002732102405
0.8285015943862417, 0.2738002732102405
0.8285015943862417, 0.2738002732102405
0.8285015943862417, 0.2738002732102405
0.8285015943862417, 0.2738002732102405
0.8285015943862417, 0.2738002732102405
0.8285015943862417, 0.2738002732102405
0.8285015943862417, 0.2738002732102405
0.8285015943862417, 0.2738002732102405
0.23284216212155462, 0.6958070242484269
0.23284216212155462, 0.6958070242484269
0.23284216212155462, 0.6958070242484269
0.23284216212155462, 0.6958070242484269
0.23284216212155462, 0.6958070242484269
0.23284216212155462, 0.6958070242484269
0.23284216212155462, 0.6958070242484269
0.23284216212155462, 0.6958070242484269
0.23284216212155462, 0.6958070242484269
0.23284216212155462, 0.6958070242484269
0.1914318342409439, 0.42360110486812463
0.1914318342409439, 0.42360110486812463
0.1914318342409439, 0.42360110486812463
0.1914318342409439, 0.42360110486812463
0.1914318342409439, 0.42360110486812463
0.1914318342409439, 0.42360110486812463
0.1914318342409439, 0.42360110486812463
0.1914318342409439, 0.42360110486812463
0.1914318342409439, 0.42360110486812463
0.1914318342409439, 0.42360110486812463
0.5729454440770904, 0.5917158077910019
0.5729454440770904, 0.5917158077910019
0.5729454440770904, 0.5917158077910019
0.5729454440770904, 0.5917158077910019
0.5729454440770904, 0.5917158077910019
0.5729454440770904, 0.5917158077910019
0.5729454440770904, 0.5917158077910019
0.5729454440770904, 0.5917158077910019
0.5729454440770904, 0.5917158077910019
0.5729454440770904, 0.5917158077910019
