1e-05
0.24281093485422933, 0.6767304110043569
0.24281093485422933, 0.6767304110043569
0.24281093485422933, 0.6767304110043569
0.24281093485422933, 0.6767304110043569
0.24281093485422933, 0.6767304110043569
0.24281093485422933, 0.6767304110043569
0.24281093485422933, 0.6767304110043569
0.24281093485422933, 0.6767304110043569
0.24281093485422933, 0.6767304110043569
0.24281093485422933, 0.6767304110043569
0.8602034506795849, 0.8237859684973984
0.8602034506795849, 0.8237859684973984
0.8602034506795849, 0.8237859684973984
0.8602034506795849, 0.8237859684973984
0.8602034506795849, 0.8237859684973984
0.8602034506795849, 0.8237859684973984
0.8602034506795849, 0.8237859684973984
0.8602034506795849, 0.8237859684973984
0.8602034506795849, 0.8237859684973984
0.8602034506795849, 0.8237859684973984
0.709409068639845, 0.5920698738944474
0.709409068639845, 0.5920698738944474
0.709409068639845, 0.5920698738944474
0.709409068639845, 0.5920698738944474
0.709409068639845, 0.5920698738944474
0.709409068639845, 0.5920698738944474
0.709409068639845, 0.5920698738944474
0.709409068639845, 0.5920698738944474
0.709409068639845, 0.5920698738944474
0.709409068639845, 0.5920698738944474
0.5816973882423659, 0.43239576526096857
0.5816973882423659, 0.43239576526096857
0.5816973882423659, 0.43239576526096857
0.5816973882423659, 0.43239576526096857
0.5816973882423659, 0.43239576526096857
0.5816973882423659, 0.43239576526096857
0.5816973882423659, 0.43239576526096857
0.5816973882423659, 0.43239576526096857
0.5816973882423659, 0.43239576526096857
0.5816973882423659, 0.43239576526096857
0.9935563324497447, 0.0574325078322131
0.9935563324497447, 0.0574325078322131
0.9935563324497447, 0.0574325078322131
0.9935563324497447, 0.0574325078322131
0.9935563324497447, 0.0574325078322131
0.9935563324497447, 0.0574325078322131
0.9935563324497447, 0.0574325078322131
0.9935563324497447, 0.0574325078322131
0.9935563324497447, 0.0574325078322131
0.9935563324497447, 0.0574325078322131
0.9284059986798171, 0.6031173303567495
0.9284059986798171, 0.6031173303567495
0.9284059986798171, 0.6031173303567495
0.9284059986798171, 0.6031173303567495
0.9284059986798171, 0.6031173303567495
0.9284059986798171, 0.6031173303567495
0.9284059986798171, 0.6031173303567495
0.9284059986798171, 0.6031173303567495
0.9284059986798171, 0.6031173303567495
0.9284059986798171, 0.6031173303567495
0.23551427682900494, 0.4012197726418799
0.23551427682900494, 0.4012197726418799
0.23551427682900494, 0.4012197726418799
0.23551427682900494, 0.4012197726418799
0.23551427682900494, 0.4012197726418799
0.23551427682900494, 0.4012197726418799
0.23551427682900494, 0.4012197726418799
0.23551427682900494, 0.4012197726418799
0.23551427682900494, 0.4012197726418799
0.23551427682900494, 0.4012197726418799
0.203345334090842, 0.34616178862576497
0.203345334090842, 0.34616178862576497
0.203345334090842, 0.34616178862576497
0.203345334090842, 0.34616178862576497
0.203345334090842, 0.34616178862576497
0.203345334090842, 0.34616178862576497
0.203345334090842, 0.34616178862576497
0.203345334090842, 0.34616178862576497
0.203345334090842, 0.34616178862576497
0.203345334090842, 0.34616178862576497
0.2955656242480189, 0.8220088270692131
0.2955656242480189, 0.8220088270692131
0.2955656242480189, 0.8220088270692131
0.2955656242480189, 0.8220088270692131
0.2955656242480189, 0.8220088270692131
0.2955656242480189, 0.8220088270692131
0.2955656242480189, 0.8220088270692131
0.2955656242480189, 0.8220088270692131
0.2955656242480189, 0.8220088270692131
0.2955656242480189, 0.8220088270692131
0.009187386001409448, 0.4215537334281947
0.009187386001409448, 0.4215537334281947
0.009187386001409448, 0.4215537334281947
0.009187386001409448, 0.4215537334281947
0.009187386001409448, 0.4215537334281947
0.009187386001409448, 0.4215537334281947
0.009187386001409448, 0.4215537334281947
0.009187386001409448, 0.4215537334281947
0.009187386001409448, 0.4215537334281947
0.009187386001409448, 0.4215537334281947
