1e-05
0.009366139571988286, 0.06170534163033836
0.009366139571988286, 0.06170534163033836
0.009366139571988286, 0.06170534163033836
0.009366139571988286, 0.06170534163033836
0.009366139571988286, 0.06170534163033836
0.009366139571988286, 0.06170534163033836
0.009366139571988286, 0.06170534163033836
0.009366139571988286, 0.06170534163033836
0.009366139571988286, 0.06170534163033836
0.009366139571988286, 0.06170534163033836
0.9543868211943025, 0.6525114978183243
0.9543868211943025, 0.6525114978183243
0.9543868211943025, 0.6525114978183243
0.9543868211943025, 0.6525114978183243
0.9543868211943025, 0.6525114978183243
0.9543868211943025, 0.6525114978183243
0.9543868211943025, 0.6525114978183243
0.9543868211943025, 0.6525114978183243
0.9543868211943025, 0.6525114978183243
0.9543868211943025, 0.6525114978183243
0.16973830799715384, 0.751876426549381
0.16973830799715384, 0.751876426549381
0.16973830799715384, 0.751876426549381
0.16973830799715384, 0.751876426549381
0.16973830799715384, 0.751876426549381
0.16973830799715384, 0.751876426549381
0.16973830799715384, 0.751876426549381
0.16973830799715384, 0.751876426549381
0.16973830799715384, 0.751876426549381
0.16973830799715384, 0.751876426549381
0.6830788502286265, 0.42837118866374935
0.6830788502286265, 0.42837118866374935
0.6830788502286265, 0.42837118866374935
0.6830788502286265, 0.42837118866374935
0.6830788502286265, 0.42837118866374935
0.6830788502286265, 0.42837118866374935
0.6830788502286265, 0.42837118866374935
0.6830788502286265, 0.42837118866374935
0.6830788502286265, 0.42837118866374935
0.6830788502286265, 0.42837118866374935
0.504799251959343, 0.9732621578895125
0.504799251959343, 0.9732621578895125
0.504799251959343, 0.9732621578895125
0.504799251959343, 0.9732621578895125
0.504799251959343, 0.9732621578895125
0.504799251959343, 0.9732621578895125
0.504799251959343, 0.9732621578895125
0.504799251959343, 0.9732621578895125
0.504799251959343, 0.9732621578895125
0.504799251959343, 0.9732621578895125
0.6073747545992096, 0.2727114700794574
0.6073747545992096, 0.2727114700794574
0.6073747545992096, 0.2727114700794574
0.6073747545992096, 0.2727114700794574
0.6073747545992096, 0.2727114700794574
0.6073747545992096, 0.2727114700794574
0.6073747545992096, 0.2727114700794574
0.6073747545992096, 0.2727114700794574
0.6073747545992096, 0.2727114700794574
0.6073747545992096, 0.2727114700794574
0.005588679330079116, 0.07360993391608084
0.005588679330079116, 0.07360993391608084
0.005588679330079116, 0.07360993391608084
0.005588679330079116, 0.07360993391608084
0.005588679330079116, 0.07360993391608084
0.005588679330079116, 0.07360993391608084
0.005588679330079116, 0.07360993391608084
0.005588679330079116, 0.07360993391608084
0.005588679330079116, 0.07360993391608084
0.005588679330079116, 0.07360993391608084
0.6995327275985694, 0.35082633103726624
0.6995327275985694, 0.35082633103726624
0.6995327275985694, 0.35082633103726624
0.6995327275985694, 0.35082633103726624
0.6995327275985694, 0.35082633103726624
0.6995327275985694, 0.35082633103726624
0.6995327275985694, 0.35082633103726624
0.6995327275985694, 0.35082633103726624
0.6995327275985694, 0.35082633103726624
0.6995327275985694, 0.35082633103726624
0.23931378035461026, 0.422715465121417
0.23931378035461026, 0.422715465121417
0.23931378035461026, 0.422715465121417
0.23931378035461026, 0.422715465121417
0.23931378035461026, 0.422715465121417
0.23931378035461026, 0.422715465121417
0.23931378035461026, 0.422715465121417
0.23931378035461026, 0.422715465121417
0.23931378035461026, 0.422715465121417
0.23931378035461026, 0.422715465121417
0.2755019248965954, 0.7308987437052923
0.2755019248965954, 0.7308987437052923
0.2755019248965954, 0.7308987437052923
0.2755019248965954, 0.7308987437052923
0.2755019248965954, 0.7308987437052923
0.2755019248965954, 0.7308987437052923
0.2755019248965954, 0.7308987437052923
0.2755019248965954, 0.7308987437052923
0.2755019248965954, 0.7308987437052923
0.2755019248965954, 0.7308987437052923
