1e-05
0.08706608553766348, 0.361307826923726
0.4715962324872641, 0.6997995714587407
0.8477990278553562, 0.5179866555105627
0.3403745510737647, 0.26789603999283684
0.2555308047502406, 0.16419217023129762
0.661565096215074, 0.8483750344113047
0.6329312298038462, 0.885345475075839
0.5481054615847968, 0.18336942942228074
0.7903586626290481, 0.006555793345800254
0.7803828796431233, 0.7648155788599488
0.7770043656041502, 0.7497623973296945
0.8846094163247029, 0.9008414591672943
0.4946155607327287, 0.6886842527565247
0.4099537254176686, 0.12196262228396892
0.45604802342678574, 0.586361061318663
0.8532529721212647, 0.36520557431141054
0.6112402820954849, 0.7790258417175279
0.09507347046119008, 0.16646453750818735
0.725061543819669, 0.11584599014311492
0.1701735578803656, 0.3281209602813534
0.013977297472677952, 0.2827791436258821
0.38186052426000894, 0.03532413785851096
0.9989087180415112, 0.47900456705223105
0.6608942063352259, 0.38977303042034894
0.811466225241141, 0.5640829139592239
0.22951969017260876, 0.07745417357995266
0.38681794506917655, 0.7135304811266745
0.34210507164177184, 0.10626912404152955
0.18933725912120924, 0.5689484862187701
0.6537744172686177, 0.1454648675055623
0.5933236488390788, 0.12794193584220848
0.4636558529667967, 0.5438085081094076
0.1053512289509071, 0.4998757356452339
0.6356054905054483, 0.27360802164236
0.983935068812761, 0.5417823875655114
0.8835753250904032, 0.699758894006869
0.32996916939486165, 0.01404843871568695
0.22565135788483826, 0.1632245859903373
0.8660777185789188, 0.6504562198338156
0.3911658072967984, 0.8912593323540583
0.14198672932662482, 0.7254050539546643
0.5818825856126268, 0.3332545365069647
0.09832436929480615, 0.06363616924749815
0.8992088707901594, 0.22585118899242573
0.48451910300294987, 0.9946784642501514
0.02176046270234011, 0.9876944391211896
0.5625319603490142, 0.25167486991226873
0.11706116228050012, 0.71936338550896
0.796381863741407, 0.6772569847737463
0.6727819491206638, 0.7360289934463549
0.32819891688935743, 0.3062178745296025
0.45363456677857117, 0.9198143608318949
0.41075086739533395, 0.9827656940352517
0.9195071704863128, 0.936390782100191
0.5589744545401069, 0.4236308266447123
0.7413725344196005, 0.04732193974042043
0.2994363642525917, 0.6566586389976968
0.7016850604343515, 0.6127043693936726
0.31133944309296846, 0.7933529698466224
0.22270525137848662, 0.005894145665836237
0.584782149132432, 0.9780255505142116
0.5902161339068156, 0.834249461575243
0.8612835926248604, 0.18887221346048344
0.9030956078620378, 0.8575531072385825
0.27272352129989197, 0.45498151256614894
0.9342226585785889, 0.8572658000729511
0.5537183014561434, 0.8145384990102805
0.19415819112300403, 0.7466453473151928
0.9390137419201631, 0.991146636242378
0.9122135377292615, 0.07535117023091387
0.8849285858291158, 0.434328344187928
0.4698206352382097, 0.16791532297296996
0.7126925730994558, 0.35052508261297133
0.2043610179575357, 0.2538002516903952
0.33103357928431576, 0.2980742078182681
0.935772267857843, 0.5066426739855342
0.6115476090004395, 0.5251908355446042
0.9488300575106512, 0.08820137324701838
0.53107831284848, 0.6595099494931502
0.18727640603118278, 0.5494497810974269
0.7097890839066949, 0.33194035834018265
0.780143238625064, 0.7716681245707037
0.15304895384606598, 0.5137313228920315
0.7877080622517088, 0.4875161397108796
0.8092038149235949, 0.36062231409506895
0.6043072562122579, 0.39106630520270147
0.30242446773725706, 0.43946370900465104
0.8304248685047066, 0.5667136791642491
0.5319293006879728, 0.4849750509363352
0.7668493218999184, 0.08491876388900232
0.5732419883957778, 0.49832521407432495
0.029702103688855952, 0.4377724262607483
0.7732789521622674, 0.8263977231914291
0.5550248746307983, 0.8834073326032905
0.08708893739615886, 0.2642872467320302
0.16566157977737428, 0.7370629837989666
0.9308835517342109, 0.16447546832362425
0.6627087744481532, 0.3079382083756652
0.7983583983668008, 0.32654306391539534
0.8783384386337365, 0.04714139285260932
