1e-05
0.7107058811372132, 0.25182762355331445
0.7107058811372132, 0.25182762355331445
0.7107058811372132, 0.25182762355331445
0.7107058811372132, 0.25182762355331445
0.7107058811372132, 0.25182762355331445
0.7107058811372132, 0.25182762355331445
0.7107058811372132, 0.25182762355331445
0.7107058811372132, 0.25182762355331445
0.7107058811372132, 0.25182762355331445
0.7107058811372132, 0.25182762355331445
0.6974577376384906, 0.9685569669966553
0.6974577376384906, 0.9685569669966553
0.6974577376384906, 0.9685569669966553
0.6974577376384906, 0.9685569669966553
0.6974577376384906, 0.9685569669966553
0.6974577376384906, 0.9685569669966553
0.6974577376384906, 0.9685569669966553
0.6974577376384906, 0.9685569669966553
0.6974577376384906, 0.9685569669966553
0.6974577376384906, 0.9685569669966553
0.7853368020788851, 0.45575375104271754
0.7853368020788851, 0.45575375104271754
0.7853368020788851, 0.45575375104271754
0.7853368020788851, 0.45575375104271754
0.7853368020788851, 0.45575375104271754
0.7853368020788851, 0.45575375104271754
0.7853368020788851, 0.45575375104271754
0.7853368020788851, 0.45575375104271754
0.7853368020788851, 0.45575375104271754
0.7853368020788851, 0.45575375104271754
0.11067891525362039, 0.7100716376284048
0.11067891525362039, 0.7100716376284048
0.11067891525362039, 0.7100716376284048
0.11067891525362039, 0.7100716376284048
0.11067891525362039, 0.7100716376284048
0.11067891525362039, 0.7100716376284048
0.11067891525362039, 0.7100716376284048
0.11067891525362039, 0.7100716376284048
0.11067891525362039, 0.7100716376284048
0.11067891525362039, 0.7100716376284048
0.1899916572642958, 0.18676485864838877
0.1899916572642958, 0.18676485864838877
0.1899916572642958, 0.18676485864838877
0.1899916572642958, 0.18676485864838877
0.1899916572642958, 0.18676485864838877
0.1899916572642958, 0.18676485864838877
0.1899916572642958, 0.18676485864838877
0.1899916572642958, 0.18676485864838877
0.1899916572642958, 0.18676485864838877
0.1899916572642958, 0.18676485864838877
0.46508677440686186, 0.5188307569691178
0.46508677440686186, 0.5188307569691178
0.46508677440686186, 0.5188307569691178
0.46508677440686186, 0.5188307569691178
0.46508677440686186, 0.5188307569691178
0.46508677440686186, 0.5188307569691178
0.46508677440686186, 0.5188307569691178
0.46508677440686186, 0.5188307569691178
0.46508677440686186, 0.5188307569691178
0.46508677440686186, 0.5188307569691178
0.3614298193727348, 0.6916297739524947
0.3614298193727348, 0.6916297739524947
0.3614298193727348, 0.6916297739524947
0.3614298193727348, 0.6916297739524947
0.3614298193727348, 0.6916297739524947
0.3614298193727348, 0.6916297739524947
0.3614298193727348, 0.6916297739524947
0.3614298193727348, 0.6916297739524947
0.3614298193727348, 0.6916297739524947
0.3614298193727348, 0.6916297739524947
0.3903481619018446, 0.3233856734116245
0.3903481619018446, 0.3233856734116245
0.3903481619018446, 0.3233856734116245
0.3903481619018446, 0.3233856734116245
0.3903481619018446, 0.3233856734116245
0.3903481619018446, 0.3233856734116245
0.3903481619018446, 0.3233856734116245
0.3903481619018446, 0.3233856734116245
0.3903481619018446, 0.3233856734116245
0.3903481619018446, 0.3233856734116245
0.8827913897953811, 0.46276244171701464
0.8827913897953811, 0.46276244171701464
0.8827913897953811, 0.46276244171701464
0.8827913897953811, 0.46276244171701464
0.8827913897953811, 0.46276244171701464
0.8827913897953811, 0.46276244171701464
0.8827913897953811, 0.46276244171701464
0.8827913897953811, 0.46276244171701464
0.8827913897953811, 0.46276244171701464
0.8827913897953811, 0.46276244171701464
0.15161719622947156, 0.2506107271604384
0.15161719622947156, 0.2506107271604384
0.15161719622947156, 0.2506107271604384
0.15161719622947156, 0.2506107271604384
0.15161719622947156, 0.2506107271604384
0.15161719622947156, 0.2506107271604384
0.15161719622947156, 0.2506107271604384
0.15161719622947156, 0.2506107271604384
0.15161719622947156, 0.2506107271604384
0.15161719622947156, 0.2506107271604384
