1e-05
0.5163449566174482, 0.7633496915142899
0.5163449566174482, 0.7633496915142899
0.5163449566174482, 0.7633496915142899
0.5163449566174482, 0.7633496915142899
0.5163449566174482, 0.7633496915142899
0.5163449566174482, 0.7633496915142899
0.5163449566174482, 0.7633496915142899
0.5163449566174482, 0.7633496915142899
0.5163449566174482, 0.7633496915142899
0.5163449566174482, 0.7633496915142899
0.3518727139709439, 0.7304877368952499
0.3518727139709439, 0.7304877368952499
0.3518727139709439, 0.7304877368952499
0.3518727139709439, 0.7304877368952499
0.3518727139709439, 0.7304877368952499
0.3518727139709439, 0.7304877368952499
0.3518727139709439, 0.7304877368952499
0.3518727139709439, 0.7304877368952499
0.3518727139709439, 0.7304877368952499
0.3518727139709439, 0.7304877368952499
0.6971140168174002, 0.9386441795434235
0.6971140168174002, 0.9386441795434235
0.6971140168174002, 0.9386441795434235
0.6971140168174002, 0.9386441795434235
0.6971140168174002, 0.9386441795434235
0.6971140168174002, 0.9386441795434235
0.6971140168174002, 0.9386441795434235
0.6971140168174002, 0.9386441795434235
0.6971140168174002, 0.9386441795434235
0.6971140168174002, 0.9386441795434235
0.7649197176870524, 0.36666067554784965
0.7649197176870524, 0.36666067554784965
0.7649197176870524, 0.36666067554784965
0.7649197176870524, 0.36666067554784965
0.7649197176870524, 0.36666067554784965
0.7649197176870524, 0.36666067554784965
0.7649197176870524, 0.36666067554784965
0.7649197176870524, 0.36666067554784965
0.7649197176870524, 0.36666067554784965
0.7649197176870524, 0.36666067554784965
0.5666332761741031, 0.9675003808375178
0.5666332761741031, 0.9675003808375178
0.5666332761741031, 0.9675003808375178
0.5666332761741031, 0.9675003808375178
0.5666332761741031, 0.9675003808375178
0.5666332761741031, 0.9675003808375178
0.5666332761741031, 0.9675003808375178
0.5666332761741031, 0.9675003808375178
0.5666332761741031, 0.9675003808375178
0.5666332761741031, 0.9675003808375178
0.06041822296689758, 0.9335222337096493
0.06041822296689758, 0.9335222337096493
0.06041822296689758, 0.9335222337096493
0.06041822296689758, 0.9335222337096493
0.06041822296689758, 0.9335222337096493
0.06041822296689758, 0.9335222337096493
0.06041822296689758, 0.9335222337096493
0.06041822296689758, 0.9335222337096493
0.06041822296689758, 0.9335222337096493
0.06041822296689758, 0.9335222337096493
0.14915236008104382, 0.0685043153268452
0.14915236008104382, 0.0685043153268452
0.14915236008104382, 0.0685043153268452
0.14915236008104382, 0.0685043153268452
0.14915236008104382, 0.0685043153268452
0.14915236008104382, 0.0685043153268452
0.14915236008104382, 0.0685043153268452
0.14915236008104382, 0.0685043153268452
0.14915236008104382, 0.0685043153268452
0.14915236008104382, 0.0685043153268452
0.4117267704903559, 0.2364764251594038
0.4117267704903559, 0.2364764251594038
0.4117267704903559, 0.2364764251594038
0.4117267704903559, 0.2364764251594038
0.4117267704903559, 0.2364764251594038
0.4117267704903559, 0.2364764251594038
0.4117267704903559, 0.2364764251594038
0.4117267704903559, 0.2364764251594038
0.4117267704903559, 0.2364764251594038
0.4117267704903559, 0.2364764251594038
0.9074131965350032, 0.8441108984398252
0.9074131965350032, 0.8441108984398252
0.9074131965350032, 0.8441108984398252
0.9074131965350032, 0.8441108984398252
0.9074131965350032, 0.8441108984398252
0.9074131965350032, 0.8441108984398252
0.9074131965350032, 0.8441108984398252
0.9074131965350032, 0.8441108984398252
0.9074131965350032, 0.8441108984398252
0.9074131965350032, 0.8441108984398252
0.8492268370457599, 0.9752225534708664
0.8492268370457599, 0.9752225534708664
0.8492268370457599, 0.9752225534708664
0.8492268370457599, 0.9752225534708664
0.8492268370457599, 0.9752225534708664
0.8492268370457599, 0.9752225534708664
0.8492268370457599, 0.9752225534708664
0.8492268370457599, 0.9752225534708664
0.8492268370457599, 0.9752225534708664
0.8492268370457599, 0.9752225534708664
