1e-05
0.7662483145903151, 0.9134895939385892
0.7660428475278815, 0.06257716670832036
0.818688225568774, 0.5381520500724198
0.7946015697549609, 0.02875897353839374
0.5702369151551571, 0.37605117880654737
0.6261189912538665, 0.2781085536920842
0.9730030850922863, 0.817061465199141
0.09703757547574565, 0.6839414771306392
0.1355663093634969, 0.5082435997812076
0.9473596450863353, 0.2626294028756644
0.3205334939977411, 0.8982581063485885
0.8478201962766009, 0.9615489336770536
0.7812253486877211, 0.5074533063934129
0.9648421578214578, 0.325587625380108
0.9101726316318928, 0.8701901542816921
0.8673571923930493, 0.5539942586896904
0.6264341770278405, 0.8947556036646881
0.3375098412044384, 0.40668355236717435
0.5262035189898507, 0.8484811054814171
0.770889691396441, 0.43385780753018943
0.35182850935730925, 0.9598710718266708
0.3177790410622926, 0.9033055946211419
0.8971209809731495, 0.030350746021247543
0.5213889767737978, 0.4052287776356144
0.9404667724750807, 0.848493071011977
0.8121675239552669, 0.15929681740894874
0.30822891553738185, 0.27273142047767096
0.34686798911280625, 0.7862832137193178
0.003846700435797379, 0.8333770228561288
0.9925071496226756, 0.6761395130801757
0.37599087832488265, 0.9542107653014278
0.1392701948376197, 0.13799035182745223
0.21714764323801483, 0.14319559122779346
0.7633879889790675, 0.6678358139288676
0.24353938373778927, 0.779639131008762
0.9515792840644333, 0.670789106637335
0.35257558076134954, 0.5589775269259674
0.9801654922617896, 0.7242733514457119
0.285857265678492, 0.5770733977031878
0.45045165642020213, 0.2567528080942114
0.0722625263485912, 0.35585457297040746
0.7701794592265818, 0.07386108502558264
0.5129353666921984, 0.8330725056972287
0.214387632809949, 0.6134744399318276
0.690745258020837, 0.5793520711700472
0.5181497844487428, 0.10649790623477728
0.760525099609847, 0.5899972855237905
0.8025968080876631, 0.7998411219131051
0.8021133811432776, 0.7919769604630168
0.23484311237244637, 0.15690756491698965
0.4104820999759753, 0.3266793382296107
0.5799823511994179, 0.2776254736542155
0.08748146439865168, 0.8311536298520945
0.9632389713501921, 0.6822471690204834
0.3812778876340218, 0.8831189902968232
0.7577502003746129, 0.2735070745944821
0.37399159880265265, 0.8988943962121982
0.5286187720798984, 0.12049455720465052
0.6741655655001824, 0.8069065088291637
0.36853077564282977, 0.39505505010396147
0.758974146530954, 0.5843627121054285
0.4181620399096032, 0.12566367086112562
0.7193170127701248, 0.5015457394954506
0.48836533915035185, 0.5632023492254064
0.09439642698922135, 0.3931231302893905
0.37372086200512056, 0.5990963070190082
0.37682404082683363, 0.5076537310655092
0.09771955040079816, 0.31742699042077505
0.7034351555458708, 0.43186648088235324
0.644834534935432, 0.7614551835501533
0.6980593901924305, 0.051531164264759455
0.4509675598985734, 0.8669574559565574
0.1485382970542437, 0.8990250042659773
0.7964092294277562, 0.5487267201831778
0.28958776784707385, 0.2575041418613081
0.06634226381519315, 0.3832047004956908
0.18183009344730972, 0.4422570047284955
0.48588680289186126, 0.7155109411411397
0.18626225226834903, 0.6221157551298212
0.10765175988859721, 0.5487500370008748
0.006942998317470472, 0.9714985564370605
0.8712220597770326, 0.6384919148343334
0.08447356140585172, 0.6585016181306429
0.21457363039734256, 0.26562768458123054
0.2460511794896404, 0.3523600184158442
0.8192797090494813, 0.23866928634769613
0.5595585003510917, 0.6748031050315141
0.855295195686359, 0.3198505251238247
0.8449242564361212, 0.02992101357132171
0.7437463722661384, 0.09883088019419095
0.14718794169728622, 0.19580487812629066
0.875642618957755, 0.732890256417636
0.5230634302174493, 0.1139227216868437
0.3229201111267844, 0.34665748059212076
0.017196851682257375, 0.2970286946532814
0.09284434397655417, 0.023753666931931483
0.6188026868161869, 0.9358777210412649
0.23965180597576763, 0.4615093232336813
0.650282652524435, 0.05783275908268859
0.44458505820952543, 0.46195698655528594
