1e-05
0.9825117296418137, 0.7193151087785034
0.9825117296418137, 0.7193151087785034
0.9825117296418137, 0.7193151087785034
0.9825117296418137, 0.7193151087785034
0.9825117296418137, 0.7193151087785034
0.9825117296418137, 0.7193151087785034
0.9825117296418137, 0.7193151087785034
0.9825117296418137, 0.7193151087785034
0.9825117296418137, 0.7193151087785034
0.9825117296418137, 0.7193151087785034
0.742063774692548, 0.8438177084120932
0.742063774692548, 0.8438177084120932
0.742063774692548, 0.8438177084120932
0.742063774692548, 0.8438177084120932
0.742063774692548, 0.8438177084120932
0.742063774692548, 0.8438177084120932
0.742063774692548, 0.8438177084120932
0.742063774692548, 0.8438177084120932
0.742063774692548, 0.8438177084120932
0.742063774692548, 0.8438177084120932
0.06778732224157791, 0.31407392441262216
0.06778732224157791, 0.31407392441262216
0.06778732224157791, 0.31407392441262216
0.06778732224157791, 0.31407392441262216
0.06778732224157791, 0.31407392441262216
0.06778732224157791, 0.31407392441262216
0.06778732224157791, 0.31407392441262216
0.06778732224157791, 0.31407392441262216
0.06778732224157791, 0.31407392441262216
0.06778732224157791, 0.31407392441262216
0.5003374398681801, 0.9365473987817391
0.5003374398681801, 0.9365473987817391
0.5003374398681801, 0.9365473987817391
0.5003374398681801, 0.9365473987817391
0.5003374398681801, 0.9365473987817391
0.5003374398681801, 0.9365473987817391
0.5003374398681801, 0.9365473987817391
0.5003374398681801, 0.9365473987817391
0.5003374398681801, 0.9365473987817391
0.5003374398681801, 0.9365473987817391
0.4116561222392843, 0.83760278654628
0.4116561222392843, 0.83760278654628
0.4116561222392843, 0.83760278654628
0.4116561222392843, 0.83760278654628
0.4116561222392843, 0.83760278654628
0.4116561222392843, 0.83760278654628
0.4116561222392843, 0.83760278654628
0.4116561222392843, 0.83760278654628
0.4116561222392843, 0.83760278654628
0.4116561222392843, 0.83760278654628
0.27818487911413603, 0.6035652707179634
0.27818487911413603, 0.6035652707179634
0.27818487911413603, 0.6035652707179634
0.27818487911413603, 0.6035652707179634
0.27818487911413603, 0.6035652707179634
0.27818487911413603, 0.6035652707179634
0.27818487911413603, 0.6035652707179634
0.27818487911413603, 0.6035652707179634
0.27818487911413603, 0.6035652707179634
0.27818487911413603, 0.6035652707179634
0.08073343006811029, 0.25923991371645094
0.08073343006811029, 0.25923991371645094
0.08073343006811029, 0.25923991371645094
0.08073343006811029, 0.25923991371645094
0.08073343006811029, 0.25923991371645094
0.08073343006811029, 0.25923991371645094
0.08073343006811029, 0.25923991371645094
0.08073343006811029, 0.25923991371645094
0.08073343006811029, 0.25923991371645094
0.08073343006811029, 0.25923991371645094
0.10209921227715746, 0.3002636559550076
0.10209921227715746, 0.3002636559550076
0.10209921227715746, 0.3002636559550076
0.10209921227715746, 0.3002636559550076
0.10209921227715746, 0.3002636559550076
0.10209921227715746, 0.3002636559550076
0.10209921227715746, 0.3002636559550076
0.10209921227715746, 0.3002636559550076
0.10209921227715746, 0.3002636559550076
0.10209921227715746, 0.3002636559550076
0.981860832174421, 0.35285759004285877
0.981860832174421, 0.35285759004285877
0.981860832174421, 0.35285759004285877
0.981860832174421, 0.35285759004285877
0.981860832174421, 0.35285759004285877
0.981860832174421, 0.35285759004285877
0.981860832174421, 0.35285759004285877
0.981860832174421, 0.35285759004285877
0.981860832174421, 0.35285759004285877
0.981860832174421, 0.35285759004285877
0.3103640607477618, 0.5297914617758438
0.3103640607477618, 0.5297914617758438
0.3103640607477618, 0.5297914617758438
0.3103640607477618, 0.5297914617758438
0.3103640607477618, 0.5297914617758438
0.3103640607477618, 0.5297914617758438
0.3103640607477618, 0.5297914617758438
0.3103640607477618, 0.5297914617758438
0.3103640607477618, 0.5297914617758438
0.3103640607477618, 0.5297914617758438
