1e-05
0.2156537847389709, 0.7420852815840219
0.9006803789605974, 0.6914324967611866
0.6712583974570204, 0.48071154062782107
0.7474597502712982, 0.09888473295734534
0.8521493780954492, 0.9034836119181701
0.7595722563370972, 0.2762570592479282
0.3744093345820829, 0.6263287192454328
0.7256293975790801, 0.1142002408409355
0.609308166612057, 0.977307474703443
0.3998375040660346, 0.011526794746550828
0.8211273136283289, 0.14339342325028026
0.6067603839006834, 0.7169907050816091
0.14266205188624503, 0.2120745740474086
0.1774531496635674, 0.24712963390094067
0.010927614921481976, 0.4413031886864849
0.892246923787131, 0.8359732307183647
0.14790083913897467, 0.7019358876942171
0.16612404653707713, 0.7112662065073986
0.3751478111652099, 0.9996371055588082
0.12851461701314815, 0.9417577095058774
0.7356582211719263, 0.9220523311163629
0.20955972724140903, 0.5169372856658124
0.27702145898173425, 0.8668603331157002
0.11545147647067577, 0.8785106195723245
0.7610205104321249, 0.8194045299685666
0.815726443784708, 0.2643648342035686
0.40106554726292365, 0.4296248209615634
0.5095234357092542, 0.5265870692994066
0.028058294271333883, 0.1851088767043968
0.7995624385837894, 0.5104131684710534
0.42519305751214553, 0.43072433478572314
0.8638673255137852, 0.6917306233801132
0.7117449814221526, 0.3847716518943528
0.34918721150995125, 0.2685194297642044
0.7869475936696436, 0.24502447250490622
0.6150040632134914, 0.8696736298496718
0.1959457593163041, 0.16391095751153317
0.9199469005999868, 0.7227331420621588
0.816781663745155, 0.3278384762627029
0.9894048757413714, 0.023980238299927015
0.011205547698047158, 0.45399415632874307
0.3174631676035018, 0.9471756056713446
0.8222073660909347, 0.838834618137453
0.16000021402091835, 0.3637236442612991
0.008585979657222409, 0.03574001616552058
0.6948173430898116, 0.7255124584441774
0.1399855706569073, 0.7127251094394762
0.0323436161500108, 0.16966702109338272
0.012651333771670825, 0.011571053977547208
0.3906081205328824, 0.7938682645680949
0.07377341385884395, 0.731579346959754
0.8518984666784363, 0.020718559971582895
0.29176683796896297, 0.7022371838832232
0.924912708034766, 0.8212157256056111
0.09992487932297633, 0.7121773007808782
0.3262065506089207, 0.829311235608322
0.4619821968639858, 0.7561690959429027
0.6131788227370535, 0.44432791245231185
0.041139842721008124, 0.4301156679327066
0.8899774372364686, 0.7732067498402081
0.5840120162314297, 0.8820573376376112
0.3264571802540168, 0.6654297120876006
0.41412146690651297, 0.08345577247642755
0.3667680405744853, 0.3826325837101886
0.48231931494889, 0.4121151998587095
0.5676007558613412, 0.9817541061771856
0.7730824628584612, 0.9026134746082638
0.6574604707348383, 0.1320311406035377
0.5175869621285043, 0.8224130076469551
0.9580502185193496, 0.556285878449642
0.5892360055482518, 0.08289358402613867
0.9833810682795497, 0.9129350079600397
0.31217809077378955, 0.4017735545587673
0.8528692549382855, 0.49293447137929847
0.6345146228567377, 0.7055184981774681
0.9400950123712151, 0.28494479543958007
0.7575034468397056, 0.7550239206968657
0.3585562099772116, 0.24579861664412528
0.5986589412129336, 0.3060744691543621
0.3749421695620704, 0.3149865247066609
0.009636300625394001, 0.37457843190548756
0.327633283724425, 0.24349983554534127
0.10943375875503514, 0.9374945596986364
0.27629587655982135, 0.8344719765691911
0.08810097274724793, 0.2987632381687779
0.6672627219456541, 0.3450755084787662
0.0010397072720289557, 0.12760925877803797
0.9800565123966206, 0.5159746396826789
0.5332046240275566, 0.32208106457221375
0.8028081080215093, 0.807108782875117
0.11480680744330496, 0.3208143962502672
0.15342937379643584, 0.11818275928408362
0.12410138366072565, 0.36840900803691434
0.7632675501222942, 0.8179168288272941
0.03875893495972349, 0.18371123902703024
0.32225595858541656, 0.45271803119176734
0.5719631616712012, 0.22909538627179848
0.636291392427124, 0.7589699679862724
0.40483622234245353, 0.15721625998590805
0.605915686979681, 0.2794428044454952
