1e-05
0.2279698160942204, 0.35592600330452173
0.2279698160942204, 0.35592600330452173
0.2279698160942204, 0.35592600330452173
0.2279698160942204, 0.35592600330452173
0.2279698160942204, 0.35592600330452173
0.2279698160942204, 0.35592600330452173
0.2279698160942204, 0.35592600330452173
0.2279698160942204, 0.35592600330452173
0.2279698160942204, 0.35592600330452173
0.2279698160942204, 0.35592600330452173
0.7754890673742243, 0.1958736753349719
0.7754890673742243, 0.1958736753349719
0.7754890673742243, 0.1958736753349719
0.7754890673742243, 0.1958736753349719
0.7754890673742243, 0.1958736753349719
0.7754890673742243, 0.1958736753349719
0.7754890673742243, 0.1958736753349719
0.7754890673742243, 0.1958736753349719
0.7754890673742243, 0.1958736753349719
0.7754890673742243, 0.1958736753349719
0.9791914306099334, 0.7220698274542618
0.9791914306099334, 0.7220698274542618
0.9791914306099334, 0.7220698274542618
0.9791914306099334, 0.7220698274542618
0.9791914306099334, 0.7220698274542618
0.9791914306099334, 0.7220698274542618
0.9791914306099334, 0.7220698274542618
0.9791914306099334, 0.7220698274542618
0.9791914306099334, 0.7220698274542618
0.9791914306099334, 0.7220698274542618
0.034899922927036364, 0.3764465036008583
0.034899922927036364, 0.3764465036008583
0.034899922927036364, 0.3764465036008583
0.034899922927036364, 0.3764465036008583
0.034899922927036364, 0.3764465036008583
0.034899922927036364, 0.3764465036008583
0.034899922927036364, 0.3764465036008583
0.034899922927036364, 0.3764465036008583
0.034899922927036364, 0.3764465036008583
0.034899922927036364, 0.3764465036008583
0.18926176313255272, 0.6651596626336159
0.18926176313255272, 0.6651596626336159
0.18926176313255272, 0.6651596626336159
0.18926176313255272, 0.6651596626336159
0.18926176313255272, 0.6651596626336159
0.18926176313255272, 0.6651596626336159
0.18926176313255272, 0.6651596626336159
0.18926176313255272, 0.6651596626336159
0.18926176313255272, 0.6651596626336159
0.18926176313255272, 0.6651596626336159
0.18269918535250018, 0.9917198914606352
0.18269918535250018, 0.9917198914606352
0.18269918535250018, 0.9917198914606352
0.18269918535250018, 0.9917198914606352
0.18269918535250018, 0.9917198914606352
0.18269918535250018, 0.9917198914606352
0.18269918535250018, 0.9917198914606352
0.18269918535250018, 0.9917198914606352
0.18269918535250018, 0.9917198914606352
0.18269918535250018, 0.9917198914606352
0.4032541025522407, 0.37178156988665756
0.4032541025522407, 0.37178156988665756
0.4032541025522407, 0.37178156988665756
0.4032541025522407, 0.37178156988665756
0.4032541025522407, 0.37178156988665756
0.4032541025522407, 0.37178156988665756
0.4032541025522407, 0.37178156988665756
0.4032541025522407, 0.37178156988665756
0.4032541025522407, 0.37178156988665756
0.4032541025522407, 0.37178156988665756
0.08755981868589902, 0.8632707185248988
0.08755981868589902, 0.8632707185248988
0.08755981868589902, 0.8632707185248988
0.08755981868589902, 0.8632707185248988
0.08755981868589902, 0.8632707185248988
0.08755981868589902, 0.8632707185248988
0.08755981868589902, 0.8632707185248988
0.08755981868589902, 0.8632707185248988
0.08755981868589902, 0.8632707185248988
0.08755981868589902, 0.8632707185248988
0.18054044809183722, 0.5650211952346439
0.18054044809183722, 0.5650211952346439
0.18054044809183722, 0.5650211952346439
0.18054044809183722, 0.5650211952346439
0.18054044809183722, 0.5650211952346439
0.18054044809183722, 0.5650211952346439
0.18054044809183722, 0.5650211952346439
0.18054044809183722, 0.5650211952346439
0.18054044809183722, 0.5650211952346439
0.18054044809183722, 0.5650211952346439
0.6604796484976542, 0.26066571617861567
0.6604796484976542, 0.26066571617861567
0.6604796484976542, 0.26066571617861567
0.6604796484976542, 0.26066571617861567
0.6604796484976542, 0.26066571617861567
0.6604796484976542, 0.26066571617861567
0.6604796484976542, 0.26066571617861567
0.6604796484976542, 0.26066571617861567
0.6604796484976542, 0.26066571617861567
0.6604796484976542, 0.26066571617861567
