1e-05
0.43698053599961106, 0.8090260697334463
0.43698053599961106, 0.8090260697334463
0.43698053599961106, 0.8090260697334463
0.43698053599961106, 0.8090260697334463
0.43698053599961106, 0.8090260697334463
0.43698053599961106, 0.8090260697334463
0.43698053599961106, 0.8090260697334463
0.43698053599961106, 0.8090260697334463
0.43698053599961106, 0.8090260697334463
0.43698053599961106, 0.8090260697334463
0.6516132563045517, 0.6591606501430878
0.6516132563045517, 0.6591606501430878
0.6516132563045517, 0.6591606501430878
0.6516132563045517, 0.6591606501430878
0.6516132563045517, 0.6591606501430878
0.6516132563045517, 0.6591606501430878
0.6516132563045517, 0.6591606501430878
0.6516132563045517, 0.6591606501430878
0.6516132563045517, 0.6591606501430878
0.6516132563045517, 0.6591606501430878
0.19585279497733044, 0.3245530294912189
0.19585279497733044, 0.3245530294912189
0.19585279497733044, 0.3245530294912189
0.19585279497733044, 0.3245530294912189
0.19585279497733044, 0.3245530294912189
0.19585279497733044, 0.3245530294912189
0.19585279497733044, 0.3245530294912189
0.19585279497733044, 0.3245530294912189
0.19585279497733044, 0.3245530294912189
0.19585279497733044, 0.3245530294912189
0.9631674739799697, 0.3178364017689941
0.9631674739799697, 0.3178364017689941
0.9631674739799697, 0.3178364017689941
0.9631674739799697, 0.3178364017689941
0.9631674739799697, 0.3178364017689941
0.9631674739799697, 0.3178364017689941
0.9631674739799697, 0.3178364017689941
0.9631674739799697, 0.3178364017689941
0.9631674739799697, 0.3178364017689941
0.9631674739799697, 0.3178364017689941
0.39988768673678454, 0.7815963680121106
0.39988768673678454, 0.7815963680121106
0.39988768673678454, 0.7815963680121106
0.39988768673678454, 0.7815963680121106
0.39988768673678454, 0.7815963680121106
0.39988768673678454, 0.7815963680121106
0.39988768673678454, 0.7815963680121106
0.39988768673678454, 0.7815963680121106
0.39988768673678454, 0.7815963680121106
0.39988768673678454, 0.7815963680121106
0.48400383733285146, 0.5074095940330058
0.48400383733285146, 0.5074095940330058
0.48400383733285146, 0.5074095940330058
0.48400383733285146, 0.5074095940330058
0.48400383733285146, 0.5074095940330058
0.48400383733285146, 0.5074095940330058
0.48400383733285146, 0.5074095940330058
0.48400383733285146, 0.5074095940330058
0.48400383733285146, 0.5074095940330058
0.48400383733285146, 0.5074095940330058
0.31085822266314245, 0.4127481282481533
0.31085822266314245, 0.4127481282481533
0.31085822266314245, 0.4127481282481533
0.31085822266314245, 0.4127481282481533
0.31085822266314245, 0.4127481282481533
0.31085822266314245, 0.4127481282481533
0.31085822266314245, 0.4127481282481533
0.31085822266314245, 0.4127481282481533
0.31085822266314245, 0.4127481282481533
0.31085822266314245, 0.4127481282481533
0.4584289697316122, 0.4344887050188413
0.4584289697316122, 0.4344887050188413
0.4584289697316122, 0.4344887050188413
0.4584289697316122, 0.4344887050188413
0.4584289697316122, 0.4344887050188413
0.4584289697316122, 0.4344887050188413
0.4584289697316122, 0.4344887050188413
0.4584289697316122, 0.4344887050188413
0.4584289697316122, 0.4344887050188413
0.4584289697316122, 0.4344887050188413
0.31592168852169533, 0.4649168891192519
0.31592168852169533, 0.4649168891192519
0.31592168852169533, 0.4649168891192519
0.31592168852169533, 0.4649168891192519
0.31592168852169533, 0.4649168891192519
0.31592168852169533, 0.4649168891192519
0.31592168852169533, 0.4649168891192519
0.31592168852169533, 0.4649168891192519
0.31592168852169533, 0.4649168891192519
0.31592168852169533, 0.4649168891192519
0.2162219786685058, 0.3622118986223054
0.2162219786685058, 0.3622118986223054
0.2162219786685058, 0.3622118986223054
0.2162219786685058, 0.3622118986223054
0.2162219786685058, 0.3622118986223054
0.2162219786685058, 0.3622118986223054
0.2162219786685058, 0.3622118986223054
0.2162219786685058, 0.3622118986223054
0.2162219786685058, 0.3622118986223054
0.2162219786685058, 0.3622118986223054
