1e-05
0.44730743143582097, 0.9919876883419569
0.44730743143582097, 0.9919876883419569
0.44730743143582097, 0.9919876883419569
0.44730743143582097, 0.9919876883419569
0.44730743143582097, 0.9919876883419569
0.44730743143582097, 0.9919876883419569
0.44730743143582097, 0.9919876883419569
0.44730743143582097, 0.9919876883419569
0.44730743143582097, 0.9919876883419569
0.44730743143582097, 0.9919876883419569
0.17746866449776533, 0.08923826939986423
0.17746866449776533, 0.08923826939986423
0.17746866449776533, 0.08923826939986423
0.17746866449776533, 0.08923826939986423
0.17746866449776533, 0.08923826939986423
0.17746866449776533, 0.08923826939986423
0.17746866449776533, 0.08923826939986423
0.17746866449776533, 0.08923826939986423
0.17746866449776533, 0.08923826939986423
0.17746866449776533, 0.08923826939986423
0.621348232957734, 0.6551314400336551
0.621348232957734, 0.6551314400336551
0.621348232957734, 0.6551314400336551
0.621348232957734, 0.6551314400336551
0.621348232957734, 0.6551314400336551
0.621348232957734, 0.6551314400336551
0.621348232957734, 0.6551314400336551
0.621348232957734, 0.6551314400336551
0.621348232957734, 0.6551314400336551
0.621348232957734, 0.6551314400336551
0.34230303852719635, 0.049031485764729155
0.34230303852719635, 0.049031485764729155
0.34230303852719635, 0.049031485764729155
0.34230303852719635, 0.049031485764729155
0.34230303852719635, 0.049031485764729155
0.34230303852719635, 0.049031485764729155
0.34230303852719635, 0.049031485764729155
0.34230303852719635, 0.049031485764729155
0.34230303852719635, 0.049031485764729155
0.34230303852719635, 0.049031485764729155
0.9593486178769338, 0.33540981037277817
0.9593486178769338, 0.33540981037277817
0.9593486178769338, 0.33540981037277817
0.9593486178769338, 0.33540981037277817
0.9593486178769338, 0.33540981037277817
0.9593486178769338, 0.33540981037277817
0.9593486178769338, 0.33540981037277817
0.9593486178769338, 0.33540981037277817
0.9593486178769338, 0.33540981037277817
0.9593486178769338, 0.33540981037277817
0.24941755638452556, 0.5769260631537141
0.24941755638452556, 0.5769260631537141
0.24941755638452556, 0.5769260631537141
0.24941755638452556, 0.5769260631537141
0.24941755638452556, 0.5769260631537141
0.24941755638452556, 0.5769260631537141
0.24941755638452556, 0.5769260631537141
0.24941755638452556, 0.5769260631537141
0.24941755638452556, 0.5769260631537141
0.24941755638452556, 0.5769260631537141
0.6671959987031183, 0.8080922572123911
0.6671959987031183, 0.8080922572123911
0.6671959987031183, 0.8080922572123911
0.6671959987031183, 0.8080922572123911
0.6671959987031183, 0.8080922572123911
0.6671959987031183, 0.8080922572123911
0.6671959987031183, 0.8080922572123911
0.6671959987031183, 0.8080922572123911
0.6671959987031183, 0.8080922572123911
0.6671959987031183, 0.8080922572123911
0.4804069205457504, 0.8766434335229668
0.4804069205457504, 0.8766434335229668
0.4804069205457504, 0.8766434335229668
0.4804069205457504, 0.8766434335229668
0.4804069205457504, 0.8766434335229668
0.4804069205457504, 0.8766434335229668
0.4804069205457504, 0.8766434335229668
0.4804069205457504, 0.8766434335229668
0.4804069205457504, 0.8766434335229668
0.4804069205457504, 0.8766434335229668
0.5583584707032532, 0.019551070445274932
0.5583584707032532, 0.019551070445274932
0.5583584707032532, 0.019551070445274932
0.5583584707032532, 0.019551070445274932
0.5583584707032532, 0.019551070445274932
0.5583584707032532, 0.019551070445274932
0.5583584707032532, 0.019551070445274932
0.5583584707032532, 0.019551070445274932
0.5583584707032532, 0.019551070445274932
0.5583584707032532, 0.019551070445274932
0.2129900654095772, 0.1915923079390358
0.2129900654095772, 0.1915923079390358
0.2129900654095772, 0.1915923079390358
0.2129900654095772, 0.1915923079390358
0.2129900654095772, 0.1915923079390358
0.2129900654095772, 0.1915923079390358
0.2129900654095772, 0.1915923079390358
0.2129900654095772, 0.1915923079390358
0.2129900654095772, 0.1915923079390358
0.2129900654095772, 0.1915923079390358
