1e-05
0.017597262771928524, 0.9420735300315041
0.017597262771928524, 0.9420735300315041
0.017597262771928524, 0.9420735300315041
0.017597262771928524, 0.9420735300315041
0.017597262771928524, 0.9420735300315041
0.017597262771928524, 0.9420735300315041
0.017597262771928524, 0.9420735300315041
0.017597262771928524, 0.9420735300315041
0.017597262771928524, 0.9420735300315041
0.017597262771928524, 0.9420735300315041
0.9115076097507951, 0.9755941645432131
0.9115076097507951, 0.9755941645432131
0.9115076097507951, 0.9755941645432131
0.9115076097507951, 0.9755941645432131
0.9115076097507951, 0.9755941645432131
0.9115076097507951, 0.9755941645432131
0.9115076097507951, 0.9755941645432131
0.9115076097507951, 0.9755941645432131
0.9115076097507951, 0.9755941645432131
0.9115076097507951, 0.9755941645432131
0.49823866669398686, 0.37722165433599064
0.49823866669398686, 0.37722165433599064
0.49823866669398686, 0.37722165433599064
0.49823866669398686, 0.37722165433599064
0.49823866669398686, 0.37722165433599064
0.49823866669398686, 0.37722165433599064
0.49823866669398686, 0.37722165433599064
0.49823866669398686, 0.37722165433599064
0.49823866669398686, 0.37722165433599064
0.49823866669398686, 0.37722165433599064
0.1501962161156164, 0.450004311818585
0.1501962161156164, 0.450004311818585
0.1501962161156164, 0.450004311818585
0.1501962161156164, 0.450004311818585
0.1501962161156164, 0.450004311818585
0.1501962161156164, 0.450004311818585
0.1501962161156164, 0.450004311818585
0.1501962161156164, 0.450004311818585
0.1501962161156164, 0.450004311818585
0.1501962161156164, 0.450004311818585
0.5036938856791886, 0.6823829580800778
0.5036938856791886, 0.6823829580800778
0.5036938856791886, 0.6823829580800778
0.5036938856791886, 0.6823829580800778
0.5036938856791886, 0.6823829580800778
0.5036938856791886, 0.6823829580800778
0.5036938856791886, 0.6823829580800778
0.5036938856791886, 0.6823829580800778
0.5036938856791886, 0.6823829580800778
0.5036938856791886, 0.6823829580800778
0.6848570160035159, 0.4460076192481923
0.6848570160035159, 0.4460076192481923
0.6848570160035159, 0.4460076192481923
0.6848570160035159, 0.4460076192481923
0.6848570160035159, 0.4460076192481923
0.6848570160035159, 0.4460076192481923
0.6848570160035159, 0.4460076192481923
0.6848570160035159, 0.4460076192481923
0.6848570160035159, 0.4460076192481923
0.6848570160035159, 0.4460076192481923
0.8894355641183984, 0.6165252173400275
0.8894355641183984, 0.6165252173400275
0.8894355641183984, 0.6165252173400275
0.8894355641183984, 0.6165252173400275
0.8894355641183984, 0.6165252173400275
0.8894355641183984, 0.6165252173400275
0.8894355641183984, 0.6165252173400275
0.8894355641183984, 0.6165252173400275
0.8894355641183984, 0.6165252173400275
0.8894355641183984, 0.6165252173400275
0.8548294541422655, 0.6122804779211015
0.8548294541422655, 0.6122804779211015
0.8548294541422655, 0.6122804779211015
0.8548294541422655, 0.6122804779211015
0.8548294541422655, 0.6122804779211015
0.8548294541422655, 0.6122804779211015
0.8548294541422655, 0.6122804779211015
0.8548294541422655, 0.6122804779211015
0.8548294541422655, 0.6122804779211015
0.8548294541422655, 0.6122804779211015
0.13883154549830468, 0.7962773971853704
0.13883154549830468, 0.7962773971853704
0.13883154549830468, 0.7962773971853704
0.13883154549830468, 0.7962773971853704
0.13883154549830468, 0.7962773971853704
0.13883154549830468, 0.7962773971853704
0.13883154549830468, 0.7962773971853704
0.13883154549830468, 0.7962773971853704
0.13883154549830468, 0.7962773971853704
0.13883154549830468, 0.7962773971853704
0.9476645430373213, 0.559961872196087
0.9476645430373213, 0.559961872196087
0.9476645430373213, 0.559961872196087
0.9476645430373213, 0.559961872196087
0.9476645430373213, 0.559961872196087
0.9476645430373213, 0.559961872196087
0.9476645430373213, 0.559961872196087
0.9476645430373213, 0.559961872196087
0.9476645430373213, 0.559961872196087
0.9476645430373213, 0.559961872196087
