1e-05
0.5626783492228798, 0.5346685584640006
0.5626783492228798, 0.5346685584640006
0.5626783492228798, 0.5346685584640006
0.5626783492228798, 0.5346685584640006
0.5626783492228798, 0.5346685584640006
0.5626783492228798, 0.5346685584640006
0.5626783492228798, 0.5346685584640006
0.5626783492228798, 0.5346685584640006
0.5626783492228798, 0.5346685584640006
0.5626783492228798, 0.5346685584640006
0.8524571777321082, 0.29088911314991817
0.8524571777321082, 0.29088911314991817
0.8524571777321082, 0.29088911314991817
0.8524571777321082, 0.29088911314991817
0.8524571777321082, 0.29088911314991817
0.8524571777321082, 0.29088911314991817
0.8524571777321082, 0.29088911314991817
0.8524571777321082, 0.29088911314991817
0.8524571777321082, 0.29088911314991817
0.8524571777321082, 0.29088911314991817
0.653738279113438, 0.5715505564760578
0.653738279113438, 0.5715505564760578
0.653738279113438, 0.5715505564760578
0.653738279113438, 0.5715505564760578
0.653738279113438, 0.5715505564760578
0.653738279113438, 0.5715505564760578
0.653738279113438, 0.5715505564760578
0.653738279113438, 0.5715505564760578
0.653738279113438, 0.5715505564760578
0.653738279113438, 0.5715505564760578
0.5439407530972475, 0.6297212874794357
0.5439407530972475, 0.6297212874794357
0.5439407530972475, 0.6297212874794357
0.5439407530972475, 0.6297212874794357
0.5439407530972475, 0.6297212874794357
0.5439407530972475, 0.6297212874794357
0.5439407530972475, 0.6297212874794357
0.5439407530972475, 0.6297212874794357
0.5439407530972475, 0.6297212874794357
0.5439407530972475, 0.6297212874794357
0.6085216486001147, 0.37574296997593526
0.6085216486001147, 0.37574296997593526
0.6085216486001147, 0.37574296997593526
0.6085216486001147, 0.37574296997593526
0.6085216486001147, 0.37574296997593526
0.6085216486001147, 0.37574296997593526
0.6085216486001147, 0.37574296997593526
0.6085216486001147, 0.37574296997593526
0.6085216486001147, 0.37574296997593526
0.6085216486001147, 0.37574296997593526
0.7613670965901215, 0.6847278529743374
0.7613670965901215, 0.6847278529743374
0.7613670965901215, 0.6847278529743374
0.7613670965901215, 0.6847278529743374
0.7613670965901215, 0.6847278529743374
0.7613670965901215, 0.6847278529743374
0.7613670965901215, 0.6847278529743374
0.7613670965901215, 0.6847278529743374
0.7613670965901215, 0.6847278529743374
0.7613670965901215, 0.6847278529743374
0.06708439772254116, 0.4350520763219021
0.06708439772254116, 0.4350520763219021
0.06708439772254116, 0.4350520763219021
0.06708439772254116, 0.4350520763219021
0.06708439772254116, 0.4350520763219021
0.06708439772254116, 0.4350520763219021
0.06708439772254116, 0.4350520763219021
0.06708439772254116, 0.4350520763219021
0.06708439772254116, 0.4350520763219021
0.06708439772254116, 0.4350520763219021
0.4571058710463459, 0.5086014248002722
0.4571058710463459, 0.5086014248002722
0.4571058710463459, 0.5086014248002722
0.4571058710463459, 0.5086014248002722
0.4571058710463459, 0.5086014248002722
0.4571058710463459, 0.5086014248002722
0.4571058710463459, 0.5086014248002722
0.4571058710463459, 0.5086014248002722
0.4571058710463459, 0.5086014248002722
0.4571058710463459, 0.5086014248002722
0.5348505956896755, 0.7977485554259112
0.5348505956896755, 0.7977485554259112
0.5348505956896755, 0.7977485554259112
0.5348505956896755, 0.7977485554259112
0.5348505956896755, 0.7977485554259112
0.5348505956896755, 0.7977485554259112
0.5348505956896755, 0.7977485554259112
0.5348505956896755, 0.7977485554259112
0.5348505956896755, 0.7977485554259112
0.5348505956896755, 0.7977485554259112
0.699786309595229, 0.1367040384656789
0.699786309595229, 0.1367040384656789
0.699786309595229, 0.1367040384656789
0.699786309595229, 0.1367040384656789
0.699786309595229, 0.1367040384656789
0.699786309595229, 0.1367040384656789
0.699786309595229, 0.1367040384656789
0.699786309595229, 0.1367040384656789
0.699786309595229, 0.1367040384656789
0.699786309595229, 0.1367040384656789
