1e-05
0.6177087450110557, 0.6378913445439164
0.6177087450110557, 0.6378913445439164
0.6177087450110557, 0.6378913445439164
0.6177087450110557, 0.6378913445439164
0.6177087450110557, 0.6378913445439164
0.6177087450110557, 0.6378913445439164
0.6177087450110557, 0.6378913445439164
0.6177087450110557, 0.6378913445439164
0.6177087450110557, 0.6378913445439164
0.6177087450110557, 0.6378913445439164
0.03447982984543496, 0.713433797714327
0.03447982984543496, 0.713433797714327
0.03447982984543496, 0.713433797714327
0.03447982984543496, 0.713433797714327
0.03447982984543496, 0.713433797714327
0.03447982984543496, 0.713433797714327
0.03447982984543496, 0.713433797714327
0.03447982984543496, 0.713433797714327
0.03447982984543496, 0.713433797714327
0.03447982984543496, 0.713433797714327
0.033250577722097274, 0.10045662089688912
0.033250577722097274, 0.10045662089688912
0.033250577722097274, 0.10045662089688912
0.033250577722097274, 0.10045662089688912
0.033250577722097274, 0.10045662089688912
0.033250577722097274, 0.10045662089688912
0.033250577722097274, 0.10045662089688912
0.033250577722097274, 0.10045662089688912
0.033250577722097274, 0.10045662089688912
0.033250577722097274, 0.10045662089688912
0.9954987805853754, 0.6513374028107161
0.9954987805853754, 0.6513374028107161
0.9954987805853754, 0.6513374028107161
0.9954987805853754, 0.6513374028107161
0.9954987805853754, 0.6513374028107161
0.9954987805853754, 0.6513374028107161
0.9954987805853754, 0.6513374028107161
0.9954987805853754, 0.6513374028107161
0.9954987805853754, 0.6513374028107161
0.9954987805853754, 0.6513374028107161
0.12873000766890774, 0.6925073028994077
0.12873000766890774, 0.6925073028994077
0.12873000766890774, 0.6925073028994077
0.12873000766890774, 0.6925073028994077
0.12873000766890774, 0.6925073028994077
0.12873000766890774, 0.6925073028994077
0.12873000766890774, 0.6925073028994077
0.12873000766890774, 0.6925073028994077
0.12873000766890774, 0.6925073028994077
0.12873000766890774, 0.6925073028994077
0.35873617331162255, 0.11792882800561921
0.35873617331162255, 0.11792882800561921
0.35873617331162255, 0.11792882800561921
0.35873617331162255, 0.11792882800561921
0.35873617331162255, 0.11792882800561921
0.35873617331162255, 0.11792882800561921
0.35873617331162255, 0.11792882800561921
0.35873617331162255, 0.11792882800561921
0.35873617331162255, 0.11792882800561921
0.35873617331162255, 0.11792882800561921
0.42297216165350104, 0.8318296672270922
0.42297216165350104, 0.8318296672270922
0.42297216165350104, 0.8318296672270922
0.42297216165350104, 0.8318296672270922
0.42297216165350104, 0.8318296672270922
0.42297216165350104, 0.8318296672270922
0.42297216165350104, 0.8318296672270922
0.42297216165350104, 0.8318296672270922
0.42297216165350104, 0.8318296672270922
0.42297216165350104, 0.8318296672270922
0.7239149284385594, 0.0002904719678091805
0.7239149284385594, 0.0002904719678091805
0.7239149284385594, 0.0002904719678091805
0.7239149284385594, 0.0002904719678091805
0.7239149284385594, 0.0002904719678091805
0.7239149284385594, 0.0002904719678091805
0.7239149284385594, 0.0002904719678091805
0.7239149284385594, 0.0002904719678091805
0.7239149284385594, 0.0002904719678091805
0.7239149284385594, 0.0002904719678091805
0.7270348171084027, 0.5457414526572125
0.7270348171084027, 0.5457414526572125
0.7270348171084027, 0.5457414526572125
0.7270348171084027, 0.5457414526572125
0.7270348171084027, 0.5457414526572125
0.7270348171084027, 0.5457414526572125
0.7270348171084027, 0.5457414526572125
0.7270348171084027, 0.5457414526572125
0.7270348171084027, 0.5457414526572125
0.7270348171084027, 0.5457414526572125
0.300054825895145, 0.6199450956281107
0.300054825895145, 0.6199450956281107
0.300054825895145, 0.6199450956281107
0.300054825895145, 0.6199450956281107
0.300054825895145, 0.6199450956281107
0.300054825895145, 0.6199450956281107
0.300054825895145, 0.6199450956281107
0.300054825895145, 0.6199450956281107
0.300054825895145, 0.6199450956281107
0.300054825895145, 0.6199450956281107
