1e-05
0.6406147630386753, 0.6208041938526615
0.6406147630386753, 0.6208041938526615
0.6406147630386753, 0.6208041938526615
0.6406147630386753, 0.6208041938526615
0.6406147630386753, 0.6208041938526615
0.6406147630386753, 0.6208041938526615
0.6406147630386753, 0.6208041938526615
0.6406147630386753, 0.6208041938526615
0.6406147630386753, 0.6208041938526615
0.6406147630386753, 0.6208041938526615
0.20915085006446044, 0.28648583260731453
0.20915085006446044, 0.28648583260731453
0.20915085006446044, 0.28648583260731453
0.20915085006446044, 0.28648583260731453
0.20915085006446044, 0.28648583260731453
0.20915085006446044, 0.28648583260731453
0.20915085006446044, 0.28648583260731453
0.20915085006446044, 0.28648583260731453
0.20915085006446044, 0.28648583260731453
0.20915085006446044, 0.28648583260731453
0.9063247766313429, 0.8393692128457914
0.9063247766313429, 0.8393692128457914
0.9063247766313429, 0.8393692128457914
0.9063247766313429, 0.8393692128457914
0.9063247766313429, 0.8393692128457914
0.9063247766313429, 0.8393692128457914
0.9063247766313429, 0.8393692128457914
0.9063247766313429, 0.8393692128457914
0.9063247766313429, 0.8393692128457914
0.9063247766313429, 0.8393692128457914
0.4080008142024959, 0.6777690681433489
0.4080008142024959, 0.6777690681433489
0.4080008142024959, 0.6777690681433489
0.4080008142024959, 0.6777690681433489
0.4080008142024959, 0.6777690681433489
0.4080008142024959, 0.6777690681433489
0.4080008142024959, 0.6777690681433489
0.4080008142024959, 0.6777690681433489
0.4080008142024959, 0.6777690681433489
0.4080008142024959, 0.6777690681433489
0.9197328626541756, 0.18688363617877735
0.9197328626541756, 0.18688363617877735
0.9197328626541756, 0.18688363617877735
0.9197328626541756, 0.18688363617877735
0.9197328626541756, 0.18688363617877735
0.9197328626541756, 0.18688363617877735
0.9197328626541756, 0.18688363617877735
0.9197328626541756, 0.18688363617877735
0.9197328626541756, 0.18688363617877735
0.9197328626541756, 0.18688363617877735
0.3057425624420762, 0.7469467221629932
0.3057425624420762, 0.7469467221629932
0.3057425624420762, 0.7469467221629932
0.3057425624420762, 0.7469467221629932
0.3057425624420762, 0.7469467221629932
0.3057425624420762, 0.7469467221629932
0.3057425624420762, 0.7469467221629932
0.3057425624420762, 0.7469467221629932
0.3057425624420762, 0.7469467221629932
0.3057425624420762, 0.7469467221629932
0.8987726280218635, 0.6418623911381056
0.8987726280218635, 0.6418623911381056
0.8987726280218635, 0.6418623911381056
0.8987726280218635, 0.6418623911381056
0.8987726280218635, 0.6418623911381056
0.8987726280218635, 0.6418623911381056
0.8987726280218635, 0.6418623911381056
0.8987726280218635, 0.6418623911381056
0.8987726280218635, 0.6418623911381056
0.8987726280218635, 0.6418623911381056
0.5075291275650456, 0.6985171276796607
0.5075291275650456, 0.6985171276796607
0.5075291275650456, 0.6985171276796607
0.5075291275650456, 0.6985171276796607
0.5075291275650456, 0.6985171276796607
0.5075291275650456, 0.6985171276796607
0.5075291275650456, 0.6985171276796607
0.5075291275650456, 0.6985171276796607
0.5075291275650456, 0.6985171276796607
0.5075291275650456, 0.6985171276796607
0.15937007719073004, 0.266844762641117
0.15937007719073004, 0.266844762641117
0.15937007719073004, 0.266844762641117
0.15937007719073004, 0.266844762641117
0.15937007719073004, 0.266844762641117
0.15937007719073004, 0.266844762641117
0.15937007719073004, 0.266844762641117
0.15937007719073004, 0.266844762641117
0.15937007719073004, 0.266844762641117
0.15937007719073004, 0.266844762641117
0.6395240337347246, 0.4211852218009443
0.6395240337347246, 0.4211852218009443
0.6395240337347246, 0.4211852218009443
0.6395240337347246, 0.4211852218009443
0.6395240337347246, 0.4211852218009443
0.6395240337347246, 0.4211852218009443
0.6395240337347246, 0.4211852218009443
0.6395240337347246, 0.4211852218009443
0.6395240337347246, 0.4211852218009443
0.6395240337347246, 0.4211852218009443
