1e-05
0.02658305235174485, 0.7228121316138334
0.02658305235174485, 0.7228121316138334
0.02658305235174485, 0.7228121316138334
0.02658305235174485, 0.7228121316138334
0.02658305235174485, 0.7228121316138334
0.02658305235174485, 0.7228121316138334
0.02658305235174485, 0.7228121316138334
0.02658305235174485, 0.7228121316138334
0.02658305235174485, 0.7228121316138334
0.02658305235174485, 0.7228121316138334
0.9959447986800786, 0.7433491805316951
0.9959447986800786, 0.7433491805316951
0.9959447986800786, 0.7433491805316951
0.9959447986800786, 0.7433491805316951
0.9959447986800786, 0.7433491805316951
0.9959447986800786, 0.7433491805316951
0.9959447986800786, 0.7433491805316951
0.9959447986800786, 0.7433491805316951
0.9959447986800786, 0.7433491805316951
0.9959447986800786, 0.7433491805316951
0.9875441821145459, 0.4987011714476598
0.9875441821145459, 0.4987011714476598
0.9875441821145459, 0.4987011714476598
0.9875441821145459, 0.4987011714476598
0.9875441821145459, 0.4987011714476598
0.9875441821145459, 0.4987011714476598
0.9875441821145459, 0.4987011714476598
0.9875441821145459, 0.4987011714476598
0.9875441821145459, 0.4987011714476598
0.9875441821145459, 0.4987011714476598
0.3071853929073003, 0.8304725236905732
0.3071853929073003, 0.8304725236905732
0.3071853929073003, 0.8304725236905732
0.3071853929073003, 0.8304725236905732
0.3071853929073003, 0.8304725236905732
0.3071853929073003, 0.8304725236905732
0.3071853929073003, 0.8304725236905732
0.3071853929073003, 0.8304725236905732
0.3071853929073003, 0.8304725236905732
0.3071853929073003, 0.8304725236905732
0.5497147824503155, 0.40854588583517937
0.5497147824503155, 0.40854588583517937
0.5497147824503155, 0.40854588583517937
0.5497147824503155, 0.40854588583517937
0.5497147824503155, 0.40854588583517937
0.5497147824503155, 0.40854588583517937
0.5497147824503155, 0.40854588583517937
0.5497147824503155, 0.40854588583517937
0.5497147824503155, 0.40854588583517937
0.5497147824503155, 0.40854588583517937
0.8371738748848268, 0.3252102830025625
0.8371738748848268, 0.3252102830025625
0.8371738748848268, 0.3252102830025625
0.8371738748848268, 0.3252102830025625
0.8371738748848268, 0.3252102830025625
0.8371738748848268, 0.3252102830025625
0.8371738748848268, 0.3252102830025625
0.8371738748848268, 0.3252102830025625
0.8371738748848268, 0.3252102830025625
0.8371738748848268, 0.3252102830025625
0.654802392827798, 0.5931707100349937
0.654802392827798, 0.5931707100349937
0.654802392827798, 0.5931707100349937
0.654802392827798, 0.5931707100349937
0.654802392827798, 0.5931707100349937
0.654802392827798, 0.5931707100349937
0.654802392827798, 0.5931707100349937
0.654802392827798, 0.5931707100349937
0.654802392827798, 0.5931707100349937
0.654802392827798, 0.5931707100349937
0.4011206588312699, 0.6100017532421874
0.4011206588312699, 0.6100017532421874
0.4011206588312699, 0.6100017532421874
0.4011206588312699, 0.6100017532421874
0.4011206588312699, 0.6100017532421874
0.4011206588312699, 0.6100017532421874
0.4011206588312699, 0.6100017532421874
0.4011206588312699, 0.6100017532421874
0.4011206588312699, 0.6100017532421874
0.4011206588312699, 0.6100017532421874
0.27395279790911753, 0.06976014555457033
0.27395279790911753, 0.06976014555457033
0.27395279790911753, 0.06976014555457033
0.27395279790911753, 0.06976014555457033
0.27395279790911753, 0.06976014555457033
0.27395279790911753, 0.06976014555457033
0.27395279790911753, 0.06976014555457033
0.27395279790911753, 0.06976014555457033
0.27395279790911753, 0.06976014555457033
0.27395279790911753, 0.06976014555457033
0.8665362922542591, 0.2248674524953529
0.8665362922542591, 0.2248674524953529
0.8665362922542591, 0.2248674524953529
0.8665362922542591, 0.2248674524953529
0.8665362922542591, 0.2248674524953529
0.8665362922542591, 0.2248674524953529
0.8665362922542591, 0.2248674524953529
0.8665362922542591, 0.2248674524953529
0.8665362922542591, 0.2248674524953529
0.8665362922542591, 0.2248674524953529
