1e-05
0.11033976529848466, 0.2954992059347069
0.11033976529848466, 0.2954992059347069
0.11033976529848466, 0.2954992059347069
0.11033976529848466, 0.2954992059347069
0.11033976529848466, 0.2954992059347069
0.11033976529848466, 0.2954992059347069
0.11033976529848466, 0.2954992059347069
0.11033976529848466, 0.2954992059347069
0.11033976529848466, 0.2954992059347069
0.11033976529848466, 0.2954992059347069
0.48674684459558715, 0.17857202664477445
0.48674684459558715, 0.17857202664477445
0.48674684459558715, 0.17857202664477445
0.48674684459558715, 0.17857202664477445
0.48674684459558715, 0.17857202664477445
0.48674684459558715, 0.17857202664477445
0.48674684459558715, 0.17857202664477445
0.48674684459558715, 0.17857202664477445
0.48674684459558715, 0.17857202664477445
0.48674684459558715, 0.17857202664477445
0.054762632318753, 0.5129200589616798
0.054762632318753, 0.5129200589616798
0.054762632318753, 0.5129200589616798
0.054762632318753, 0.5129200589616798
0.054762632318753, 0.5129200589616798
0.054762632318753, 0.5129200589616798
0.054762632318753, 0.5129200589616798
0.054762632318753, 0.5129200589616798
0.054762632318753, 0.5129200589616798
0.054762632318753, 0.5129200589616798
0.7082598999431338, 0.37509693679095946
0.7082598999431338, 0.37509693679095946
0.7082598999431338, 0.37509693679095946
0.7082598999431338, 0.37509693679095946
0.7082598999431338, 0.37509693679095946
0.7082598999431338, 0.37509693679095946
0.7082598999431338, 0.37509693679095946
0.7082598999431338, 0.37509693679095946
0.7082598999431338, 0.37509693679095946
0.7082598999431338, 0.37509693679095946
0.10953857396590128, 0.795502909651678
0.10953857396590128, 0.795502909651678
0.10953857396590128, 0.795502909651678
0.10953857396590128, 0.795502909651678
0.10953857396590128, 0.795502909651678
0.10953857396590128, 0.795502909651678
0.10953857396590128, 0.795502909651678
0.10953857396590128, 0.795502909651678
0.10953857396590128, 0.795502909651678
0.10953857396590128, 0.795502909651678
0.06598145189083249, 0.9906101935569869
0.06598145189083249, 0.9906101935569869
0.06598145189083249, 0.9906101935569869
0.06598145189083249, 0.9906101935569869
0.06598145189083249, 0.9906101935569869
0.06598145189083249, 0.9906101935569869
0.06598145189083249, 0.9906101935569869
0.06598145189083249, 0.9906101935569869
0.06598145189083249, 0.9906101935569869
0.06598145189083249, 0.9906101935569869
0.9092628969844783, 0.5602476492464571
0.9092628969844783, 0.5602476492464571
0.9092628969844783, 0.5602476492464571
0.9092628969844783, 0.5602476492464571
0.9092628969844783, 0.5602476492464571
0.9092628969844783, 0.5602476492464571
0.9092628969844783, 0.5602476492464571
0.9092628969844783, 0.5602476492464571
0.9092628969844783, 0.5602476492464571
0.9092628969844783, 0.5602476492464571
0.5148008812014543, 0.6578116338418504
0.5148008812014543, 0.6578116338418504
0.5148008812014543, 0.6578116338418504
0.5148008812014543, 0.6578116338418504
0.5148008812014543, 0.6578116338418504
0.5148008812014543, 0.6578116338418504
0.5148008812014543, 0.6578116338418504
0.5148008812014543, 0.6578116338418504
0.5148008812014543, 0.6578116338418504
0.5148008812014543, 0.6578116338418504
0.8120292406982835, 0.44461659689224065
0.8120292406982835, 0.44461659689224065
0.8120292406982835, 0.44461659689224065
0.8120292406982835, 0.44461659689224065
0.8120292406982835, 0.44461659689224065
0.8120292406982835, 0.44461659689224065
0.8120292406982835, 0.44461659689224065
0.8120292406982835, 0.44461659689224065
0.8120292406982835, 0.44461659689224065
0.8120292406982835, 0.44461659689224065
0.9560144431091918, 0.11788351636596339
0.9560144431091918, 0.11788351636596339
0.9560144431091918, 0.11788351636596339
0.9560144431091918, 0.11788351636596339
0.9560144431091918, 0.11788351636596339
0.9560144431091918, 0.11788351636596339
0.9560144431091918, 0.11788351636596339
0.9560144431091918, 0.11788351636596339
0.9560144431091918, 0.11788351636596339
0.9560144431091918, 0.11788351636596339
