1e-05
0.0570115498989725, 0.03462970769413398
0.0570115498989725, 0.03462970769413398
0.0570115498989725, 0.03462970769413398
0.0570115498989725, 0.03462970769413398
0.0570115498989725, 0.03462970769413398
0.0570115498989725, 0.03462970769413398
0.0570115498989725, 0.03462970769413398
0.0570115498989725, 0.03462970769413398
0.0570115498989725, 0.03462970769413398
0.0570115498989725, 0.03462970769413398
0.14628490269092564, 0.6972200705832657
0.14628490269092564, 0.6972200705832657
0.14628490269092564, 0.6972200705832657
0.14628490269092564, 0.6972200705832657
0.14628490269092564, 0.6972200705832657
0.14628490269092564, 0.6972200705832657
0.14628490269092564, 0.6972200705832657
0.14628490269092564, 0.6972200705832657
0.14628490269092564, 0.6972200705832657
0.14628490269092564, 0.6972200705832657
0.8385896222369724, 0.5867901394204776
0.8385896222369724, 0.5867901394204776
0.8385896222369724, 0.5867901394204776
0.8385896222369724, 0.5867901394204776
0.8385896222369724, 0.5867901394204776
0.8385896222369724, 0.5867901394204776
0.8385896222369724, 0.5867901394204776
0.8385896222369724, 0.5867901394204776
0.8385896222369724, 0.5867901394204776
0.8385896222369724, 0.5867901394204776
0.7311955405607714, 0.2717056133356043
0.7311955405607714, 0.2717056133356043
0.7311955405607714, 0.2717056133356043
0.7311955405607714, 0.2717056133356043
0.7311955405607714, 0.2717056133356043
0.7311955405607714, 0.2717056133356043
0.7311955405607714, 0.2717056133356043
0.7311955405607714, 0.2717056133356043
0.7311955405607714, 0.2717056133356043
0.7311955405607714, 0.2717056133356043
0.07004364026909737, 0.2796219107519238
0.07004364026909737, 0.2796219107519238
0.07004364026909737, 0.2796219107519238
0.07004364026909737, 0.2796219107519238
0.07004364026909737, 0.2796219107519238
0.07004364026909737, 0.2796219107519238
0.07004364026909737, 0.2796219107519238
0.07004364026909737, 0.2796219107519238
0.07004364026909737, 0.2796219107519238
0.07004364026909737, 0.2796219107519238
0.3172979580483313, 0.5799202133586281
0.3172979580483313, 0.5799202133586281
0.3172979580483313, 0.5799202133586281
0.3172979580483313, 0.5799202133586281
0.3172979580483313, 0.5799202133586281
0.3172979580483313, 0.5799202133586281
0.3172979580483313, 0.5799202133586281
0.3172979580483313, 0.5799202133586281
0.3172979580483313, 0.5799202133586281
0.3172979580483313, 0.5799202133586281
0.878624521281892, 0.5517875964288703
0.878624521281892, 0.5517875964288703
0.878624521281892, 0.5517875964288703
0.878624521281892, 0.5517875964288703
0.878624521281892, 0.5517875964288703
0.878624521281892, 0.5517875964288703
0.878624521281892, 0.5517875964288703
0.878624521281892, 0.5517875964288703
0.878624521281892, 0.5517875964288703
0.878624521281892, 0.5517875964288703
0.2775466456077593, 0.23350472482804985
0.2775466456077593, 0.23350472482804985
0.2775466456077593, 0.23350472482804985
0.2775466456077593, 0.23350472482804985
0.2775466456077593, 0.23350472482804985
0.2775466456077593, 0.23350472482804985
0.2775466456077593, 0.23350472482804985
0.2775466456077593, 0.23350472482804985
0.2775466456077593, 0.23350472482804985
0.2775466456077593, 0.23350472482804985
0.6962258195216989, 0.8140059415141976
0.6962258195216989, 0.8140059415141976
0.6962258195216989, 0.8140059415141976
0.6962258195216989, 0.8140059415141976
0.6962258195216989, 0.8140059415141976
0.6962258195216989, 0.8140059415141976
0.6962258195216989, 0.8140059415141976
0.6962258195216989, 0.8140059415141976
0.6962258195216989, 0.8140059415141976
0.6962258195216989, 0.8140059415141976
0.8364379029928846, 0.363576937141195
0.8364379029928846, 0.363576937141195
0.8364379029928846, 0.363576937141195
0.8364379029928846, 0.363576937141195
0.8364379029928846, 0.363576937141195
0.8364379029928846, 0.363576937141195
0.8364379029928846, 0.363576937141195
0.8364379029928846, 0.363576937141195
0.8364379029928846, 0.363576937141195
0.8364379029928846, 0.363576937141195
