1e-05
0.7259825666090858, 0.8710424560817092
0.7259825666090858, 0.8710424560817092
0.7259825666090858, 0.8710424560817092
0.7259825666090858, 0.8710424560817092
0.7259825666090858, 0.8710424560817092
0.7259825666090858, 0.8710424560817092
0.7259825666090858, 0.8710424560817092
0.7259825666090858, 0.8710424560817092
0.7259825666090858, 0.8710424560817092
0.7259825666090858, 0.8710424560817092
0.43421063872694776, 0.8132629422863137
0.43421063872694776, 0.8132629422863137
0.43421063872694776, 0.8132629422863137
0.43421063872694776, 0.8132629422863137
0.43421063872694776, 0.8132629422863137
0.43421063872694776, 0.8132629422863137
0.43421063872694776, 0.8132629422863137
0.43421063872694776, 0.8132629422863137
0.43421063872694776, 0.8132629422863137
0.43421063872694776, 0.8132629422863137
0.4509632228016809, 0.9291715300346053
0.4509632228016809, 0.9291715300346053
0.4509632228016809, 0.9291715300346053
0.4509632228016809, 0.9291715300346053
0.4509632228016809, 0.9291715300346053
0.4509632228016809, 0.9291715300346053
0.4509632228016809, 0.9291715300346053
0.4509632228016809, 0.9291715300346053
0.4509632228016809, 0.9291715300346053
0.4509632228016809, 0.9291715300346053
0.6603311530027508, 0.8959944359900001
0.6603311530027508, 0.8959944359900001
0.6603311530027508, 0.8959944359900001
0.6603311530027508, 0.8959944359900001
0.6603311530027508, 0.8959944359900001
0.6603311530027508, 0.8959944359900001
0.6603311530027508, 0.8959944359900001
0.6603311530027508, 0.8959944359900001
0.6603311530027508, 0.8959944359900001
0.6603311530027508, 0.8959944359900001
0.7071328937112404, 0.32669316556366823
0.7071328937112404, 0.32669316556366823
0.7071328937112404, 0.32669316556366823
0.7071328937112404, 0.32669316556366823
0.7071328937112404, 0.32669316556366823
0.7071328937112404, 0.32669316556366823
0.7071328937112404, 0.32669316556366823
0.7071328937112404, 0.32669316556366823
0.7071328937112404, 0.32669316556366823
0.7071328937112404, 0.32669316556366823
0.45064814957038435, 0.4859306868823058
0.45064814957038435, 0.4859306868823058
0.45064814957038435, 0.4859306868823058
0.45064814957038435, 0.4859306868823058
0.45064814957038435, 0.4859306868823058
0.45064814957038435, 0.4859306868823058
0.45064814957038435, 0.4859306868823058
0.45064814957038435, 0.4859306868823058
0.45064814957038435, 0.4859306868823058
0.45064814957038435, 0.4859306868823058
0.35301812261238474, 0.3003768505586205
0.35301812261238474, 0.3003768505586205
0.35301812261238474, 0.3003768505586205
0.35301812261238474, 0.3003768505586205
0.35301812261238474, 0.3003768505586205
0.35301812261238474, 0.3003768505586205
0.35301812261238474, 0.3003768505586205
0.35301812261238474, 0.3003768505586205
0.35301812261238474, 0.3003768505586205
0.35301812261238474, 0.3003768505586205
0.7897822056576808, 0.1626940292116935
0.7897822056576808, 0.1626940292116935
0.7897822056576808, 0.1626940292116935
0.7897822056576808, 0.1626940292116935
0.7897822056576808, 0.1626940292116935
0.7897822056576808, 0.1626940292116935
0.7897822056576808, 0.1626940292116935
0.7897822056576808, 0.1626940292116935
0.7897822056576808, 0.1626940292116935
0.7897822056576808, 0.1626940292116935
0.5275918823464072, 0.8221654418632574
0.5275918823464072, 0.8221654418632574
0.5275918823464072, 0.8221654418632574
0.5275918823464072, 0.8221654418632574
0.5275918823464072, 0.8221654418632574
0.5275918823464072, 0.8221654418632574
0.5275918823464072, 0.8221654418632574
0.5275918823464072, 0.8221654418632574
0.5275918823464072, 0.8221654418632574
0.5275918823464072, 0.8221654418632574
0.4619491665295796, 0.4910715421082168
0.4619491665295796, 0.4910715421082168
0.4619491665295796, 0.4910715421082168
0.4619491665295796, 0.4910715421082168
0.4619491665295796, 0.4910715421082168
0.4619491665295796, 0.4910715421082168
0.4619491665295796, 0.4910715421082168
0.4619491665295796, 0.4910715421082168
0.4619491665295796, 0.4910715421082168
0.4619491665295796, 0.4910715421082168
