1e-05
0.6535862669128453, 0.19926282578614385
0.6535862669128453, 0.19926282578614385
0.6535862669128453, 0.19926282578614385
0.6535862669128453, 0.19926282578614385
0.6535862669128453, 0.19926282578614385
0.6535862669128453, 0.19926282578614385
0.6535862669128453, 0.19926282578614385
0.6535862669128453, 0.19926282578614385
0.6535862669128453, 0.19926282578614385
0.6535862669128453, 0.19926282578614385
0.31815770939570587, 0.6113842896804098
0.31815770939570587, 0.6113842896804098
0.31815770939570587, 0.6113842896804098
0.31815770939570587, 0.6113842896804098
0.31815770939570587, 0.6113842896804098
0.31815770939570587, 0.6113842896804098
0.31815770939570587, 0.6113842896804098
0.31815770939570587, 0.6113842896804098
0.31815770939570587, 0.6113842896804098
0.31815770939570587, 0.6113842896804098
0.6687229396511495, 0.20294616591207804
0.6687229396511495, 0.20294616591207804
0.6687229396511495, 0.20294616591207804
0.6687229396511495, 0.20294616591207804
0.6687229396511495, 0.20294616591207804
0.6687229396511495, 0.20294616591207804
0.6687229396511495, 0.20294616591207804
0.6687229396511495, 0.20294616591207804
0.6687229396511495, 0.20294616591207804
0.6687229396511495, 0.20294616591207804
0.7906869813707771, 0.2560166207716029
0.7906869813707771, 0.2560166207716029
0.7906869813707771, 0.2560166207716029
0.7906869813707771, 0.2560166207716029
0.7906869813707771, 0.2560166207716029
0.7906869813707771, 0.2560166207716029
0.7906869813707771, 0.2560166207716029
0.7906869813707771, 0.2560166207716029
0.7906869813707771, 0.2560166207716029
0.7906869813707771, 0.2560166207716029
0.641653362672929, 0.46897231794642524
0.641653362672929, 0.46897231794642524
0.641653362672929, 0.46897231794642524
0.641653362672929, 0.46897231794642524
0.641653362672929, 0.46897231794642524
0.641653362672929, 0.46897231794642524
0.641653362672929, 0.46897231794642524
0.641653362672929, 0.46897231794642524
0.641653362672929, 0.46897231794642524
0.641653362672929, 0.46897231794642524
0.8844581827635162, 0.5335570262087463
0.8844581827635162, 0.5335570262087463
0.8844581827635162, 0.5335570262087463
0.8844581827635162, 0.5335570262087463
0.8844581827635162, 0.5335570262087463
0.8844581827635162, 0.5335570262087463
0.8844581827635162, 0.5335570262087463
0.8844581827635162, 0.5335570262087463
0.8844581827635162, 0.5335570262087463
0.8844581827635162, 0.5335570262087463
0.0984706866468178, 0.7164743531235708
0.0984706866468178, 0.7164743531235708
0.0984706866468178, 0.7164743531235708
0.0984706866468178, 0.7164743531235708
0.0984706866468178, 0.7164743531235708
0.0984706866468178, 0.7164743531235708
0.0984706866468178, 0.7164743531235708
0.0984706866468178, 0.7164743531235708
0.0984706866468178, 0.7164743531235708
0.0984706866468178, 0.7164743531235708
0.8417330578021798, 0.8881759015087259
0.8417330578021798, 0.8881759015087259
0.8417330578021798, 0.8881759015087259
0.8417330578021798, 0.8881759015087259
0.8417330578021798, 0.8881759015087259
0.8417330578021798, 0.8881759015087259
0.8417330578021798, 0.8881759015087259
0.8417330578021798, 0.8881759015087259
0.8417330578021798, 0.8881759015087259
0.8417330578021798, 0.8881759015087259
0.7044865680887554, 0.2193751909161803
0.7044865680887554, 0.2193751909161803
0.7044865680887554, 0.2193751909161803
0.7044865680887554, 0.2193751909161803
0.7044865680887554, 0.2193751909161803
0.7044865680887554, 0.2193751909161803
0.7044865680887554, 0.2193751909161803
0.7044865680887554, 0.2193751909161803
0.7044865680887554, 0.2193751909161803
0.7044865680887554, 0.2193751909161803
0.060963244224869984, 0.9766838561471196
0.060963244224869984, 0.9766838561471196
0.060963244224869984, 0.9766838561471196
0.060963244224869984, 0.9766838561471196
0.060963244224869984, 0.9766838561471196
0.060963244224869984, 0.9766838561471196
0.060963244224869984, 0.9766838561471196
0.060963244224869984, 0.9766838561471196
0.060963244224869984, 0.9766838561471196
0.060963244224869984, 0.9766838561471196
