1e-05
0.9148371878615524, 0.7190383519551902
0.9148371878615524, 0.7190383519551902
0.9148371878615524, 0.7190383519551902
0.9148371878615524, 0.7190383519551902
0.9148371878615524, 0.7190383519551902
0.9148371878615524, 0.7190383519551902
0.9148371878615524, 0.7190383519551902
0.9148371878615524, 0.7190383519551902
0.9148371878615524, 0.7190383519551902
0.9148371878615524, 0.7190383519551902
0.343789832856891, 0.6656024366642397
0.343789832856891, 0.6656024366642397
0.343789832856891, 0.6656024366642397
0.343789832856891, 0.6656024366642397
0.343789832856891, 0.6656024366642397
0.343789832856891, 0.6656024366642397
0.343789832856891, 0.6656024366642397
0.343789832856891, 0.6656024366642397
0.343789832856891, 0.6656024366642397
0.343789832856891, 0.6656024366642397
0.7775205842479243, 0.9508983279975916
0.7775205842479243, 0.9508983279975916
0.7775205842479243, 0.9508983279975916
0.7775205842479243, 0.9508983279975916
0.7775205842479243, 0.9508983279975916
0.7775205842479243, 0.9508983279975916
0.7775205842479243, 0.9508983279975916
0.7775205842479243, 0.9508983279975916
0.7775205842479243, 0.9508983279975916
0.7775205842479243, 0.9508983279975916
0.7382514566424012, 0.4500661748270137
0.7382514566424012, 0.4500661748270137
0.7382514566424012, 0.4500661748270137
0.7382514566424012, 0.4500661748270137
0.7382514566424012, 0.4500661748270137
0.7382514566424012, 0.4500661748270137
0.7382514566424012, 0.4500661748270137
0.7382514566424012, 0.4500661748270137
0.7382514566424012, 0.4500661748270137
0.7382514566424012, 0.4500661748270137
0.8591788380501684, 0.8158026187750271
0.8591788380501684, 0.8158026187750271
0.8591788380501684, 0.8158026187750271
0.8591788380501684, 0.8158026187750271
0.8591788380501684, 0.8158026187750271
0.8591788380501684, 0.8158026187750271
0.8591788380501684, 0.8158026187750271
0.8591788380501684, 0.8158026187750271
0.8591788380501684, 0.8158026187750271
0.8591788380501684, 0.8158026187750271
0.01160779768623732, 0.6080120061087997
0.01160779768623732, 0.6080120061087997
0.01160779768623732, 0.6080120061087997
0.01160779768623732, 0.6080120061087997
0.01160779768623732, 0.6080120061087997
0.01160779768623732, 0.6080120061087997
0.01160779768623732, 0.6080120061087997
0.01160779768623732, 0.6080120061087997
0.01160779768623732, 0.6080120061087997
0.01160779768623732, 0.6080120061087997
0.27711784895882263, 0.740932393916418
0.27711784895882263, 0.740932393916418
0.27711784895882263, 0.740932393916418
0.27711784895882263, 0.740932393916418
0.27711784895882263, 0.740932393916418
0.27711784895882263, 0.740932393916418
0.27711784895882263, 0.740932393916418
0.27711784895882263, 0.740932393916418
0.27711784895882263, 0.740932393916418
0.27711784895882263, 0.740932393916418
0.9622123330903766, 0.06289517601188577
0.9622123330903766, 0.06289517601188577
0.9622123330903766, 0.06289517601188577
0.9622123330903766, 0.06289517601188577
0.9622123330903766, 0.06289517601188577
0.9622123330903766, 0.06289517601188577
0.9622123330903766, 0.06289517601188577
0.9622123330903766, 0.06289517601188577
0.9622123330903766, 0.06289517601188577
0.9622123330903766, 0.06289517601188577
0.24654558530096982, 0.3713477508908629
0.24654558530096982, 0.3713477508908629
0.24654558530096982, 0.3713477508908629
0.24654558530096982, 0.3713477508908629
0.24654558530096982, 0.3713477508908629
0.24654558530096982, 0.3713477508908629
0.24654558530096982, 0.3713477508908629
0.24654558530096982, 0.3713477508908629
0.24654558530096982, 0.3713477508908629
0.24654558530096982, 0.3713477508908629
0.3844017318571671, 0.42739340452046337
0.3844017318571671, 0.42739340452046337
0.3844017318571671, 0.42739340452046337
0.3844017318571671, 0.42739340452046337
0.3844017318571671, 0.42739340452046337
0.3844017318571671, 0.42739340452046337
0.3844017318571671, 0.42739340452046337
0.3844017318571671, 0.42739340452046337
0.3844017318571671, 0.42739340452046337
0.3844017318571671, 0.42739340452046337
