1e-05
0.284256684073536, 0.6728086025279193
0.284256684073536, 0.6728086025279193
0.284256684073536, 0.6728086025279193
0.284256684073536, 0.6728086025279193
0.284256684073536, 0.6728086025279193
0.284256684073536, 0.6728086025279193
0.284256684073536, 0.6728086025279193
0.284256684073536, 0.6728086025279193
0.284256684073536, 0.6728086025279193
0.284256684073536, 0.6728086025279193
0.8209488398369655, 0.27918814637906664
0.8209488398369655, 0.27918814637906664
0.8209488398369655, 0.27918814637906664
0.8209488398369655, 0.27918814637906664
0.8209488398369655, 0.27918814637906664
0.8209488398369655, 0.27918814637906664
0.8209488398369655, 0.27918814637906664
0.8209488398369655, 0.27918814637906664
0.8209488398369655, 0.27918814637906664
0.8209488398369655, 0.27918814637906664
0.6069850470720696, 0.9215267646991157
0.6069850470720696, 0.9215267646991157
0.6069850470720696, 0.9215267646991157
0.6069850470720696, 0.9215267646991157
0.6069850470720696, 0.9215267646991157
0.6069850470720696, 0.9215267646991157
0.6069850470720696, 0.9215267646991157
0.6069850470720696, 0.9215267646991157
0.6069850470720696, 0.9215267646991157
0.6069850470720696, 0.9215267646991157
0.8931842016881066, 0.7765506192577706
0.8931842016881066, 0.7765506192577706
0.8931842016881066, 0.7765506192577706
0.8931842016881066, 0.7765506192577706
0.8931842016881066, 0.7765506192577706
0.8931842016881066, 0.7765506192577706
0.8931842016881066, 0.7765506192577706
0.8931842016881066, 0.7765506192577706
0.8931842016881066, 0.7765506192577706
0.8931842016881066, 0.7765506192577706
0.8488817206592423, 0.9351529051492212
0.8488817206592423, 0.9351529051492212
0.8488817206592423, 0.9351529051492212
0.8488817206592423, 0.9351529051492212
0.8488817206592423, 0.9351529051492212
0.8488817206592423, 0.9351529051492212
0.8488817206592423, 0.9351529051492212
0.8488817206592423, 0.9351529051492212
0.8488817206592423, 0.9351529051492212
0.8488817206592423, 0.9351529051492212
0.749269005470956, 0.4829738457143995
0.749269005470956, 0.4829738457143995
0.749269005470956, 0.4829738457143995
0.749269005470956, 0.4829738457143995
0.749269005470956, 0.4829738457143995
0.749269005470956, 0.4829738457143995
0.749269005470956, 0.4829738457143995
0.749269005470956, 0.4829738457143995
0.749269005470956, 0.4829738457143995
0.749269005470956, 0.4829738457143995
0.24299184102698712, 0.3556393807302912
0.24299184102698712, 0.3556393807302912
0.24299184102698712, 0.3556393807302912
0.24299184102698712, 0.3556393807302912
0.24299184102698712, 0.3556393807302912
0.24299184102698712, 0.3556393807302912
0.24299184102698712, 0.3556393807302912
0.24299184102698712, 0.3556393807302912
0.24299184102698712, 0.3556393807302912
0.24299184102698712, 0.3556393807302912
0.9524404241400695, 0.48698909020744996
0.9524404241400695, 0.48698909020744996
0.9524404241400695, 0.48698909020744996
0.9524404241400695, 0.48698909020744996
0.9524404241400695, 0.48698909020744996
0.9524404241400695, 0.48698909020744996
0.9524404241400695, 0.48698909020744996
0.9524404241400695, 0.48698909020744996
0.9524404241400695, 0.48698909020744996
0.9524404241400695, 0.48698909020744996
0.6090623401772858, 0.9432418950138114
0.6090623401772858, 0.9432418950138114
0.6090623401772858, 0.9432418950138114
0.6090623401772858, 0.9432418950138114
0.6090623401772858, 0.9432418950138114
0.6090623401772858, 0.9432418950138114
0.6090623401772858, 0.9432418950138114
0.6090623401772858, 0.9432418950138114
0.6090623401772858, 0.9432418950138114
0.6090623401772858, 0.9432418950138114
0.955097014189781, 0.7779139327968317
0.955097014189781, 0.7779139327968317
0.955097014189781, 0.7779139327968317
0.955097014189781, 0.7779139327968317
0.955097014189781, 0.7779139327968317
0.955097014189781, 0.7779139327968317
0.955097014189781, 0.7779139327968317
0.955097014189781, 0.7779139327968317
0.955097014189781, 0.7779139327968317
0.955097014189781, 0.7779139327968317
