1e-05
0.16200958385267616, 0.29547587798372876
0.16200958385267616, 0.29547587798372876
0.16200958385267616, 0.29547587798372876
0.16200958385267616, 0.29547587798372876
0.16200958385267616, 0.29547587798372876
0.16200958385267616, 0.29547587798372876
0.16200958385267616, 0.29547587798372876
0.16200958385267616, 0.29547587798372876
0.16200958385267616, 0.29547587798372876
0.16200958385267616, 0.29547587798372876
0.9230420837278681, 0.39147445091979616
0.9230420837278681, 0.39147445091979616
0.9230420837278681, 0.39147445091979616
0.9230420837278681, 0.39147445091979616
0.9230420837278681, 0.39147445091979616
0.9230420837278681, 0.39147445091979616
0.9230420837278681, 0.39147445091979616
0.9230420837278681, 0.39147445091979616
0.9230420837278681, 0.39147445091979616
0.9230420837278681, 0.39147445091979616
0.55111636627713, 0.826799167123275
0.55111636627713, 0.826799167123275
0.55111636627713, 0.826799167123275
0.55111636627713, 0.826799167123275
0.55111636627713, 0.826799167123275
0.55111636627713, 0.826799167123275
0.55111636627713, 0.826799167123275
0.55111636627713, 0.826799167123275
0.55111636627713, 0.826799167123275
0.55111636627713, 0.826799167123275
0.6251951372604428, 0.6163425561867294
0.6251951372604428, 0.6163425561867294
0.6251951372604428, 0.6163425561867294
0.6251951372604428, 0.6163425561867294
0.6251951372604428, 0.6163425561867294
0.6251951372604428, 0.6163425561867294
0.6251951372604428, 0.6163425561867294
0.6251951372604428, 0.6163425561867294
0.6251951372604428, 0.6163425561867294
0.6251951372604428, 0.6163425561867294
0.18697962984463035, 0.5684740856708905
0.18697962984463035, 0.5684740856708905
0.18697962984463035, 0.5684740856708905
0.18697962984463035, 0.5684740856708905
0.18697962984463035, 0.5684740856708905
0.18697962984463035, 0.5684740856708905
0.18697962984463035, 0.5684740856708905
0.18697962984463035, 0.5684740856708905
0.18697962984463035, 0.5684740856708905
0.18697962984463035, 0.5684740856708905
0.38389549018485325, 0.427274079116846
0.38389549018485325, 0.427274079116846
0.38389549018485325, 0.427274079116846
0.38389549018485325, 0.427274079116846
0.38389549018485325, 0.427274079116846
0.38389549018485325, 0.427274079116846
0.38389549018485325, 0.427274079116846
0.38389549018485325, 0.427274079116846
0.38389549018485325, 0.427274079116846
0.38389549018485325, 0.427274079116846
0.8842792017398343, 0.40579460219572017
0.8842792017398343, 0.40579460219572017
0.8842792017398343, 0.40579460219572017
0.8842792017398343, 0.40579460219572017
0.8842792017398343, 0.40579460219572017
0.8842792017398343, 0.40579460219572017
0.8842792017398343, 0.40579460219572017
0.8842792017398343, 0.40579460219572017
0.8842792017398343, 0.40579460219572017
0.8842792017398343, 0.40579460219572017
0.4821601802159322, 0.35418816995969227
0.4821601802159322, 0.35418816995969227
0.4821601802159322, 0.35418816995969227
0.4821601802159322, 0.35418816995969227
0.4821601802159322, 0.35418816995969227
0.4821601802159322, 0.35418816995969227
0.4821601802159322, 0.35418816995969227
0.4821601802159322, 0.35418816995969227
0.4821601802159322, 0.35418816995969227
0.4821601802159322, 0.35418816995969227
0.8025658803241518, 0.28424542880728765
0.8025658803241518, 0.28424542880728765
0.8025658803241518, 0.28424542880728765
0.8025658803241518, 0.28424542880728765
0.8025658803241518, 0.28424542880728765
0.8025658803241518, 0.28424542880728765
0.8025658803241518, 0.28424542880728765
0.8025658803241518, 0.28424542880728765
0.8025658803241518, 0.28424542880728765
0.8025658803241518, 0.28424542880728765
0.09297378507013632, 0.24934064450515248
0.09297378507013632, 0.24934064450515248
0.09297378507013632, 0.24934064450515248
0.09297378507013632, 0.24934064450515248
0.09297378507013632, 0.24934064450515248
0.09297378507013632, 0.24934064450515248
0.09297378507013632, 0.24934064450515248
0.09297378507013632, 0.24934064450515248
0.09297378507013632, 0.24934064450515248
0.09297378507013632, 0.24934064450515248
