1e-05
0.8830717036173679, 0.3603123729439014
0.8830717036173679, 0.3603123729439014
0.8830717036173679, 0.3603123729439014
0.8830717036173679, 0.3603123729439014
0.8830717036173679, 0.3603123729439014
0.8830717036173679, 0.3603123729439014
0.8830717036173679, 0.3603123729439014
0.8830717036173679, 0.3603123729439014
0.8830717036173679, 0.3603123729439014
0.8830717036173679, 0.3603123729439014
0.965129213829191, 0.5474962977877958
0.965129213829191, 0.5474962977877958
0.965129213829191, 0.5474962977877958
0.965129213829191, 0.5474962977877958
0.965129213829191, 0.5474962977877958
0.965129213829191, 0.5474962977877958
0.965129213829191, 0.5474962977877958
0.965129213829191, 0.5474962977877958
0.965129213829191, 0.5474962977877958
0.965129213829191, 0.5474962977877958
0.8608357036709215, 0.909359614011101
0.8608357036709215, 0.909359614011101
0.8608357036709215, 0.909359614011101
0.8608357036709215, 0.909359614011101
0.8608357036709215, 0.909359614011101
0.8608357036709215, 0.909359614011101
0.8608357036709215, 0.909359614011101
0.8608357036709215, 0.909359614011101
0.8608357036709215, 0.909359614011101
0.8608357036709215, 0.909359614011101
0.9298001742514559, 0.2969141322205333
0.9298001742514559, 0.2969141322205333
0.9298001742514559, 0.2969141322205333
0.9298001742514559, 0.2969141322205333
0.9298001742514559, 0.2969141322205333
0.9298001742514559, 0.2969141322205333
0.9298001742514559, 0.2969141322205333
0.9298001742514559, 0.2969141322205333
0.9298001742514559, 0.2969141322205333
0.9298001742514559, 0.2969141322205333
0.35120894839058847, 0.7758273521899505
0.35120894839058847, 0.7758273521899505
0.35120894839058847, 0.7758273521899505
0.35120894839058847, 0.7758273521899505
0.35120894839058847, 0.7758273521899505
0.35120894839058847, 0.7758273521899505
0.35120894839058847, 0.7758273521899505
0.35120894839058847, 0.7758273521899505
0.35120894839058847, 0.7758273521899505
0.35120894839058847, 0.7758273521899505
0.24703926656618858, 0.780791251778328
0.24703926656618858, 0.780791251778328
0.24703926656618858, 0.780791251778328
0.24703926656618858, 0.780791251778328
0.24703926656618858, 0.780791251778328
0.24703926656618858, 0.780791251778328
0.24703926656618858, 0.780791251778328
0.24703926656618858, 0.780791251778328
0.24703926656618858, 0.780791251778328
0.24703926656618858, 0.780791251778328
0.23146141427209688, 0.7866580482467984
0.23146141427209688, 0.7866580482467984
0.23146141427209688, 0.7866580482467984
0.23146141427209688, 0.7866580482467984
0.23146141427209688, 0.7866580482467984
0.23146141427209688, 0.7866580482467984
0.23146141427209688, 0.7866580482467984
0.23146141427209688, 0.7866580482467984
0.23146141427209688, 0.7866580482467984
0.23146141427209688, 0.7866580482467984
0.0891263800826817, 0.06277574302045763
0.0891263800826817, 0.06277574302045763
0.0891263800826817, 0.06277574302045763
0.0891263800826817, 0.06277574302045763
0.0891263800826817, 0.06277574302045763
0.0891263800826817, 0.06277574302045763
0.0891263800826817, 0.06277574302045763
0.0891263800826817, 0.06277574302045763
0.0891263800826817, 0.06277574302045763
0.0891263800826817, 0.06277574302045763
0.7815973016679347, 0.7376258978146172
0.7815973016679347, 0.7376258978146172
0.7815973016679347, 0.7376258978146172
0.7815973016679347, 0.7376258978146172
0.7815973016679347, 0.7376258978146172
0.7815973016679347, 0.7376258978146172
0.7815973016679347, 0.7376258978146172
0.7815973016679347, 0.7376258978146172
0.7815973016679347, 0.7376258978146172
0.7815973016679347, 0.7376258978146172
0.33800156185615793, 0.6204162123839468
0.33800156185615793, 0.6204162123839468
0.33800156185615793, 0.6204162123839468
0.33800156185615793, 0.6204162123839468
0.33800156185615793, 0.6204162123839468
0.33800156185615793, 0.6204162123839468
0.33800156185615793, 0.6204162123839468
0.33800156185615793, 0.6204162123839468
0.33800156185615793, 0.6204162123839468
0.33800156185615793, 0.6204162123839468
