1e-05
0.5753111026100858, 0.7399171167030806
0.5753111026100858, 0.7399171167030806
0.5753111026100858, 0.7399171167030806
0.5753111026100858, 0.7399171167030806
0.5753111026100858, 0.7399171167030806
0.5753111026100858, 0.7399171167030806
0.5753111026100858, 0.7399171167030806
0.5753111026100858, 0.7399171167030806
0.5753111026100858, 0.7399171167030806
0.5753111026100858, 0.7399171167030806
0.33927888499252945, 0.8418559282643616
0.33927888499252945, 0.8418559282643616
0.33927888499252945, 0.8418559282643616
0.33927888499252945, 0.8418559282643616
0.33927888499252945, 0.8418559282643616
0.33927888499252945, 0.8418559282643616
0.33927888499252945, 0.8418559282643616
0.33927888499252945, 0.8418559282643616
0.33927888499252945, 0.8418559282643616
0.33927888499252945, 0.8418559282643616
0.5126468991937307, 0.9673522851205006
0.5126468991937307, 0.9673522851205006
0.5126468991937307, 0.9673522851205006
0.5126468991937307, 0.9673522851205006
0.5126468991937307, 0.9673522851205006
0.5126468991937307, 0.9673522851205006
0.5126468991937307, 0.9673522851205006
0.5126468991937307, 0.9673522851205006
0.5126468991937307, 0.9673522851205006
0.5126468991937307, 0.9673522851205006
0.46657320750019593, 0.8055634620032464
0.46657320750019593, 0.8055634620032464
0.46657320750019593, 0.8055634620032464
0.46657320750019593, 0.8055634620032464
0.46657320750019593, 0.8055634620032464
0.46657320750019593, 0.8055634620032464
0.46657320750019593, 0.8055634620032464
0.46657320750019593, 0.8055634620032464
0.46657320750019593, 0.8055634620032464
0.46657320750019593, 0.8055634620032464
0.3650967110484614, 0.23856456513614832
0.3650967110484614, 0.23856456513614832
0.3650967110484614, 0.23856456513614832
0.3650967110484614, 0.23856456513614832
0.3650967110484614, 0.23856456513614832
0.3650967110484614, 0.23856456513614832
0.3650967110484614, 0.23856456513614832
0.3650967110484614, 0.23856456513614832
0.3650967110484614, 0.23856456513614832
0.3650967110484614, 0.23856456513614832
0.33149266141669576, 0.12283813979307268
0.33149266141669576, 0.12283813979307268
0.33149266141669576, 0.12283813979307268
0.33149266141669576, 0.12283813979307268
0.33149266141669576, 0.12283813979307268
0.33149266141669576, 0.12283813979307268
0.33149266141669576, 0.12283813979307268
0.33149266141669576, 0.12283813979307268
0.33149266141669576, 0.12283813979307268
0.33149266141669576, 0.12283813979307268
0.23466141551540132, 0.3313314776750782
0.23466141551540132, 0.3313314776750782
0.23466141551540132, 0.3313314776750782
0.23466141551540132, 0.3313314776750782
0.23466141551540132, 0.3313314776750782
0.23466141551540132, 0.3313314776750782
0.23466141551540132, 0.3313314776750782
0.23466141551540132, 0.3313314776750782
0.23466141551540132, 0.3313314776750782
0.23466141551540132, 0.3313314776750782
0.8655886530014032, 0.25272898119315734
0.8655886530014032, 0.25272898119315734
0.8655886530014032, 0.25272898119315734
0.8655886530014032, 0.25272898119315734
0.8655886530014032, 0.25272898119315734
0.8655886530014032, 0.25272898119315734
0.8655886530014032, 0.25272898119315734
0.8655886530014032, 0.25272898119315734
0.8655886530014032, 0.25272898119315734
0.8655886530014032, 0.25272898119315734
0.8008305229063893, 0.857264684495281
0.8008305229063893, 0.857264684495281
0.8008305229063893, 0.857264684495281
0.8008305229063893, 0.857264684495281
0.8008305229063893, 0.857264684495281
0.8008305229063893, 0.857264684495281
0.8008305229063893, 0.857264684495281
0.8008305229063893, 0.857264684495281
0.8008305229063893, 0.857264684495281
0.8008305229063893, 0.857264684495281
0.19038107901678014, 0.36895663959038993
0.19038107901678014, 0.36895663959038993
0.19038107901678014, 0.36895663959038993
0.19038107901678014, 0.36895663959038993
0.19038107901678014, 0.36895663959038993
0.19038107901678014, 0.36895663959038993
0.19038107901678014, 0.36895663959038993
0.19038107901678014, 0.36895663959038993
0.19038107901678014, 0.36895663959038993
0.19038107901678014, 0.36895663959038993
