1e-05
0.8634172209317621, 0.7434852790964025
0.8634172209317621, 0.7434852790964025
0.8634172209317621, 0.7434852790964025
0.8634172209317621, 0.7434852790964025
0.8634172209317621, 0.7434852790964025
0.8634172209317621, 0.7434852790964025
0.8634172209317621, 0.7434852790964025
0.8634172209317621, 0.7434852790964025
0.8634172209317621, 0.7434852790964025
0.8634172209317621, 0.7434852790964025
0.8636643416083642, 0.5189419633323268
0.8636643416083642, 0.5189419633323268
0.8636643416083642, 0.5189419633323268
0.8636643416083642, 0.5189419633323268
0.8636643416083642, 0.5189419633323268
0.8636643416083642, 0.5189419633323268
0.8636643416083642, 0.5189419633323268
0.8636643416083642, 0.5189419633323268
0.8636643416083642, 0.5189419633323268
0.8636643416083642, 0.5189419633323268
0.14479184095461128, 0.49704622739299187
0.14479184095461128, 0.49704622739299187
0.14479184095461128, 0.49704622739299187
0.14479184095461128, 0.49704622739299187
0.14479184095461128, 0.49704622739299187
0.14479184095461128, 0.49704622739299187
0.14479184095461128, 0.49704622739299187
0.14479184095461128, 0.49704622739299187
0.14479184095461128, 0.49704622739299187
0.14479184095461128, 0.49704622739299187
0.8105921073937535, 0.6815531184734179
0.8105921073937535, 0.6815531184734179
0.8105921073937535, 0.6815531184734179
0.8105921073937535, 0.6815531184734179
0.8105921073937535, 0.6815531184734179
0.8105921073937535, 0.6815531184734179
0.8105921073937535, 0.6815531184734179
0.8105921073937535, 0.6815531184734179
0.8105921073937535, 0.6815531184734179
0.8105921073937535, 0.6815531184734179
0.8600116234325068, 0.634409439530663
0.8600116234325068, 0.634409439530663
0.8600116234325068, 0.634409439530663
0.8600116234325068, 0.634409439530663
0.8600116234325068, 0.634409439530663
0.8600116234325068, 0.634409439530663
0.8600116234325068, 0.634409439530663
0.8600116234325068, 0.634409439530663
0.8600116234325068, 0.634409439530663
0.8600116234325068, 0.634409439530663
0.40376738708923277, 0.3930624202945018
0.40376738708923277, 0.3930624202945018
0.40376738708923277, 0.3930624202945018
0.40376738708923277, 0.3930624202945018
0.40376738708923277, 0.3930624202945018
0.40376738708923277, 0.3930624202945018
0.40376738708923277, 0.3930624202945018
0.40376738708923277, 0.3930624202945018
0.40376738708923277, 0.3930624202945018
0.40376738708923277, 0.3930624202945018
0.8539044514977416, 0.7988393889823588
0.8539044514977416, 0.7988393889823588
0.8539044514977416, 0.7988393889823588
0.8539044514977416, 0.7988393889823588
0.8539044514977416, 0.7988393889823588
0.8539044514977416, 0.7988393889823588
0.8539044514977416, 0.7988393889823588
0.8539044514977416, 0.7988393889823588
0.8539044514977416, 0.7988393889823588
0.8539044514977416, 0.7988393889823588
0.6159227792130276, 0.07027450248108302
0.6159227792130276, 0.07027450248108302
0.6159227792130276, 0.07027450248108302
0.6159227792130276, 0.07027450248108302
0.6159227792130276, 0.07027450248108302
0.6159227792130276, 0.07027450248108302
0.6159227792130276, 0.07027450248108302
0.6159227792130276, 0.07027450248108302
0.6159227792130276, 0.07027450248108302
0.6159227792130276, 0.07027450248108302
0.8996563606737927, 0.9675908173437523
0.8996563606737927, 0.9675908173437523
0.8996563606737927, 0.9675908173437523
0.8996563606737927, 0.9675908173437523
0.8996563606737927, 0.9675908173437523
0.8996563606737927, 0.9675908173437523
0.8996563606737927, 0.9675908173437523
0.8996563606737927, 0.9675908173437523
0.8996563606737927, 0.9675908173437523
0.8996563606737927, 0.9675908173437523
0.42534624736052495, 0.8348505832697513
0.42534624736052495, 0.8348505832697513
0.42534624736052495, 0.8348505832697513
0.42534624736052495, 0.8348505832697513
0.42534624736052495, 0.8348505832697513
0.42534624736052495, 0.8348505832697513
0.42534624736052495, 0.8348505832697513
0.42534624736052495, 0.8348505832697513
0.42534624736052495, 0.8348505832697513
0.42534624736052495, 0.8348505832697513
