1e-05
0.9641358243493802, 0.04417214166224459
0.9641358243493802, 0.04417214166224459
0.9641358243493802, 0.04417214166224459
0.9641358243493802, 0.04417214166224459
0.9641358243493802, 0.04417214166224459
0.9641358243493802, 0.04417214166224459
0.9641358243493802, 0.04417214166224459
0.9641358243493802, 0.04417214166224459
0.9641358243493802, 0.04417214166224459
0.9641358243493802, 0.04417214166224459
0.32265435828884226, 0.5251359699145359
0.32265435828884226, 0.5251359699145359
0.32265435828884226, 0.5251359699145359
0.32265435828884226, 0.5251359699145359
0.32265435828884226, 0.5251359699145359
0.32265435828884226, 0.5251359699145359
0.32265435828884226, 0.5251359699145359
0.32265435828884226, 0.5251359699145359
0.32265435828884226, 0.5251359699145359
0.32265435828884226, 0.5251359699145359
0.2833560356847584, 0.6547336505582189
0.2833560356847584, 0.6547336505582189
0.2833560356847584, 0.6547336505582189
0.2833560356847584, 0.6547336505582189
0.2833560356847584, 0.6547336505582189
0.2833560356847584, 0.6547336505582189
0.2833560356847584, 0.6547336505582189
0.2833560356847584, 0.6547336505582189
0.2833560356847584, 0.6547336505582189
0.2833560356847584, 0.6547336505582189
0.555302207798454, 0.870189828084502
0.555302207798454, 0.870189828084502
0.555302207798454, 0.870189828084502
0.555302207798454, 0.870189828084502
0.555302207798454, 0.870189828084502
0.555302207798454, 0.870189828084502
0.555302207798454, 0.870189828084502
0.555302207798454, 0.870189828084502
0.555302207798454, 0.870189828084502
0.555302207798454, 0.870189828084502
0.470585292486582, 0.16656417643477683
0.470585292486582, 0.16656417643477683
0.470585292486582, 0.16656417643477683
0.470585292486582, 0.16656417643477683
0.470585292486582, 0.16656417643477683
0.470585292486582, 0.16656417643477683
0.470585292486582, 0.16656417643477683
0.470585292486582, 0.16656417643477683
0.470585292486582, 0.16656417643477683
0.470585292486582, 0.16656417643477683
0.12640583153421625, 0.9110611152805663
0.12640583153421625, 0.9110611152805663
0.12640583153421625, 0.9110611152805663
0.12640583153421625, 0.9110611152805663
0.12640583153421625, 0.9110611152805663
0.12640583153421625, 0.9110611152805663
0.12640583153421625, 0.9110611152805663
0.12640583153421625, 0.9110611152805663
0.12640583153421625, 0.9110611152805663
0.12640583153421625, 0.9110611152805663
0.5258602408065155, 0.16170413669320205
0.5258602408065155, 0.16170413669320205
0.5258602408065155, 0.16170413669320205
0.5258602408065155, 0.16170413669320205
0.5258602408065155, 0.16170413669320205
0.5258602408065155, 0.16170413669320205
0.5258602408065155, 0.16170413669320205
0.5258602408065155, 0.16170413669320205
0.5258602408065155, 0.16170413669320205
0.5258602408065155, 0.16170413669320205
0.1456892288097753, 0.26124378731094167
0.1456892288097753, 0.26124378731094167
0.1456892288097753, 0.26124378731094167
0.1456892288097753, 0.26124378731094167
0.1456892288097753, 0.26124378731094167
0.1456892288097753, 0.26124378731094167
0.1456892288097753, 0.26124378731094167
0.1456892288097753, 0.26124378731094167
0.1456892288097753, 0.26124378731094167
0.1456892288097753, 0.26124378731094167
0.9168926757833961, 0.20406947212956628
0.9168926757833961, 0.20406947212956628
0.9168926757833961, 0.20406947212956628
0.9168926757833961, 0.20406947212956628
0.9168926757833961, 0.20406947212956628
0.9168926757833961, 0.20406947212956628
0.9168926757833961, 0.20406947212956628
0.9168926757833961, 0.20406947212956628
0.9168926757833961, 0.20406947212956628
0.9168926757833961, 0.20406947212956628
0.5271338542731578, 0.19909536899806113
0.5271338542731578, 0.19909536899806113
0.5271338542731578, 0.19909536899806113
0.5271338542731578, 0.19909536899806113
0.5271338542731578, 0.19909536899806113
0.5271338542731578, 0.19909536899806113
0.5271338542731578, 0.19909536899806113
0.5271338542731578, 0.19909536899806113
0.5271338542731578, 0.19909536899806113
0.5271338542731578, 0.19909536899806113
