1e-05
0.3945471819337175, 0.08377307245140497
0.9950000241158914, 0.5493940088571904
0.9959489296241231, 0.9536705279830003
0.3408541770938637, 0.8661295909750252
0.8974208601613468, 0.3631878732097411
0.18838452297548713, 0.6578299883216483
0.8223822470356643, 0.9322607810441529
0.11380772939309913, 0.6617282190225928
0.29527218712873415, 0.5590500287725826
0.4048086965792117, 0.43223742840859236
0.2531868138598624, 0.3011558667518974
0.11554883116137737, 0.0646065304800354
0.09453591390861948, 0.33008329289890936
0.546945981233057, 0.37574798653090247
0.5966338005823402, 0.31266926664378103
0.3869766529843258, 0.9767956911534404
0.6781936719863547, 0.9047171776358922
0.3391758116844015, 0.4849522022617003
0.8021087335166868, 0.9354150892789282
0.27271251712135747, 0.7804912756789506
0.7522416329289912, 0.2488683894533057
0.857038998493638, 0.4057284753164372
0.8094299365664782, 0.0898395635329472
0.5025644815232843, 0.941410533916431
0.9889269306704884, 0.8574859378264617
0.3221108535894873, 0.5432692021567619
0.07517526316842549, 0.2944750780513812
0.23764291218816702, 0.23418459365758992
0.7109598456077326, 0.23012973776255774
0.8483643750828661, 0.8366128081691913
0.5076130469624854, 0.1543767118415479
0.6282217505224625, 0.6115428147157677
0.8021718842546653, 0.6430113005089698
0.5521258704050339, 0.4533302095059536
0.24716884329263988, 0.9480072187206686
0.3446274837700294, 0.3871785160907931
0.6482733152084184, 0.7102794255756574
0.20971149052945626, 0.4547530484301465
0.4717614405123409, 0.21429734345578233
0.06922145610641639, 0.5928506599019844
0.47424266766245227, 0.870824855938544
0.32983615628756, 0.0791604419619012
0.6463097523476697, 0.3318274325331001
0.3583497919749489, 0.9512226122898897
0.27183860678491223, 0.06299527140592598
0.9496050317231244, 0.7319474792827396
0.9024207262166992, 0.5151844584705817
0.823686523637415, 0.6847749430221773
0.47421741443891097, 0.782476672299674
0.8657444086879429, 0.008070443715068487
0.8308944279814925, 0.09617887133533043
0.6552861803573532, 0.4033349053526367
0.7677386170902113, 0.2152915277339309
0.950554244746671, 0.253620602345897
0.29882276627982873, 0.4597423482429105
0.07555109332958221, 0.2690868327704997
0.14179774742688644, 0.5593979125985092
0.6254251588237691, 0.38993893597803597
0.10630965427969352, 0.9686616352901185
0.6872385053688216, 0.29097681902649153
0.1166143257393073, 0.11651529314943077
0.2682778045081249, 0.47103379619884045
0.014143773960786143, 0.30699776290929803
0.3388627528409307, 0.8848231537564919
0.6849484176247752, 0.7399574005291811
0.27849027325477504, 0.2135546224696796
0.1965699572898234, 0.9929303728322378
0.9818424765384273, 0.10066168146049748
0.16829190403298877, 0.02415235971630525
0.2867433506410909, 0.41998313810158905
0.4156291056817105, 0.07029498066744722
0.21599714864409414, 0.10880813682099111
0.8160201746338702, 0.5598152593431913
0.03197846347243272, 0.9019833268943016
0.8024357108415199, 0.0954516951839599
0.6380666865409681, 0.4786643356694722
0.42592616421262663, 0.8798956185095449
0.41895389701617225, 0.22503329235914826
0.08107728874551812, 0.2324942925174731
0.46658445760458056, 0.44406957996095653
0.5442983088260854, 0.9582484946356103
0.15992776851362034, 0.9957465808818711
0.9556580444399916, 0.7681767243271896
0.364649832097793, 0.25685134585908476
0.7600474762418379, 0.5637111954421978
0.5280481813500136, 0.7907762529335228
0.5325777994329427, 0.9724352959056379
0.41302930516099057, 0.4650843993054711
0.09542817726196151, 0.8330952873586308
0.15666538183433665, 0.17306534618726166
0.03899070529364179, 0.19629478164120784
0.3486084976094572, 0.15706002845683942
0.880043365099863, 0.9577533778805143
0.20400655533919054, 0.17953662134118398
0.5375615556648906, 0.05248472499121892
0.13907718824764737, 0.7986755050390815
0.9878272528791036, 0.7522206666756555
0.17874280116014507, 0.820977314899377
0.9597994491036559, 0.8193422267020041
0.4178101774034304, 0.5683338565744963
