1e-05
0.48210623225370386, 0.999146790615106
0.48210623225370386, 0.999146790615106
0.48210623225370386, 0.999146790615106
0.48210623225370386, 0.999146790615106
0.48210623225370386, 0.999146790615106
0.48210623225370386, 0.999146790615106
0.48210623225370386, 0.999146790615106
0.48210623225370386, 0.999146790615106
0.48210623225370386, 0.999146790615106
0.48210623225370386, 0.999146790615106
0.8268440914672847, 0.8869184719632496
0.8268440914672847, 0.8869184719632496
0.8268440914672847, 0.8869184719632496
0.8268440914672847, 0.8869184719632496
0.8268440914672847, 0.8869184719632496
0.8268440914672847, 0.8869184719632496
0.8268440914672847, 0.8869184719632496
0.8268440914672847, 0.8869184719632496
0.8268440914672847, 0.8869184719632496
0.8268440914672847, 0.8869184719632496
0.9561506293926564, 0.5455667592493114
0.9561506293926564, 0.5455667592493114
0.9561506293926564, 0.5455667592493114
0.9561506293926564, 0.5455667592493114
0.9561506293926564, 0.5455667592493114
0.9561506293926564, 0.5455667592493114
0.9561506293926564, 0.5455667592493114
0.9561506293926564, 0.5455667592493114
0.9561506293926564, 0.5455667592493114
0.9561506293926564, 0.5455667592493114
0.9408840471198072, 0.1311581804516504
0.9408840471198072, 0.1311581804516504
0.9408840471198072, 0.1311581804516504
0.9408840471198072, 0.1311581804516504
0.9408840471198072, 0.1311581804516504
0.9408840471198072, 0.1311581804516504
0.9408840471198072, 0.1311581804516504
0.9408840471198072, 0.1311581804516504
0.9408840471198072, 0.1311581804516504
0.9408840471198072, 0.1311581804516504
0.4668704769863391, 0.5688719416751178
0.4668704769863391, 0.5688719416751178
0.4668704769863391, 0.5688719416751178
0.4668704769863391, 0.5688719416751178
0.4668704769863391, 0.5688719416751178
0.4668704769863391, 0.5688719416751178
0.4668704769863391, 0.5688719416751178
0.4668704769863391, 0.5688719416751178
0.4668704769863391, 0.5688719416751178
0.4668704769863391, 0.5688719416751178
0.15031047610304382, 0.9676899216664079
0.15031047610304382, 0.9676899216664079
0.15031047610304382, 0.9676899216664079
0.15031047610304382, 0.9676899216664079
0.15031047610304382, 0.9676899216664079
0.15031047610304382, 0.9676899216664079
0.15031047610304382, 0.9676899216664079
0.15031047610304382, 0.9676899216664079
0.15031047610304382, 0.9676899216664079
0.15031047610304382, 0.9676899216664079
0.1798029573455875, 0.2840746480207278
0.1798029573455875, 0.2840746480207278
0.1798029573455875, 0.2840746480207278
0.1798029573455875, 0.2840746480207278
0.1798029573455875, 0.2840746480207278
0.1798029573455875, 0.2840746480207278
0.1798029573455875, 0.2840746480207278
0.1798029573455875, 0.2840746480207278
0.1798029573455875, 0.2840746480207278
0.1798029573455875, 0.2840746480207278
0.1698713072522472, 0.4067532037283983
0.1698713072522472, 0.4067532037283983
0.1698713072522472, 0.4067532037283983
0.1698713072522472, 0.4067532037283983
0.1698713072522472, 0.4067532037283983
0.1698713072522472, 0.4067532037283983
0.1698713072522472, 0.4067532037283983
0.1698713072522472, 0.4067532037283983
0.1698713072522472, 0.4067532037283983
0.1698713072522472, 0.4067532037283983
0.18994616245627804, 0.6856180276972279
0.18994616245627804, 0.6856180276972279
0.18994616245627804, 0.6856180276972279
0.18994616245627804, 0.6856180276972279
0.18994616245627804, 0.6856180276972279
0.18994616245627804, 0.6856180276972279
0.18994616245627804, 0.6856180276972279
0.18994616245627804, 0.6856180276972279
0.18994616245627804, 0.6856180276972279
0.18994616245627804, 0.6856180276972279
0.6382185470381444, 0.554626316332009
0.6382185470381444, 0.554626316332009
0.6382185470381444, 0.554626316332009
0.6382185470381444, 0.554626316332009
0.6382185470381444, 0.554626316332009
0.6382185470381444, 0.554626316332009
0.6382185470381444, 0.554626316332009
0.6382185470381444, 0.554626316332009
0.6382185470381444, 0.554626316332009
0.6382185470381444, 0.554626316332009
