1e-05
0.9183474444934485, 0.12215740139972786
0.9183474444934485, 0.12215740139972786
0.9183474444934485, 0.12215740139972786
0.9183474444934485, 0.12215740139972786
0.9183474444934485, 0.12215740139972786
0.9183474444934485, 0.12215740139972786
0.9183474444934485, 0.12215740139972786
0.9183474444934485, 0.12215740139972786
0.9183474444934485, 0.12215740139972786
0.9183474444934485, 0.12215740139972786
0.27753989724998906, 0.7942707823013239
0.27753989724998906, 0.7942707823013239
0.27753989724998906, 0.7942707823013239
0.27753989724998906, 0.7942707823013239
0.27753989724998906, 0.7942707823013239
0.27753989724998906, 0.7942707823013239
0.27753989724998906, 0.7942707823013239
0.27753989724998906, 0.7942707823013239
0.27753989724998906, 0.7942707823013239
0.27753989724998906, 0.7942707823013239
0.19304343578581873, 0.1505948148867461
0.19304343578581873, 0.1505948148867461
0.19304343578581873, 0.1505948148867461
0.19304343578581873, 0.1505948148867461
0.19304343578581873, 0.1505948148867461
0.19304343578581873, 0.1505948148867461
0.19304343578581873, 0.1505948148867461
0.19304343578581873, 0.1505948148867461
0.19304343578581873, 0.1505948148867461
0.19304343578581873, 0.1505948148867461
0.275538097173744, 0.3685463708989928
0.275538097173744, 0.3685463708989928
0.275538097173744, 0.3685463708989928
0.275538097173744, 0.3685463708989928
0.275538097173744, 0.3685463708989928
0.275538097173744, 0.3685463708989928
0.275538097173744, 0.3685463708989928
0.275538097173744, 0.3685463708989928
0.275538097173744, 0.3685463708989928
0.275538097173744, 0.3685463708989928
0.09026294014242542, 0.8094981108363629
0.09026294014242542, 0.8094981108363629
0.09026294014242542, 0.8094981108363629
0.09026294014242542, 0.8094981108363629
0.09026294014242542, 0.8094981108363629
0.09026294014242542, 0.8094981108363629
0.09026294014242542, 0.8094981108363629
0.09026294014242542, 0.8094981108363629
0.09026294014242542, 0.8094981108363629
0.09026294014242542, 0.8094981108363629
0.7902696795115238, 0.22877556903737972
0.7902696795115238, 0.22877556903737972
0.7902696795115238, 0.22877556903737972
0.7902696795115238, 0.22877556903737972
0.7902696795115238, 0.22877556903737972
0.7902696795115238, 0.22877556903737972
0.7902696795115238, 0.22877556903737972
0.7902696795115238, 0.22877556903737972
0.7902696795115238, 0.22877556903737972
0.7902696795115238, 0.22877556903737972
0.4476953836321974, 0.7594519633522505
0.4476953836321974, 0.7594519633522505
0.4476953836321974, 0.7594519633522505
0.4476953836321974, 0.7594519633522505
0.4476953836321974, 0.7594519633522505
0.4476953836321974, 0.7594519633522505
0.4476953836321974, 0.7594519633522505
0.4476953836321974, 0.7594519633522505
0.4476953836321974, 0.7594519633522505
0.4476953836321974, 0.7594519633522505
0.5553670185610807, 0.38643735566527726
0.5553670185610807, 0.38643735566527726
0.5553670185610807, 0.38643735566527726
0.5553670185610807, 0.38643735566527726
0.5553670185610807, 0.38643735566527726
0.5553670185610807, 0.38643735566527726
0.5553670185610807, 0.38643735566527726
0.5553670185610807, 0.38643735566527726
0.5553670185610807, 0.38643735566527726
0.5553670185610807, 0.38643735566527726
0.6302958109460495, 0.8688832875521273
0.6302958109460495, 0.8688832875521273
0.6302958109460495, 0.8688832875521273
0.6302958109460495, 0.8688832875521273
0.6302958109460495, 0.8688832875521273
0.6302958109460495, 0.8688832875521273
0.6302958109460495, 0.8688832875521273
0.6302958109460495, 0.8688832875521273
0.6302958109460495, 0.8688832875521273
0.6302958109460495, 0.8688832875521273
0.4103032559665585, 0.4903634935157244
0.4103032559665585, 0.4903634935157244
0.4103032559665585, 0.4903634935157244
0.4103032559665585, 0.4903634935157244
0.4103032559665585, 0.4903634935157244
0.4103032559665585, 0.4903634935157244
0.4103032559665585, 0.4903634935157244
0.4103032559665585, 0.4903634935157244
0.4103032559665585, 0.4903634935157244
0.4103032559665585, 0.4903634935157244
