1e-05
0.34125702423580206, 0.04535551755034262
0.34125702423580206, 0.04535551755034262
0.34125702423580206, 0.04535551755034262
0.34125702423580206, 0.04535551755034262
0.34125702423580206, 0.04535551755034262
0.34125702423580206, 0.04535551755034262
0.34125702423580206, 0.04535551755034262
0.34125702423580206, 0.04535551755034262
0.34125702423580206, 0.04535551755034262
0.34125702423580206, 0.04535551755034262
0.1413220870829841, 0.7280741345390808
0.1413220870829841, 0.7280741345390808
0.1413220870829841, 0.7280741345390808
0.1413220870829841, 0.7280741345390808
0.1413220870829841, 0.7280741345390808
0.1413220870829841, 0.7280741345390808
0.1413220870829841, 0.7280741345390808
0.1413220870829841, 0.7280741345390808
0.1413220870829841, 0.7280741345390808
0.1413220870829841, 0.7280741345390808
0.9332807848423331, 0.10312823461774101
0.9332807848423331, 0.10312823461774101
0.9332807848423331, 0.10312823461774101
0.9332807848423331, 0.10312823461774101
0.9332807848423331, 0.10312823461774101
0.9332807848423331, 0.10312823461774101
0.9332807848423331, 0.10312823461774101
0.9332807848423331, 0.10312823461774101
0.9332807848423331, 0.10312823461774101
0.9332807848423331, 0.10312823461774101
0.3221229455832303, 0.9981088091106873
0.3221229455832303, 0.9981088091106873
0.3221229455832303, 0.9981088091106873
0.3221229455832303, 0.9981088091106873
0.3221229455832303, 0.9981088091106873
0.3221229455832303, 0.9981088091106873
0.3221229455832303, 0.9981088091106873
0.3221229455832303, 0.9981088091106873
0.3221229455832303, 0.9981088091106873
0.3221229455832303, 0.9981088091106873
0.2868210338984518, 0.21882264460844958
0.2868210338984518, 0.21882264460844958
0.2868210338984518, 0.21882264460844958
0.2868210338984518, 0.21882264460844958
0.2868210338984518, 0.21882264460844958
0.2868210338984518, 0.21882264460844958
0.2868210338984518, 0.21882264460844958
0.2868210338984518, 0.21882264460844958
0.2868210338984518, 0.21882264460844958
0.2868210338984518, 0.21882264460844958
0.4788779333119282, 0.5999414509588983
0.4788779333119282, 0.5999414509588983
0.4788779333119282, 0.5999414509588983
0.4788779333119282, 0.5999414509588983
0.4788779333119282, 0.5999414509588983
0.4788779333119282, 0.5999414509588983
0.4788779333119282, 0.5999414509588983
0.4788779333119282, 0.5999414509588983
0.4788779333119282, 0.5999414509588983
0.4788779333119282, 0.5999414509588983
0.19247275409838083, 0.7285897277364115
0.19247275409838083, 0.7285897277364115
0.19247275409838083, 0.7285897277364115
0.19247275409838083, 0.7285897277364115
0.19247275409838083, 0.7285897277364115
0.19247275409838083, 0.7285897277364115
0.19247275409838083, 0.7285897277364115
0.19247275409838083, 0.7285897277364115
0.19247275409838083, 0.7285897277364115
0.19247275409838083, 0.7285897277364115
0.5506919818693627, 0.6083095358627835
0.5506919818693627, 0.6083095358627835
0.5506919818693627, 0.6083095358627835
0.5506919818693627, 0.6083095358627835
0.5506919818693627, 0.6083095358627835
0.5506919818693627, 0.6083095358627835
0.5506919818693627, 0.6083095358627835
0.5506919818693627, 0.6083095358627835
0.5506919818693627, 0.6083095358627835
0.5506919818693627, 0.6083095358627835
0.28667919715615864, 0.879822802618929
0.28667919715615864, 0.879822802618929
0.28667919715615864, 0.879822802618929
0.28667919715615864, 0.879822802618929
0.28667919715615864, 0.879822802618929
0.28667919715615864, 0.879822802618929
0.28667919715615864, 0.879822802618929
0.28667919715615864, 0.879822802618929
0.28667919715615864, 0.879822802618929
0.28667919715615864, 0.879822802618929
0.7117013758674272, 0.8854211120669138
0.7117013758674272, 0.8854211120669138
0.7117013758674272, 0.8854211120669138
0.7117013758674272, 0.8854211120669138
0.7117013758674272, 0.8854211120669138
0.7117013758674272, 0.8854211120669138
0.7117013758674272, 0.8854211120669138
0.7117013758674272, 0.8854211120669138
0.7117013758674272, 0.8854211120669138
0.7117013758674272, 0.8854211120669138
