1e-05
0.09333612219560672, 0.7649358711242072
0.09333612219560672, 0.7649358711242072
0.09333612219560672, 0.7649358711242072
0.09333612219560672, 0.7649358711242072
0.09333612219560672, 0.7649358711242072
0.09333612219560672, 0.7649358711242072
0.09333612219560672, 0.7649358711242072
0.09333612219560672, 0.7649358711242072
0.09333612219560672, 0.7649358711242072
0.09333612219560672, 0.7649358711242072
0.658020766898593, 0.6301004144651658
0.658020766898593, 0.6301004144651658
0.658020766898593, 0.6301004144651658
0.658020766898593, 0.6301004144651658
0.658020766898593, 0.6301004144651658
0.658020766898593, 0.6301004144651658
0.658020766898593, 0.6301004144651658
0.658020766898593, 0.6301004144651658
0.658020766898593, 0.6301004144651658
0.658020766898593, 0.6301004144651658
0.18270926653980157, 0.048099642955544475
0.18270926653980157, 0.048099642955544475
0.18270926653980157, 0.048099642955544475
0.18270926653980157, 0.048099642955544475
0.18270926653980157, 0.048099642955544475
0.18270926653980157, 0.048099642955544475
0.18270926653980157, 0.048099642955544475
0.18270926653980157, 0.048099642955544475
0.18270926653980157, 0.048099642955544475
0.18270926653980157, 0.048099642955544475
0.41489589660097903, 0.4813102010603941
0.41489589660097903, 0.4813102010603941
0.41489589660097903, 0.4813102010603941
0.41489589660097903, 0.4813102010603941
0.41489589660097903, 0.4813102010603941
0.41489589660097903, 0.4813102010603941
0.41489589660097903, 0.4813102010603941
0.41489589660097903, 0.4813102010603941
0.41489589660097903, 0.4813102010603941
0.41489589660097903, 0.4813102010603941
0.2504695737240378, 0.44763961655163853
0.2504695737240378, 0.44763961655163853
0.2504695737240378, 0.44763961655163853
0.2504695737240378, 0.44763961655163853
0.2504695737240378, 0.44763961655163853
0.2504695737240378, 0.44763961655163853
0.2504695737240378, 0.44763961655163853
0.2504695737240378, 0.44763961655163853
0.2504695737240378, 0.44763961655163853
0.2504695737240378, 0.44763961655163853
0.6139587727160534, 0.8274571909447026
0.6139587727160534, 0.8274571909447026
0.6139587727160534, 0.8274571909447026
0.6139587727160534, 0.8274571909447026
0.6139587727160534, 0.8274571909447026
0.6139587727160534, 0.8274571909447026
0.6139587727160534, 0.8274571909447026
0.6139587727160534, 0.8274571909447026
0.6139587727160534, 0.8274571909447026
0.6139587727160534, 0.8274571909447026
0.7248510125793471, 0.9986468482971875
0.7248510125793471, 0.9986468482971875
0.7248510125793471, 0.9986468482971875
0.7248510125793471, 0.9986468482971875
0.7248510125793471, 0.9986468482971875
0.7248510125793471, 0.9986468482971875
0.7248510125793471, 0.9986468482971875
0.7248510125793471, 0.9986468482971875
0.7248510125793471, 0.9986468482971875
0.7248510125793471, 0.9986468482971875
0.5000005788825167, 0.755718052996128
0.5000005788825167, 0.755718052996128
0.5000005788825167, 0.755718052996128
0.5000005788825167, 0.755718052996128
0.5000005788825167, 0.755718052996128
0.5000005788825167, 0.755718052996128
0.5000005788825167, 0.755718052996128
0.5000005788825167, 0.755718052996128
0.5000005788825167, 0.755718052996128
0.5000005788825167, 0.755718052996128
0.1865345667041023, 0.90728299956067
0.1865345667041023, 0.90728299956067
0.1865345667041023, 0.90728299956067
0.1865345667041023, 0.90728299956067
0.1865345667041023, 0.90728299956067
0.1865345667041023, 0.90728299956067
0.1865345667041023, 0.90728299956067
0.1865345667041023, 0.90728299956067
0.1865345667041023, 0.90728299956067
0.1865345667041023, 0.90728299956067
0.29042030416782816, 0.07102611497341682
0.29042030416782816, 0.07102611497341682
0.29042030416782816, 0.07102611497341682
0.29042030416782816, 0.07102611497341682
0.29042030416782816, 0.07102611497341682
0.29042030416782816, 0.07102611497341682
0.29042030416782816, 0.07102611497341682
0.29042030416782816, 0.07102611497341682
0.29042030416782816, 0.07102611497341682
0.29042030416782816, 0.07102611497341682
