1e-05
0.6889062724201438, 0.5130913831787568
0.6889062724201438, 0.5130913831787568
0.6889062724201438, 0.5130913831787568
0.6889062724201438, 0.5130913831787568
0.6889062724201438, 0.5130913831787568
0.6889062724201438, 0.5130913831787568
0.6889062724201438, 0.5130913831787568
0.6889062724201438, 0.5130913831787568
0.6889062724201438, 0.5130913831787568
0.6889062724201438, 0.5130913831787568
0.28030845660524595, 0.7548496432026102
0.28030845660524595, 0.7548496432026102
0.28030845660524595, 0.7548496432026102
0.28030845660524595, 0.7548496432026102
0.28030845660524595, 0.7548496432026102
0.28030845660524595, 0.7548496432026102
0.28030845660524595, 0.7548496432026102
0.28030845660524595, 0.7548496432026102
0.28030845660524595, 0.7548496432026102
0.28030845660524595, 0.7548496432026102
0.4272973027208693, 0.35599265986999007
0.4272973027208693, 0.35599265986999007
0.4272973027208693, 0.35599265986999007
0.4272973027208693, 0.35599265986999007
0.4272973027208693, 0.35599265986999007
0.4272973027208693, 0.35599265986999007
0.4272973027208693, 0.35599265986999007
0.4272973027208693, 0.35599265986999007
0.4272973027208693, 0.35599265986999007
0.4272973027208693, 0.35599265986999007
0.5180733100033936, 0.905092461078382
0.5180733100033936, 0.905092461078382
0.5180733100033936, 0.905092461078382
0.5180733100033936, 0.905092461078382
0.5180733100033936, 0.905092461078382
0.5180733100033936, 0.905092461078382
0.5180733100033936, 0.905092461078382
0.5180733100033936, 0.905092461078382
0.5180733100033936, 0.905092461078382
0.5180733100033936, 0.905092461078382
0.6648328092487356, 0.6149455598801459
0.6648328092487356, 0.6149455598801459
0.6648328092487356, 0.6149455598801459
0.6648328092487356, 0.6149455598801459
0.6648328092487356, 0.6149455598801459
0.6648328092487356, 0.6149455598801459
0.6648328092487356, 0.6149455598801459
0.6648328092487356, 0.6149455598801459
0.6648328092487356, 0.6149455598801459
0.6648328092487356, 0.6149455598801459
0.7778323729003106, 0.4820404176685681
0.7778323729003106, 0.4820404176685681
0.7778323729003106, 0.4820404176685681
0.7778323729003106, 0.4820404176685681
0.7778323729003106, 0.4820404176685681
0.7778323729003106, 0.4820404176685681
0.7778323729003106, 0.4820404176685681
0.7778323729003106, 0.4820404176685681
0.7778323729003106, 0.4820404176685681
0.7778323729003106, 0.4820404176685681
0.13793075257023346, 0.7363161334469046
0.13793075257023346, 0.7363161334469046
0.13793075257023346, 0.7363161334469046
0.13793075257023346, 0.7363161334469046
0.13793075257023346, 0.7363161334469046
0.13793075257023346, 0.7363161334469046
0.13793075257023346, 0.7363161334469046
0.13793075257023346, 0.7363161334469046
0.13793075257023346, 0.7363161334469046
0.13793075257023346, 0.7363161334469046
0.9646164028569499, 0.5609795960003171
0.9646164028569499, 0.5609795960003171
0.9646164028569499, 0.5609795960003171
0.9646164028569499, 0.5609795960003171
0.9646164028569499, 0.5609795960003171
0.9646164028569499, 0.5609795960003171
0.9646164028569499, 0.5609795960003171
0.9646164028569499, 0.5609795960003171
0.9646164028569499, 0.5609795960003171
0.9646164028569499, 0.5609795960003171
0.1865136329333671, 0.7017845181613526
0.1865136329333671, 0.7017845181613526
0.1865136329333671, 0.7017845181613526
0.1865136329333671, 0.7017845181613526
0.1865136329333671, 0.7017845181613526
0.1865136329333671, 0.7017845181613526
0.1865136329333671, 0.7017845181613526
0.1865136329333671, 0.7017845181613526
0.1865136329333671, 0.7017845181613526
0.1865136329333671, 0.7017845181613526
0.9549281308866585, 0.8937687044879018
0.9549281308866585, 0.8937687044879018
0.9549281308866585, 0.8937687044879018
0.9549281308866585, 0.8937687044879018
0.9549281308866585, 0.8937687044879018
0.9549281308866585, 0.8937687044879018
0.9549281308866585, 0.8937687044879018
0.9549281308866585, 0.8937687044879018
0.9549281308866585, 0.8937687044879018
0.9549281308866585, 0.8937687044879018
