1e-05
0.681534003133293, 0.48953312398928184
0.681534003133293, 0.48953312398928184
0.681534003133293, 0.48953312398928184
0.681534003133293, 0.48953312398928184
0.681534003133293, 0.48953312398928184
0.681534003133293, 0.48953312398928184
0.681534003133293, 0.48953312398928184
0.681534003133293, 0.48953312398928184
0.681534003133293, 0.48953312398928184
0.681534003133293, 0.48953312398928184
0.0451987429873556, 0.798621969001963
0.0451987429873556, 0.798621969001963
0.0451987429873556, 0.798621969001963
0.0451987429873556, 0.798621969001963
0.0451987429873556, 0.798621969001963
0.0451987429873556, 0.798621969001963
0.0451987429873556, 0.798621969001963
0.0451987429873556, 0.798621969001963
0.0451987429873556, 0.798621969001963
0.0451987429873556, 0.798621969001963
0.9005611226079853, 0.4040448843325769
0.9005611226079853, 0.4040448843325769
0.9005611226079853, 0.4040448843325769
0.9005611226079853, 0.4040448843325769
0.9005611226079853, 0.4040448843325769
0.9005611226079853, 0.4040448843325769
0.9005611226079853, 0.4040448843325769
0.9005611226079853, 0.4040448843325769
0.9005611226079853, 0.4040448843325769
0.9005611226079853, 0.4040448843325769
0.9390319402032847, 0.9942164463730276
0.9390319402032847, 0.9942164463730276
0.9390319402032847, 0.9942164463730276
0.9390319402032847, 0.9942164463730276
0.9390319402032847, 0.9942164463730276
0.9390319402032847, 0.9942164463730276
0.9390319402032847, 0.9942164463730276
0.9390319402032847, 0.9942164463730276
0.9390319402032847, 0.9942164463730276
0.9390319402032847, 0.9942164463730276
0.11230640841848849, 0.4570909138246081
0.11230640841848849, 0.4570909138246081
0.11230640841848849, 0.4570909138246081
0.11230640841848849, 0.4570909138246081
0.11230640841848849, 0.4570909138246081
0.11230640841848849, 0.4570909138246081
0.11230640841848849, 0.4570909138246081
0.11230640841848849, 0.4570909138246081
0.11230640841848849, 0.4570909138246081
0.11230640841848849, 0.4570909138246081
0.31110226813249475, 0.3617500830069199
0.31110226813249475, 0.3617500830069199
0.31110226813249475, 0.3617500830069199
0.31110226813249475, 0.3617500830069199
0.31110226813249475, 0.3617500830069199
0.31110226813249475, 0.3617500830069199
0.31110226813249475, 0.3617500830069199
0.31110226813249475, 0.3617500830069199
0.31110226813249475, 0.3617500830069199
0.31110226813249475, 0.3617500830069199
0.6665123940387185, 0.8021596917419944
0.6665123940387185, 0.8021596917419944
0.6665123940387185, 0.8021596917419944
0.6665123940387185, 0.8021596917419944
0.6665123940387185, 0.8021596917419944
0.6665123940387185, 0.8021596917419944
0.6665123940387185, 0.8021596917419944
0.6665123940387185, 0.8021596917419944
0.6665123940387185, 0.8021596917419944
0.6665123940387185, 0.8021596917419944
0.9493878834164908, 0.6670087845577954
0.9493878834164908, 0.6670087845577954
0.9493878834164908, 0.6670087845577954
0.9493878834164908, 0.6670087845577954
0.9493878834164908, 0.6670087845577954
0.9493878834164908, 0.6670087845577954
0.9493878834164908, 0.6670087845577954
0.9493878834164908, 0.6670087845577954
0.9493878834164908, 0.6670087845577954
0.9493878834164908, 0.6670087845577954
0.3909192634201425, 0.5102465728380392
0.3909192634201425, 0.5102465728380392
0.3909192634201425, 0.5102465728380392
0.3909192634201425, 0.5102465728380392
0.3909192634201425, 0.5102465728380392
0.3909192634201425, 0.5102465728380392
0.3909192634201425, 0.5102465728380392
0.3909192634201425, 0.5102465728380392
0.3909192634201425, 0.5102465728380392
0.3909192634201425, 0.5102465728380392
0.4747444803017894, 0.3578820959841186
0.4747444803017894, 0.3578820959841186
0.4747444803017894, 0.3578820959841186
0.4747444803017894, 0.3578820959841186
0.4747444803017894, 0.3578820959841186
0.4747444803017894, 0.3578820959841186
0.4747444803017894, 0.3578820959841186
0.4747444803017894, 0.3578820959841186
0.4747444803017894, 0.3578820959841186
0.4747444803017894, 0.3578820959841186
