0.001
0.25158616757341623, 0.8710743444662956
0.34496811838993946, 0.19568334100110307
0.5572669288374872, 0.8434192551544576
0.389598029530985, 0.12347218119501346
0.9453998523402649, 0.009600522977872727
0.11749793814260445, 0.45598611790233323
0.5380095044661076, 0.6594728208684553
0.6211467622556759, 0.42474297557379137
0.4001359001881569, 0.467630732727939
0.861311572663015, 0.7673554349223682
0.8280053312625542, 0.2436776776640347
0.8789064827299902, 0.3882950088228072
0.5780612502736934, 0.3382633042641423
0.20213312597290767, 0.6179253312652079
0.021587196356131377, 0.42441945721911645
0.7188199565356508, 0.9775735094342222
0.9675489717896943, 0.14503252581557635
