1e-05
0.09761923959241314, 0.2919376690735882
0.09761923959241314, 0.2919376690735882
0.09761923959241314, 0.2919376690735882
0.09761923959241314, 0.2919376690735882
0.09761923959241314, 0.2919376690735882
0.09761923959241314, 0.2919376690735882
0.09761923959241314, 0.2919376690735882
0.09761923959241314, 0.2919376690735882
0.09761923959241314, 0.2919376690735882
0.09761923959241314, 0.2919376690735882
0.8491001521615608, 0.09501732608044366
0.8491001521615608, 0.09501732608044366
0.8491001521615608, 0.09501732608044366
0.8491001521615608, 0.09501732608044366
0.8491001521615608, 0.09501732608044366
0.8491001521615608, 0.09501732608044366
0.8491001521615608, 0.09501732608044366
0.8491001521615608, 0.09501732608044366
0.8491001521615608, 0.09501732608044366
0.8491001521615608, 0.09501732608044366
0.35519838370657963, 0.9576980373265969
0.35519838370657963, 0.9576980373265969
0.35519838370657963, 0.9576980373265969
0.35519838370657963, 0.9576980373265969
0.35519838370657963, 0.9576980373265969
0.35519838370657963, 0.9576980373265969
0.35519838370657963, 0.9576980373265969
0.35519838370657963, 0.9576980373265969
0.35519838370657963, 0.9576980373265969
0.35519838370657963, 0.9576980373265969
0.4333339621608352, 0.8879002658739106
0.4333339621608352, 0.8879002658739106
0.4333339621608352, 0.8879002658739106
0.4333339621608352, 0.8879002658739106
0.4333339621608352, 0.8879002658739106
0.4333339621608352, 0.8879002658739106
0.4333339621608352, 0.8879002658739106
0.4333339621608352, 0.8879002658739106
0.4333339621608352, 0.8879002658739106
0.4333339621608352, 0.8879002658739106
0.5421745571356252, 0.2468327385981004
0.5421745571356252, 0.2468327385981004
0.5421745571356252, 0.2468327385981004
0.5421745571356252, 0.2468327385981004
0.5421745571356252, 0.2468327385981004
0.5421745571356252, 0.2468327385981004
0.5421745571356252, 0.2468327385981004
0.5421745571356252, 0.2468327385981004
0.5421745571356252, 0.2468327385981004
0.5421745571356252, 0.2468327385981004
0.9052903676359573, 0.42711926229185426
0.9052903676359573, 0.42711926229185426
0.9052903676359573, 0.42711926229185426
0.9052903676359573, 0.42711926229185426
0.9052903676359573, 0.42711926229185426
0.9052903676359573, 0.42711926229185426
0.9052903676359573, 0.42711926229185426
0.9052903676359573, 0.42711926229185426
0.9052903676359573, 0.42711926229185426
0.9052903676359573, 0.42711926229185426
0.8764533992994873, 0.26398373481270876
0.8764533992994873, 0.26398373481270876
0.8764533992994873, 0.26398373481270876
0.8764533992994873, 0.26398373481270876
0.8764533992994873, 0.26398373481270876
0.8764533992994873, 0.26398373481270876
0.8764533992994873, 0.26398373481270876
0.8764533992994873, 0.26398373481270876
0.8764533992994873, 0.26398373481270876
0.8764533992994873, 0.26398373481270876
0.5921851804248418, 0.2068555646100554
0.5921851804248418, 0.2068555646100554
0.5921851804248418, 0.2068555646100554
0.5921851804248418, 0.2068555646100554
0.5921851804248418, 0.2068555646100554
0.5921851804248418, 0.2068555646100554
0.5921851804248418, 0.2068555646100554
0.5921851804248418, 0.2068555646100554
0.5921851804248418, 0.2068555646100554
0.5921851804248418, 0.2068555646100554
0.2206522404089567, 0.6816418976365135
0.2206522404089567, 0.6816418976365135
0.2206522404089567, 0.6816418976365135
0.2206522404089567, 0.6816418976365135
0.2206522404089567, 0.6816418976365135
0.2206522404089567, 0.6816418976365135
0.2206522404089567, 0.6816418976365135
0.2206522404089567, 0.6816418976365135
0.2206522404089567, 0.6816418976365135
0.2206522404089567, 0.6816418976365135
0.8611797913931868, 0.2187452283099791
0.8611797913931868, 0.2187452283099791
0.8611797913931868, 0.2187452283099791
0.8611797913931868, 0.2187452283099791
0.8611797913931868, 0.2187452283099791
0.8611797913931868, 0.2187452283099791
0.8611797913931868, 0.2187452283099791
0.8611797913931868, 0.2187452283099791
0.8611797913931868, 0.2187452283099791
0.8611797913931868, 0.2187452283099791
