1e-05
0.5471070944277929, 0.820493002033706
0.5471070944277929, 0.820493002033706
0.5471070944277929, 0.820493002033706
0.5471070944277929, 0.820493002033706
0.5471070944277929, 0.820493002033706
0.5471070944277929, 0.820493002033706
0.5471070944277929, 0.820493002033706
0.5471070944277929, 0.820493002033706
0.5471070944277929, 0.820493002033706
0.5471070944277929, 0.820493002033706
0.441457056752967, 0.8520451984126561
0.441457056752967, 0.8520451984126561
0.441457056752967, 0.8520451984126561
0.441457056752967, 0.8520451984126561
0.441457056752967, 0.8520451984126561
0.441457056752967, 0.8520451984126561
0.441457056752967, 0.8520451984126561
0.441457056752967, 0.8520451984126561
0.441457056752967, 0.8520451984126561
0.441457056752967, 0.8520451984126561
0.8784784760095125, 0.5880253194819968
0.8784784760095125, 0.5880253194819968
0.8784784760095125, 0.5880253194819968
0.8784784760095125, 0.5880253194819968
0.8784784760095125, 0.5880253194819968
0.8784784760095125, 0.5880253194819968
0.8784784760095125, 0.5880253194819968
0.8784784760095125, 0.5880253194819968
0.8784784760095125, 0.5880253194819968
0.8784784760095125, 0.5880253194819968
0.7676186100065856, 0.9555260902358609
0.7676186100065856, 0.9555260902358609
0.7676186100065856, 0.9555260902358609
0.7676186100065856, 0.9555260902358609
0.7676186100065856, 0.9555260902358609
0.7676186100065856, 0.9555260902358609
0.7676186100065856, 0.9555260902358609
0.7676186100065856, 0.9555260902358609
0.7676186100065856, 0.9555260902358609
0.7676186100065856, 0.9555260902358609
0.14529934865826222, 0.08578495697563449
0.14529934865826222, 0.08578495697563449
0.14529934865826222, 0.08578495697563449
0.14529934865826222, 0.08578495697563449
0.14529934865826222, 0.08578495697563449
0.14529934865826222, 0.08578495697563449
0.14529934865826222, 0.08578495697563449
0.14529934865826222, 0.08578495697563449
0.14529934865826222, 0.08578495697563449
0.14529934865826222, 0.08578495697563449
0.46674533781911176, 0.30592180544664005
0.46674533781911176, 0.30592180544664005
0.46674533781911176, 0.30592180544664005
0.46674533781911176, 0.30592180544664005
0.46674533781911176, 0.30592180544664005
0.46674533781911176, 0.30592180544664005
0.46674533781911176, 0.30592180544664005
0.46674533781911176, 0.30592180544664005
0.46674533781911176, 0.30592180544664005
0.46674533781911176, 0.30592180544664005
0.9104331828701316, 0.5994411302012123
0.9104331828701316, 0.5994411302012123
0.9104331828701316, 0.5994411302012123
0.9104331828701316, 0.5994411302012123
0.9104331828701316, 0.5994411302012123
0.9104331828701316, 0.5994411302012123
0.9104331828701316, 0.5994411302012123
0.9104331828701316, 0.5994411302012123
0.9104331828701316, 0.5994411302012123
0.9104331828701316, 0.5994411302012123
0.7358493410319416, 0.5610319682273958
0.7358493410319416, 0.5610319682273958
0.7358493410319416, 0.5610319682273958
0.7358493410319416, 0.5610319682273958
0.7358493410319416, 0.5610319682273958
0.7358493410319416, 0.5610319682273958
0.7358493410319416, 0.5610319682273958
0.7358493410319416, 0.5610319682273958
0.7358493410319416, 0.5610319682273958
0.7358493410319416, 0.5610319682273958
0.6197100294963043, 0.5681581481017496
0.6197100294963043, 0.5681581481017496
0.6197100294963043, 0.5681581481017496
0.6197100294963043, 0.5681581481017496
0.6197100294963043, 0.5681581481017496
0.6197100294963043, 0.5681581481017496
0.6197100294963043, 0.5681581481017496
0.6197100294963043, 0.5681581481017496
0.6197100294963043, 0.5681581481017496
0.6197100294963043, 0.5681581481017496
0.7157839043217169, 0.9963286896927587
0.7157839043217169, 0.9963286896927587
0.7157839043217169, 0.9963286896927587
0.7157839043217169, 0.9963286896927587
0.7157839043217169, 0.9963286896927587
0.7157839043217169, 0.9963286896927587
0.7157839043217169, 0.9963286896927587
0.7157839043217169, 0.9963286896927587
0.7157839043217169, 0.9963286896927587
0.7157839043217169, 0.9963286896927587
