1e-05
0.34583195440830916, 0.7518570226983686
0.34583195440830916, 0.7518570226983686
0.34583195440830916, 0.7518570226983686
0.34583195440830916, 0.7518570226983686
0.34583195440830916, 0.7518570226983686
0.34583195440830916, 0.7518570226983686
0.34583195440830916, 0.7518570226983686
0.34583195440830916, 0.7518570226983686
0.34583195440830916, 0.7518570226983686
0.34583195440830916, 0.7518570226983686
0.013783215146701333, 0.8890037413128159
0.013783215146701333, 0.8890037413128159
0.013783215146701333, 0.8890037413128159
0.013783215146701333, 0.8890037413128159
0.013783215146701333, 0.8890037413128159
0.013783215146701333, 0.8890037413128159
0.013783215146701333, 0.8890037413128159
0.013783215146701333, 0.8890037413128159
0.013783215146701333, 0.8890037413128159
0.013783215146701333, 0.8890037413128159
0.6819502237873096, 0.4249227184140464
0.6819502237873096, 0.4249227184140464
0.6819502237873096, 0.4249227184140464
0.6819502237873096, 0.4249227184140464
0.6819502237873096, 0.4249227184140464
0.6819502237873096, 0.4249227184140464
0.6819502237873096, 0.4249227184140464
0.6819502237873096, 0.4249227184140464
0.6819502237873096, 0.4249227184140464
0.6819502237873096, 0.4249227184140464
0.5709757352474647, 0.454689909319415
0.5709757352474647, 0.454689909319415
0.5709757352474647, 0.454689909319415
0.5709757352474647, 0.454689909319415
0.5709757352474647, 0.454689909319415
0.5709757352474647, 0.454689909319415
0.5709757352474647, 0.454689909319415
0.5709757352474647, 0.454689909319415
0.5709757352474647, 0.454689909319415
0.5709757352474647, 0.454689909319415
0.33912815060253654, 0.8164524759997315
0.33912815060253654, 0.8164524759997315
0.33912815060253654, 0.8164524759997315
0.33912815060253654, 0.8164524759997315
0.33912815060253654, 0.8164524759997315
0.33912815060253654, 0.8164524759997315
0.33912815060253654, 0.8164524759997315
0.33912815060253654, 0.8164524759997315
0.33912815060253654, 0.8164524759997315
0.33912815060253654, 0.8164524759997315
0.44193605472199726, 0.2566341165730964
0.44193605472199726, 0.2566341165730964
0.44193605472199726, 0.2566341165730964
0.44193605472199726, 0.2566341165730964
0.44193605472199726, 0.2566341165730964
0.44193605472199726, 0.2566341165730964
0.44193605472199726, 0.2566341165730964
0.44193605472199726, 0.2566341165730964
0.44193605472199726, 0.2566341165730964
0.44193605472199726, 0.2566341165730964
0.8149304663091126, 0.13474425323162698
0.8149304663091126, 0.13474425323162698
0.8149304663091126, 0.13474425323162698
0.8149304663091126, 0.13474425323162698
0.8149304663091126, 0.13474425323162698
0.8149304663091126, 0.13474425323162698
0.8149304663091126, 0.13474425323162698
0.8149304663091126, 0.13474425323162698
0.8149304663091126, 0.13474425323162698
0.8149304663091126, 0.13474425323162698
0.862759154384887, 0.37057815282655415
0.862759154384887, 0.37057815282655415
0.862759154384887, 0.37057815282655415
0.862759154384887, 0.37057815282655415
0.862759154384887, 0.37057815282655415
0.862759154384887, 0.37057815282655415
0.862759154384887, 0.37057815282655415
0.862759154384887, 0.37057815282655415
0.862759154384887, 0.37057815282655415
0.862759154384887, 0.37057815282655415
0.594301749950918, 0.3786526074013179
0.594301749950918, 0.3786526074013179
0.594301749950918, 0.3786526074013179
0.594301749950918, 0.3786526074013179
0.594301749950918, 0.3786526074013179
0.594301749950918, 0.3786526074013179
0.594301749950918, 0.3786526074013179
0.594301749950918, 0.3786526074013179
0.594301749950918, 0.3786526074013179
0.594301749950918, 0.3786526074013179
0.36730035788722226, 0.9786500454734157
0.36730035788722226, 0.9786500454734157
0.36730035788722226, 0.9786500454734157
0.36730035788722226, 0.9786500454734157
0.36730035788722226, 0.9786500454734157
0.36730035788722226, 0.9786500454734157
0.36730035788722226, 0.9786500454734157
0.36730035788722226, 0.9786500454734157
0.36730035788722226, 0.9786500454734157
0.36730035788722226, 0.9786500454734157
