0.1
0.6543241501976765, 0.45635491684117724
0.3421958720639643, 0.08612442922814811
0.9534888531766489, 0.1164260315161324
0.14409059099531507, 0.9802275754011793
0.5619602480092498, 0.3004716050618693
0.4402012952797768, 0.6407320945995932
0.11466201275286603, 0.8382180211720512
0.8240430498387925, 0.3731120158155984
0.45035461361362006, 0.6209683958735285
0.662821534983532, 0.3437490595449657
0.09294934218598183, 0.23402761240720715
0.368564465330522, 0.879342283057049
0.19229174587361575, 0.8446347693866962
0.21979347306496255, 0.5509365761367607
0.10998645708825272, 0.8400327103168104
0.5188461086442053, 0.48743538156399535
0.5239123872575048, 0.12944916526938144
0.11520690663561628, 0.2880281303519693
0.5415621685090225, 0.5499074208241336
0.13785124844909225, 0.20026095907247543
0.8073549821581792, 0.5847938380890935
0.054326454025094284, 0.1463041071624558
0.2434505315442358, 0.966337082366001
0.1637975775634648, 0.022075830468035296
0.2734437264143601, 0.7023432995218933
0.11812838848702001, 0.0752380027539179
0.5582858333224997, 0.02711607022343332
0.8119773131145407, 0.5004609784482424
0.6914888480991471, 0.8765766131405415
0.07953883485301538, 0.574350316462632
0.2179955304469393, 0.1736821454208054
0.6987488034754181, 0.43236355349964817
0.9491154716254486, 0.08947975062289526
0.059795364646310856, 0.6963724893830686
0.7181068758508999, 0.01874292864098992
0.9033366307420453, 0.10917672381057508
0.2795564489231158, 0.4274555910671298
0.3692350540026975, 0.6154215666860217
0.18840280749976046, 0.5137692299816239
0.1443224395926499, 0.8061178991825846
0.3694103008939663, 0.745632680994859
0.7116736892604673, 0.23494855899009348
0.6935814272827475, 0.6023950799930898
0.848906224249917, 0.4367948730612028
0.677041705322095, 0.25260530006427506
0.6450480122362425, 0.22288567953271643
0.20527455455744004, 0.045136292980888615
0.5748849829313755, 0.28724136950017376
0.5326460209920432, 0.01557106041972156
0.7282826059717019, 0.2217876224825046
0.9092505898894185, 0.648125239148592
0.17404977741803873, 0.03485947345333107
0.7569367156987112, 0.5790793418580797
0.3882290770021123, 0.2250658148344553
0.5267761844007091, 0.38376321076335396
0.004739562138475928, 0.6648457503873099
0.7930830327372127, 0.6129141358406935
0.2686021961651047, 0.4907483075327297
0.6629805574927156, 0.6705285691456373
0.15931708097071573, 0.7576238490602691
0.7913765476151663, 0.11378002865834458
0.4324277949501336, 0.023971837134220575
0.2381618461233762, 0.864861921698928
0.36094562012184617, 0.2324430336244636
0.594241580609276, 0.9047137624036578
0.494636576607139, 0.7081971029105373
0.26761407386493463, 0.44180551276147095
0.5430950325819526, 0.7473893534070929
0.9744136762836217, 0.44384684108939043
0.3281303798287968, 0.27997095612699785
0.6758468384589632, 0.18207599177720812
0.3130433935995788, 0.286010537969557
0.983024899003716, 0.2644148039518436
0.4202158337005675, 0.38334401908858184
0.8270437130974927, 0.04416463682619398
0.5024812648965943, 0.37385181641165366
0.8810293917183382, 0.5209479946237296
0.003926384118155712, 0.32769841865552296
0.6882617863822083, 0.9632875955175688
0.05683449858997036, 0.5430079798483438
0.8943901166361716, 0.3324222320448327
0.04206734943003998, 0.8368132672113643
