1e-05
0.39972567308441576, 0.8574020383997584
0.39972567308441576, 0.8574020383997584
0.39972567308441576, 0.8574020383997584
0.39972567308441576, 0.8574020383997584
0.39972567308441576, 0.8574020383997584
0.39972567308441576, 0.8574020383997584
0.39972567308441576, 0.8574020383997584
0.39972567308441576, 0.8574020383997584
0.39972567308441576, 0.8574020383997584
0.39972567308441576, 0.8574020383997584
0.7037267947849903, 0.41214573534901233
0.7037267947849903, 0.41214573534901233
0.7037267947849903, 0.41214573534901233
0.7037267947849903, 0.41214573534901233
0.7037267947849903, 0.41214573534901233
0.7037267947849903, 0.41214573534901233
0.7037267947849903, 0.41214573534901233
0.7037267947849903, 0.41214573534901233
0.7037267947849903, 0.41214573534901233
0.7037267947849903, 0.41214573534901233
0.16281037671454446, 0.2486212114289018
0.16281037671454446, 0.2486212114289018
0.16281037671454446, 0.2486212114289018
0.16281037671454446, 0.2486212114289018
0.16281037671454446, 0.2486212114289018
0.16281037671454446, 0.2486212114289018
0.16281037671454446, 0.2486212114289018
0.16281037671454446, 0.2486212114289018
0.16281037671454446, 0.2486212114289018
0.16281037671454446, 0.2486212114289018
0.7592249433463228, 0.28550697445549666
0.7592249433463228, 0.28550697445549666
0.7592249433463228, 0.28550697445549666
0.7592249433463228, 0.28550697445549666
0.7592249433463228, 0.28550697445549666
0.7592249433463228, 0.28550697445549666
0.7592249433463228, 0.28550697445549666
0.7592249433463228, 0.28550697445549666
0.7592249433463228, 0.28550697445549666
0.7592249433463228, 0.28550697445549666
0.6002144764612305, 0.2623693729353006
0.6002144764612305, 0.2623693729353006
0.6002144764612305, 0.2623693729353006
0.6002144764612305, 0.2623693729353006
0.6002144764612305, 0.2623693729353006
0.6002144764612305, 0.2623693729353006
0.6002144764612305, 0.2623693729353006
0.6002144764612305, 0.2623693729353006
0.6002144764612305, 0.2623693729353006
0.6002144764612305, 0.2623693729353006
0.4139246724794984, 0.14241166462650978
0.4139246724794984, 0.14241166462650978
0.4139246724794984, 0.14241166462650978
0.4139246724794984, 0.14241166462650978
0.4139246724794984, 0.14241166462650978
0.4139246724794984, 0.14241166462650978
0.4139246724794984, 0.14241166462650978
0.4139246724794984, 0.14241166462650978
0.4139246724794984, 0.14241166462650978
0.4139246724794984, 0.14241166462650978
0.6214767343406504, 0.6584770746529667
0.6214767343406504, 0.6584770746529667
0.6214767343406504, 0.6584770746529667
0.6214767343406504, 0.6584770746529667
0.6214767343406504, 0.6584770746529667
0.6214767343406504, 0.6584770746529667
0.6214767343406504, 0.6584770746529667
0.6214767343406504, 0.6584770746529667
0.6214767343406504, 0.6584770746529667
0.6214767343406504, 0.6584770746529667
0.10884315685592927, 0.8767328772446658
0.10884315685592927, 0.8767328772446658
0.10884315685592927, 0.8767328772446658
0.10884315685592927, 0.8767328772446658
0.10884315685592927, 0.8767328772446658
0.10884315685592927, 0.8767328772446658
0.10884315685592927, 0.8767328772446658
0.10884315685592927, 0.8767328772446658
0.10884315685592927, 0.8767328772446658
0.10884315685592927, 0.8767328772446658
0.3841627485531396, 0.5864456843229541
0.3841627485531396, 0.5864456843229541
0.3841627485531396, 0.5864456843229541
0.3841627485531396, 0.5864456843229541
0.3841627485531396, 0.5864456843229541
0.3841627485531396, 0.5864456843229541
0.3841627485531396, 0.5864456843229541
0.3841627485531396, 0.5864456843229541
0.3841627485531396, 0.5864456843229541
0.3841627485531396, 0.5864456843229541
0.4673574431437715, 0.9408736615318727
0.4673574431437715, 0.9408736615318727
0.4673574431437715, 0.9408736615318727
0.4673574431437715, 0.9408736615318727
0.4673574431437715, 0.9408736615318727
0.4673574431437715, 0.9408736615318727
0.4673574431437715, 0.9408736615318727
0.4673574431437715, 0.9408736615318727
0.4673574431437715, 0.9408736615318727
0.4673574431437715, 0.9408736615318727
