1e-05
0.8328280150769648, 0.35270562511517456
0.8328280150769648, 0.35270562511517456
0.8328280150769648, 0.35270562511517456
0.8328280150769648, 0.35270562511517456
0.8328280150769648, 0.35270562511517456
0.8328280150769648, 0.35270562511517456
0.8328280150769648, 0.35270562511517456
0.8328280150769648, 0.35270562511517456
0.8328280150769648, 0.35270562511517456
0.8328280150769648, 0.35270562511517456
0.6141563479334775, 0.48808675622201403
0.6141563479334775, 0.48808675622201403
0.6141563479334775, 0.48808675622201403
0.6141563479334775, 0.48808675622201403
0.6141563479334775, 0.48808675622201403
0.6141563479334775, 0.48808675622201403
0.6141563479334775, 0.48808675622201403
0.6141563479334775, 0.48808675622201403
0.6141563479334775, 0.48808675622201403
0.6141563479334775, 0.48808675622201403
0.18806598512548123, 0.37055597765781245
0.18806598512548123, 0.37055597765781245
0.18806598512548123, 0.37055597765781245
0.18806598512548123, 0.37055597765781245
0.18806598512548123, 0.37055597765781245
0.18806598512548123, 0.37055597765781245
0.18806598512548123, 0.37055597765781245
0.18806598512548123, 0.37055597765781245
0.18806598512548123, 0.37055597765781245
0.18806598512548123, 0.37055597765781245
0.9579447002962636, 0.08146106566466504
0.9579447002962636, 0.08146106566466504
0.9579447002962636, 0.08146106566466504
0.9579447002962636, 0.08146106566466504
0.9579447002962636, 0.08146106566466504
0.9579447002962636, 0.08146106566466504
0.9579447002962636, 0.08146106566466504
0.9579447002962636, 0.08146106566466504
0.9579447002962636, 0.08146106566466504
0.9579447002962636, 0.08146106566466504
0.15063941584517415, 0.4878002772251826
0.15063941584517415, 0.4878002772251826
0.15063941584517415, 0.4878002772251826
0.15063941584517415, 0.4878002772251826
0.15063941584517415, 0.4878002772251826
0.15063941584517415, 0.4878002772251826
0.15063941584517415, 0.4878002772251826
0.15063941584517415, 0.4878002772251826
0.15063941584517415, 0.4878002772251826
0.15063941584517415, 0.4878002772251826
0.3485658888438391, 0.09723483529258181
0.3485658888438391, 0.09723483529258181
0.3485658888438391, 0.09723483529258181
0.3485658888438391, 0.09723483529258181
0.3485658888438391, 0.09723483529258181
0.3485658888438391, 0.09723483529258181
0.3485658888438391, 0.09723483529258181
0.3485658888438391, 0.09723483529258181
0.3485658888438391, 0.09723483529258181
0.3485658888438391, 0.09723483529258181
0.07027939889206236, 0.4839815036204663
0.07027939889206236, 0.4839815036204663
0.07027939889206236, 0.4839815036204663
0.07027939889206236, 0.4839815036204663
0.07027939889206236, 0.4839815036204663
0.07027939889206236, 0.4839815036204663
0.07027939889206236, 0.4839815036204663
0.07027939889206236, 0.4839815036204663
0.07027939889206236, 0.4839815036204663
0.07027939889206236, 0.4839815036204663
0.779740750925776, 0.008286349596675846
0.779740750925776, 0.008286349596675846
0.779740750925776, 0.008286349596675846
0.779740750925776, 0.008286349596675846
0.779740750925776, 0.008286349596675846
0.779740750925776, 0.008286349596675846
0.779740750925776, 0.008286349596675846
0.779740750925776, 0.008286349596675846
0.779740750925776, 0.008286349596675846
0.779740750925776, 0.008286349596675846
0.64140264650652, 0.16052119542072696
0.64140264650652, 0.16052119542072696
0.64140264650652, 0.16052119542072696
0.64140264650652, 0.16052119542072696
0.64140264650652, 0.16052119542072696
0.64140264650652, 0.16052119542072696
0.64140264650652, 0.16052119542072696
0.64140264650652, 0.16052119542072696
0.64140264650652, 0.16052119542072696
0.64140264650652, 0.16052119542072696
0.8918226492673411, 0.21378534571873076
0.8918226492673411, 0.21378534571873076
0.8918226492673411, 0.21378534571873076
0.8918226492673411, 0.21378534571873076
0.8918226492673411, 0.21378534571873076
0.8918226492673411, 0.21378534571873076
0.8918226492673411, 0.21378534571873076
0.8918226492673411, 0.21378534571873076
0.8918226492673411, 0.21378534571873076
0.8918226492673411, 0.21378534571873076
