1e-05
0.8504595152869312, 0.35775253076552815
0.8504595152869312, 0.35775253076552815
0.8504595152869312, 0.35775253076552815
0.8504595152869312, 0.35775253076552815
0.8504595152869312, 0.35775253076552815
0.8504595152869312, 0.35775253076552815
0.8504595152869312, 0.35775253076552815
0.8504595152869312, 0.35775253076552815
0.8504595152869312, 0.35775253076552815
0.8504595152869312, 0.35775253076552815
0.26835462120968445, 0.22018280223066122
0.26835462120968445, 0.22018280223066122
0.26835462120968445, 0.22018280223066122
0.26835462120968445, 0.22018280223066122
0.26835462120968445, 0.22018280223066122
0.26835462120968445, 0.22018280223066122
0.26835462120968445, 0.22018280223066122
0.26835462120968445, 0.22018280223066122
0.26835462120968445, 0.22018280223066122
0.26835462120968445, 0.22018280223066122
0.3524967275794556, 0.5009019639886609
0.3524967275794556, 0.5009019639886609
0.3524967275794556, 0.5009019639886609
0.3524967275794556, 0.5009019639886609
0.3524967275794556, 0.5009019639886609
0.3524967275794556, 0.5009019639886609
0.3524967275794556, 0.5009019639886609
0.3524967275794556, 0.5009019639886609
0.3524967275794556, 0.5009019639886609
0.3524967275794556, 0.5009019639886609
0.6570554823686547, 0.9829145871397605
0.6570554823686547, 0.9829145871397605
0.6570554823686547, 0.9829145871397605
0.6570554823686547, 0.9829145871397605
0.6570554823686547, 0.9829145871397605
0.6570554823686547, 0.9829145871397605
0.6570554823686547, 0.9829145871397605
0.6570554823686547, 0.9829145871397605
0.6570554823686547, 0.9829145871397605
0.6570554823686547, 0.9829145871397605
0.9300222010209915, 0.3266810251550518
0.9300222010209915, 0.3266810251550518
0.9300222010209915, 0.3266810251550518
0.9300222010209915, 0.3266810251550518
0.9300222010209915, 0.3266810251550518
0.9300222010209915, 0.3266810251550518
0.9300222010209915, 0.3266810251550518
0.9300222010209915, 0.3266810251550518
0.9300222010209915, 0.3266810251550518
0.9300222010209915, 0.3266810251550518
0.07431287282490562, 0.22526415996718707
0.07431287282490562, 0.22526415996718707
0.07431287282490562, 0.22526415996718707
0.07431287282490562, 0.22526415996718707
0.07431287282490562, 0.22526415996718707
0.07431287282490562, 0.22526415996718707
0.07431287282490562, 0.22526415996718707
0.07431287282490562, 0.22526415996718707
0.07431287282490562, 0.22526415996718707
0.07431287282490562, 0.22526415996718707
0.22026912925630782, 0.3809411883359852
0.22026912925630782, 0.3809411883359852
0.22026912925630782, 0.3809411883359852
0.22026912925630782, 0.3809411883359852
0.22026912925630782, 0.3809411883359852
0.22026912925630782, 0.3809411883359852
0.22026912925630782, 0.3809411883359852
0.22026912925630782, 0.3809411883359852
0.22026912925630782, 0.3809411883359852
0.22026912925630782, 0.3809411883359852
0.7368596743913678, 0.6897931671316931
0.7368596743913678, 0.6897931671316931
0.7368596743913678, 0.6897931671316931
0.7368596743913678, 0.6897931671316931
0.7368596743913678, 0.6897931671316931
0.7368596743913678, 0.6897931671316931
0.7368596743913678, 0.6897931671316931
0.7368596743913678, 0.6897931671316931
0.7368596743913678, 0.6897931671316931
0.7368596743913678, 0.6897931671316931
0.6713789167076816, 0.4579334522784141
0.6713789167076816, 0.4579334522784141
0.6713789167076816, 0.4579334522784141
0.6713789167076816, 0.4579334522784141
0.6713789167076816, 0.4579334522784141
0.6713789167076816, 0.4579334522784141
0.6713789167076816, 0.4579334522784141
0.6713789167076816, 0.4579334522784141
0.6713789167076816, 0.4579334522784141
0.6713789167076816, 0.4579334522784141
0.09443690184753473, 0.23029790107461456
0.09443690184753473, 0.23029790107461456
0.09443690184753473, 0.23029790107461456
0.09443690184753473, 0.23029790107461456
0.09443690184753473, 0.23029790107461456
0.09443690184753473, 0.23029790107461456
0.09443690184753473, 0.23029790107461456
0.09443690184753473, 0.23029790107461456
0.09443690184753473, 0.23029790107461456
0.09443690184753473, 0.23029790107461456
