1e-05
0.026702094539433063, 0.25903746515488013
0.026702094539433063, 0.25903746515488013
0.026702094539433063, 0.25903746515488013
0.026702094539433063, 0.25903746515488013
0.026702094539433063, 0.25903746515488013
0.026702094539433063, 0.25903746515488013
0.026702094539433063, 0.25903746515488013
0.026702094539433063, 0.25903746515488013
0.026702094539433063, 0.25903746515488013
0.026702094539433063, 0.25903746515488013
0.5296153314464711, 0.27038865539506807
0.5296153314464711, 0.27038865539506807
0.5296153314464711, 0.27038865539506807
0.5296153314464711, 0.27038865539506807
0.5296153314464711, 0.27038865539506807
0.5296153314464711, 0.27038865539506807
0.5296153314464711, 0.27038865539506807
0.5296153314464711, 0.27038865539506807
0.5296153314464711, 0.27038865539506807
0.5296153314464711, 0.27038865539506807
0.5503808522368666, 0.7144306033119396
0.5503808522368666, 0.7144306033119396
0.5503808522368666, 0.7144306033119396
0.5503808522368666, 0.7144306033119396
0.5503808522368666, 0.7144306033119396
0.5503808522368666, 0.7144306033119396
0.5503808522368666, 0.7144306033119396
0.5503808522368666, 0.7144306033119396
0.5503808522368666, 0.7144306033119396
0.5503808522368666, 0.7144306033119396
0.4148275122634846, 0.4600166214169641
0.4148275122634846, 0.4600166214169641
0.4148275122634846, 0.4600166214169641
0.4148275122634846, 0.4600166214169641
0.4148275122634846, 0.4600166214169641
0.4148275122634846, 0.4600166214169641
0.4148275122634846, 0.4600166214169641
0.4148275122634846, 0.4600166214169641
0.4148275122634846, 0.4600166214169641
0.4148275122634846, 0.4600166214169641
0.538421986535869, 0.22089252622761124
0.538421986535869, 0.22089252622761124
0.538421986535869, 0.22089252622761124
0.538421986535869, 0.22089252622761124
0.538421986535869, 0.22089252622761124
0.538421986535869, 0.22089252622761124
0.538421986535869, 0.22089252622761124
0.538421986535869, 0.22089252622761124
0.538421986535869, 0.22089252622761124
0.538421986535869, 0.22089252622761124
0.4315570067303698, 0.5260584439049418
0.4315570067303698, 0.5260584439049418
0.4315570067303698, 0.5260584439049418
0.4315570067303698, 0.5260584439049418
0.4315570067303698, 0.5260584439049418
0.4315570067303698, 0.5260584439049418
0.4315570067303698, 0.5260584439049418
0.4315570067303698, 0.5260584439049418
0.4315570067303698, 0.5260584439049418
0.4315570067303698, 0.5260584439049418
0.21746526474597805, 0.34701405498986115
0.21746526474597805, 0.34701405498986115
0.21746526474597805, 0.34701405498986115
0.21746526474597805, 0.34701405498986115
0.21746526474597805, 0.34701405498986115
0.21746526474597805, 0.34701405498986115
0.21746526474597805, 0.34701405498986115
0.21746526474597805, 0.34701405498986115
0.21746526474597805, 0.34701405498986115
0.21746526474597805, 0.34701405498986115
0.3074081595110755, 0.5729020118266902
0.3074081595110755, 0.5729020118266902
0.3074081595110755, 0.5729020118266902
0.3074081595110755, 0.5729020118266902
0.3074081595110755, 0.5729020118266902
0.3074081595110755, 0.5729020118266902
0.3074081595110755, 0.5729020118266902
0.3074081595110755, 0.5729020118266902
0.3074081595110755, 0.5729020118266902
0.3074081595110755, 0.5729020118266902
0.9752534391571341, 0.9078413779719093
0.9752534391571341, 0.9078413779719093
0.9752534391571341, 0.9078413779719093
0.9752534391571341, 0.9078413779719093
0.9752534391571341, 0.9078413779719093
0.9752534391571341, 0.9078413779719093
0.9752534391571341, 0.9078413779719093
0.9752534391571341, 0.9078413779719093
0.9752534391571341, 0.9078413779719093
0.9752534391571341, 0.9078413779719093
0.12366286714717345, 0.7360812632888858
0.12366286714717345, 0.7360812632888858
0.12366286714717345, 0.7360812632888858
0.12366286714717345, 0.7360812632888858
0.12366286714717345, 0.7360812632888858
0.12366286714717345, 0.7360812632888858
0.12366286714717345, 0.7360812632888858
0.12366286714717345, 0.7360812632888858
0.12366286714717345, 0.7360812632888858
0.12366286714717345, 0.7360812632888858
