1e-05
0.5852593846793486, 0.5146379435323986
0.5852593846793486, 0.5146379435323986
0.5852593846793486, 0.5146379435323986
0.5852593846793486, 0.5146379435323986
0.5852593846793486, 0.5146379435323986
0.5852593846793486, 0.5146379435323986
0.5852593846793486, 0.5146379435323986
0.5852593846793486, 0.5146379435323986
0.5852593846793486, 0.5146379435323986
0.5852593846793486, 0.5146379435323986
0.39409590498349356, 0.3705251792561358
0.39409590498349356, 0.3705251792561358
0.39409590498349356, 0.3705251792561358
0.39409590498349356, 0.3705251792561358
0.39409590498349356, 0.3705251792561358
0.39409590498349356, 0.3705251792561358
0.39409590498349356, 0.3705251792561358
0.39409590498349356, 0.3705251792561358
0.39409590498349356, 0.3705251792561358
0.39409590498349356, 0.3705251792561358
0.7982721251600543, 0.19673623804007734
0.7982721251600543, 0.19673623804007734
0.7982721251600543, 0.19673623804007734
0.7982721251600543, 0.19673623804007734
0.7982721251600543, 0.19673623804007734
0.7982721251600543, 0.19673623804007734
0.7982721251600543, 0.19673623804007734
0.7982721251600543, 0.19673623804007734
0.7982721251600543, 0.19673623804007734
0.7982721251600543, 0.19673623804007734
0.05034459514867118, 0.6431459320971922
0.05034459514867118, 0.6431459320971922
0.05034459514867118, 0.6431459320971922
0.05034459514867118, 0.6431459320971922
0.05034459514867118, 0.6431459320971922
0.05034459514867118, 0.6431459320971922
0.05034459514867118, 0.6431459320971922
0.05034459514867118, 0.6431459320971922
0.05034459514867118, 0.6431459320971922
0.05034459514867118, 0.6431459320971922
0.36247015360032175, 0.16144227775758158
0.36247015360032175, 0.16144227775758158
0.36247015360032175, 0.16144227775758158
0.36247015360032175, 0.16144227775758158
0.36247015360032175, 0.16144227775758158
0.36247015360032175, 0.16144227775758158
0.36247015360032175, 0.16144227775758158
0.36247015360032175, 0.16144227775758158
0.36247015360032175, 0.16144227775758158
0.36247015360032175, 0.16144227775758158
0.8856224270769445, 0.273145221460254
0.8856224270769445, 0.273145221460254
0.8856224270769445, 0.273145221460254
0.8856224270769445, 0.273145221460254
0.8856224270769445, 0.273145221460254
0.8856224270769445, 0.273145221460254
0.8856224270769445, 0.273145221460254
0.8856224270769445, 0.273145221460254
0.8856224270769445, 0.273145221460254
0.8856224270769445, 0.273145221460254
0.9962669770236486, 0.9412590868122426
0.9962669770236486, 0.9412590868122426
0.9962669770236486, 0.9412590868122426
0.9962669770236486, 0.9412590868122426
0.9962669770236486, 0.9412590868122426
0.9962669770236486, 0.9412590868122426
0.9962669770236486, 0.9412590868122426
0.9962669770236486, 0.9412590868122426
0.9962669770236486, 0.9412590868122426
0.9962669770236486, 0.9412590868122426
0.6447309482137373, 0.012682778072119927
0.6447309482137373, 0.012682778072119927
0.6447309482137373, 0.012682778072119927
0.6447309482137373, 0.012682778072119927
0.6447309482137373, 0.012682778072119927
0.6447309482137373, 0.012682778072119927
0.6447309482137373, 0.012682778072119927
0.6447309482137373, 0.012682778072119927
0.6447309482137373, 0.012682778072119927
0.6447309482137373, 0.012682778072119927
0.8202336432124646, 0.1642981547746648
0.8202336432124646, 0.1642981547746648
0.8202336432124646, 0.1642981547746648
0.8202336432124646, 0.1642981547746648
0.8202336432124646, 0.1642981547746648
0.8202336432124646, 0.1642981547746648
0.8202336432124646, 0.1642981547746648
0.8202336432124646, 0.1642981547746648
0.8202336432124646, 0.1642981547746648
0.8202336432124646, 0.1642981547746648
0.9876493777335638, 0.764582155127969
0.9876493777335638, 0.764582155127969
0.9876493777335638, 0.764582155127969
0.9876493777335638, 0.764582155127969
0.9876493777335638, 0.764582155127969
0.9876493777335638, 0.764582155127969
0.9876493777335638, 0.764582155127969
0.9876493777335638, 0.764582155127969
0.9876493777335638, 0.764582155127969
0.9876493777335638, 0.764582155127969
