1e-05
0.4457859777618651, 0.5923888637690549
0.4457859777618651, 0.5923888637690549
0.4457859777618651, 0.5923888637690549
0.4457859777618651, 0.5923888637690549
0.4457859777618651, 0.5923888637690549
0.4457859777618651, 0.5923888637690549
0.4457859777618651, 0.5923888637690549
0.4457859777618651, 0.5923888637690549
0.4457859777618651, 0.5923888637690549
0.4457859777618651, 0.5923888637690549
0.5583342884005552, 0.1626682011989432
0.5583342884005552, 0.1626682011989432
0.5583342884005552, 0.1626682011989432
0.5583342884005552, 0.1626682011989432
0.5583342884005552, 0.1626682011989432
0.5583342884005552, 0.1626682011989432
0.5583342884005552, 0.1626682011989432
0.5583342884005552, 0.1626682011989432
0.5583342884005552, 0.1626682011989432
0.5583342884005552, 0.1626682011989432
0.4948985887029752, 0.17734508753453027
0.4948985887029752, 0.17734508753453027
0.4948985887029752, 0.17734508753453027
0.4948985887029752, 0.17734508753453027
0.4948985887029752, 0.17734508753453027
0.4948985887029752, 0.17734508753453027
0.4948985887029752, 0.17734508753453027
0.4948985887029752, 0.17734508753453027
0.4948985887029752, 0.17734508753453027
0.4948985887029752, 0.17734508753453027
0.5649557304866901, 0.05569381182580324
0.5649557304866901, 0.05569381182580324
0.5649557304866901, 0.05569381182580324
0.5649557304866901, 0.05569381182580324
0.5649557304866901, 0.05569381182580324
0.5649557304866901, 0.05569381182580324
0.5649557304866901, 0.05569381182580324
0.5649557304866901, 0.05569381182580324
0.5649557304866901, 0.05569381182580324
0.5649557304866901, 0.05569381182580324
0.6197466847000807, 0.8822968660239194
0.6197466847000807, 0.8822968660239194
0.6197466847000807, 0.8822968660239194
0.6197466847000807, 0.8822968660239194
0.6197466847000807, 0.8822968660239194
0.6197466847000807, 0.8822968660239194
0.6197466847000807, 0.8822968660239194
0.6197466847000807, 0.8822968660239194
0.6197466847000807, 0.8822968660239194
0.6197466847000807, 0.8822968660239194
0.06836899592134738, 0.7760581443628242
0.06836899592134738, 0.7760581443628242
0.06836899592134738, 0.7760581443628242
0.06836899592134738, 0.7760581443628242
0.06836899592134738, 0.7760581443628242
0.06836899592134738, 0.7760581443628242
0.06836899592134738, 0.7760581443628242
0.06836899592134738, 0.7760581443628242
0.06836899592134738, 0.7760581443628242
0.06836899592134738, 0.7760581443628242
0.8486006274280113, 0.2752047947574061
0.8486006274280113, 0.2752047947574061
0.8486006274280113, 0.2752047947574061
0.8486006274280113, 0.2752047947574061
0.8486006274280113, 0.2752047947574061
0.8486006274280113, 0.2752047947574061
0.8486006274280113, 0.2752047947574061
0.8486006274280113, 0.2752047947574061
0.8486006274280113, 0.2752047947574061
0.8486006274280113, 0.2752047947574061
0.36211179846365715, 0.6907077688987807
0.36211179846365715, 0.6907077688987807
0.36211179846365715, 0.6907077688987807
0.36211179846365715, 0.6907077688987807
0.36211179846365715, 0.6907077688987807
0.36211179846365715, 0.6907077688987807
0.36211179846365715, 0.6907077688987807
0.36211179846365715, 0.6907077688987807
0.36211179846365715, 0.6907077688987807
0.36211179846365715, 0.6907077688987807
0.8434812289279568, 0.5982856659516204
0.8434812289279568, 0.5982856659516204
0.8434812289279568, 0.5982856659516204
0.8434812289279568, 0.5982856659516204
0.8434812289279568, 0.5982856659516204
0.8434812289279568, 0.5982856659516204
0.8434812289279568, 0.5982856659516204
0.8434812289279568, 0.5982856659516204
0.8434812289279568, 0.5982856659516204
0.8434812289279568, 0.5982856659516204
0.6281278350700725, 0.7031371393987906
0.6281278350700725, 0.7031371393987906
0.6281278350700725, 0.7031371393987906
0.6281278350700725, 0.7031371393987906
0.6281278350700725, 0.7031371393987906
0.6281278350700725, 0.7031371393987906
0.6281278350700725, 0.7031371393987906
0.6281278350700725, 0.7031371393987906
0.6281278350700725, 0.7031371393987906
0.6281278350700725, 0.7031371393987906
