1e-05
0.6193910071812002, 0.40448786637130363
0.6193910071812002, 0.40448786637130363
0.6193910071812002, 0.40448786637130363
0.6193910071812002, 0.40448786637130363
0.6193910071812002, 0.40448786637130363
0.6193910071812002, 0.40448786637130363
0.6193910071812002, 0.40448786637130363
0.6193910071812002, 0.40448786637130363
0.6193910071812002, 0.40448786637130363
0.6193910071812002, 0.40448786637130363
0.6520523380439001, 0.6860361796936061
0.6520523380439001, 0.6860361796936061
0.6520523380439001, 0.6860361796936061
0.6520523380439001, 0.6860361796936061
0.6520523380439001, 0.6860361796936061
0.6520523380439001, 0.6860361796936061
0.6520523380439001, 0.6860361796936061
0.6520523380439001, 0.6860361796936061
0.6520523380439001, 0.6860361796936061
0.6520523380439001, 0.6860361796936061
0.22054659786089925, 0.645529090855422
0.22054659786089925, 0.645529090855422
0.22054659786089925, 0.645529090855422
0.22054659786089925, 0.645529090855422
0.22054659786089925, 0.645529090855422
0.22054659786089925, 0.645529090855422
0.22054659786089925, 0.645529090855422
0.22054659786089925, 0.645529090855422
0.22054659786089925, 0.645529090855422
0.22054659786089925, 0.645529090855422
0.987687432856214, 0.4932700739792506
0.987687432856214, 0.4932700739792506
0.987687432856214, 0.4932700739792506
0.987687432856214, 0.4932700739792506
0.987687432856214, 0.4932700739792506
0.987687432856214, 0.4932700739792506
0.987687432856214, 0.4932700739792506
0.987687432856214, 0.4932700739792506
0.987687432856214, 0.4932700739792506
0.987687432856214, 0.4932700739792506
0.04902771012071794, 0.3005831480741905
0.04902771012071794, 0.3005831480741905
0.04902771012071794, 0.3005831480741905
0.04902771012071794, 0.3005831480741905
0.04902771012071794, 0.3005831480741905
0.04902771012071794, 0.3005831480741905
0.04902771012071794, 0.3005831480741905
0.04902771012071794, 0.3005831480741905
0.04902771012071794, 0.3005831480741905
0.04902771012071794, 0.3005831480741905
0.8979394607466216, 0.03744046954381297
0.8979394607466216, 0.03744046954381297
0.8979394607466216, 0.03744046954381297
0.8979394607466216, 0.03744046954381297
0.8979394607466216, 0.03744046954381297
0.8979394607466216, 0.03744046954381297
0.8979394607466216, 0.03744046954381297
0.8979394607466216, 0.03744046954381297
0.8979394607466216, 0.03744046954381297
0.8979394607466216, 0.03744046954381297
0.6755883858389385, 0.6425046825292953
0.6755883858389385, 0.6425046825292953
0.6755883858389385, 0.6425046825292953
0.6755883858389385, 0.6425046825292953
0.6755883858389385, 0.6425046825292953
0.6755883858389385, 0.6425046825292953
0.6755883858389385, 0.6425046825292953
0.6755883858389385, 0.6425046825292953
0.6755883858389385, 0.6425046825292953
0.6755883858389385, 0.6425046825292953
0.6377548740117505, 0.5373412613587251
0.6377548740117505, 0.5373412613587251
0.6377548740117505, 0.5373412613587251
0.6377548740117505, 0.5373412613587251
0.6377548740117505, 0.5373412613587251
0.6377548740117505, 0.5373412613587251
0.6377548740117505, 0.5373412613587251
0.6377548740117505, 0.5373412613587251
0.6377548740117505, 0.5373412613587251
0.6377548740117505, 0.5373412613587251
0.8122839584069714, 0.9309095960788616
0.8122839584069714, 0.9309095960788616
0.8122839584069714, 0.9309095960788616
0.8122839584069714, 0.9309095960788616
0.8122839584069714, 0.9309095960788616
0.8122839584069714, 0.9309095960788616
0.8122839584069714, 0.9309095960788616
0.8122839584069714, 0.9309095960788616
0.8122839584069714, 0.9309095960788616
0.8122839584069714, 0.9309095960788616
0.5982221594513811, 0.5868370460754972
0.5982221594513811, 0.5868370460754972
0.5982221594513811, 0.5868370460754972
0.5982221594513811, 0.5868370460754972
0.5982221594513811, 0.5868370460754972
0.5982221594513811, 0.5868370460754972
0.5982221594513811, 0.5868370460754972
0.5982221594513811, 0.5868370460754972
0.5982221594513811, 0.5868370460754972
0.5982221594513811, 0.5868370460754972
