1e-05
0.7343464780225155, 0.4161120701842236
0.7343464780225155, 0.4161120701842236
0.7343464780225155, 0.4161120701842236
0.7343464780225155, 0.4161120701842236
0.7343464780225155, 0.4161120701842236
0.7343464780225155, 0.4161120701842236
0.7343464780225155, 0.4161120701842236
0.7343464780225155, 0.4161120701842236
0.7343464780225155, 0.4161120701842236
0.7343464780225155, 0.4161120701842236
0.6341418470004895, 0.5920630670629469
0.6341418470004895, 0.5920630670629469
0.6341418470004895, 0.5920630670629469
0.6341418470004895, 0.5920630670629469
0.6341418470004895, 0.5920630670629469
0.6341418470004895, 0.5920630670629469
0.6341418470004895, 0.5920630670629469
0.6341418470004895, 0.5920630670629469
0.6341418470004895, 0.5920630670629469
0.6341418470004895, 0.5920630670629469
0.7391087003562594, 0.06002019671244052
0.7391087003562594, 0.06002019671244052
0.7391087003562594, 0.06002019671244052
0.7391087003562594, 0.06002019671244052
0.7391087003562594, 0.06002019671244052
0.7391087003562594, 0.06002019671244052
0.7391087003562594, 0.06002019671244052
0.7391087003562594, 0.06002019671244052
0.7391087003562594, 0.06002019671244052
0.7391087003562594, 0.06002019671244052
0.7848607485429365, 0.589966523030014
0.7848607485429365, 0.589966523030014
0.7848607485429365, 0.589966523030014
0.7848607485429365, 0.589966523030014
0.7848607485429365, 0.589966523030014
0.7848607485429365, 0.589966523030014
0.7848607485429365, 0.589966523030014
0.7848607485429365, 0.589966523030014
0.7848607485429365, 0.589966523030014
0.7848607485429365, 0.589966523030014
0.3689636572278425, 0.5631350057156954
0.3689636572278425, 0.5631350057156954
0.3689636572278425, 0.5631350057156954
0.3689636572278425, 0.5631350057156954
0.3689636572278425, 0.5631350057156954
0.3689636572278425, 0.5631350057156954
0.3689636572278425, 0.5631350057156954
0.3689636572278425, 0.5631350057156954
0.3689636572278425, 0.5631350057156954
0.3689636572278425, 0.5631350057156954
0.12222804351796213, 0.27509863524909384
0.12222804351796213, 0.27509863524909384
0.12222804351796213, 0.27509863524909384
0.12222804351796213, 0.27509863524909384
0.12222804351796213, 0.27509863524909384
0.12222804351796213, 0.27509863524909384
0.12222804351796213, 0.27509863524909384
0.12222804351796213, 0.27509863524909384
0.12222804351796213, 0.27509863524909384
0.12222804351796213, 0.27509863524909384
0.06114323597222382, 0.5844174358297289
0.06114323597222382, 0.5844174358297289
0.06114323597222382, 0.5844174358297289
0.06114323597222382, 0.5844174358297289
0.06114323597222382, 0.5844174358297289
0.06114323597222382, 0.5844174358297289
0.06114323597222382, 0.5844174358297289
0.06114323597222382, 0.5844174358297289
0.06114323597222382, 0.5844174358297289
0.06114323597222382, 0.5844174358297289
0.8260630769343318, 0.19330458167591957
0.8260630769343318, 0.19330458167591957
0.8260630769343318, 0.19330458167591957
0.8260630769343318, 0.19330458167591957
0.8260630769343318, 0.19330458167591957
0.8260630769343318, 0.19330458167591957
0.8260630769343318, 0.19330458167591957
0.8260630769343318, 0.19330458167591957
0.8260630769343318, 0.19330458167591957
0.8260630769343318, 0.19330458167591957
0.6905297187731193, 0.6658761370234406
0.6905297187731193, 0.6658761370234406
0.6905297187731193, 0.6658761370234406
0.6905297187731193, 0.6658761370234406
0.6905297187731193, 0.6658761370234406
0.6905297187731193, 0.6658761370234406
0.6905297187731193, 0.6658761370234406
0.6905297187731193, 0.6658761370234406
0.6905297187731193, 0.6658761370234406
0.6905297187731193, 0.6658761370234406
0.1475046769291919, 0.06911838181586338
0.1475046769291919, 0.06911838181586338
0.1475046769291919, 0.06911838181586338
0.1475046769291919, 0.06911838181586338
0.1475046769291919, 0.06911838181586338
0.1475046769291919, 0.06911838181586338
0.1475046769291919, 0.06911838181586338
0.1475046769291919, 0.06911838181586338
0.1475046769291919, 0.06911838181586338
0.1475046769291919, 0.06911838181586338
