1e-05
0.8743437286365365, 0.3674349060619536
0.8743437286365365, 0.3674349060619536
0.8743437286365365, 0.3674349060619536
0.8743437286365365, 0.3674349060619536
0.8743437286365365, 0.3674349060619536
0.8743437286365365, 0.3674349060619536
0.8743437286365365, 0.3674349060619536
0.8743437286365365, 0.3674349060619536
0.8743437286365365, 0.3674349060619536
0.8743437286365365, 0.3674349060619536
0.8670491326658244, 0.5602727687316957
0.8670491326658244, 0.5602727687316957
0.8670491326658244, 0.5602727687316957
0.8670491326658244, 0.5602727687316957
0.8670491326658244, 0.5602727687316957
0.8670491326658244, 0.5602727687316957
0.8670491326658244, 0.5602727687316957
0.8670491326658244, 0.5602727687316957
0.8670491326658244, 0.5602727687316957
0.8670491326658244, 0.5602727687316957
0.07686242597391468, 0.25327969893898705
0.07686242597391468, 0.25327969893898705
0.07686242597391468, 0.25327969893898705
0.07686242597391468, 0.25327969893898705
0.07686242597391468, 0.25327969893898705
0.07686242597391468, 0.25327969893898705
0.07686242597391468, 0.25327969893898705
0.07686242597391468, 0.25327969893898705
0.07686242597391468, 0.25327969893898705
0.07686242597391468, 0.25327969893898705
0.08830850587707506, 0.6860529605132363
0.08830850587707506, 0.6860529605132363
0.08830850587707506, 0.6860529605132363
0.08830850587707506, 0.6860529605132363
0.08830850587707506, 0.6860529605132363
0.08830850587707506, 0.6860529605132363
0.08830850587707506, 0.6860529605132363
0.08830850587707506, 0.6860529605132363
0.08830850587707506, 0.6860529605132363
0.08830850587707506, 0.6860529605132363
0.5470966489003202, 0.8006152861157931
0.5470966489003202, 0.8006152861157931
0.5470966489003202, 0.8006152861157931
0.5470966489003202, 0.8006152861157931
0.5470966489003202, 0.8006152861157931
0.5470966489003202, 0.8006152861157931
0.5470966489003202, 0.8006152861157931
0.5470966489003202, 0.8006152861157931
0.5470966489003202, 0.8006152861157931
0.5470966489003202, 0.8006152861157931
0.3011810755471458, 0.9399519655603739
0.3011810755471458, 0.9399519655603739
0.3011810755471458, 0.9399519655603739
0.3011810755471458, 0.9399519655603739
0.3011810755471458, 0.9399519655603739
0.3011810755471458, 0.9399519655603739
0.3011810755471458, 0.9399519655603739
0.3011810755471458, 0.9399519655603739
0.3011810755471458, 0.9399519655603739
0.3011810755471458, 0.9399519655603739
0.3724553822767659, 0.6779436715120188
0.3724553822767659, 0.6779436715120188
0.3724553822767659, 0.6779436715120188
0.3724553822767659, 0.6779436715120188
0.3724553822767659, 0.6779436715120188
0.3724553822767659, 0.6779436715120188
0.3724553822767659, 0.6779436715120188
0.3724553822767659, 0.6779436715120188
0.3724553822767659, 0.6779436715120188
0.3724553822767659, 0.6779436715120188
0.9715546533404233, 0.28318918433653617
0.9715546533404233, 0.28318918433653617
0.9715546533404233, 0.28318918433653617
0.9715546533404233, 0.28318918433653617
0.9715546533404233, 0.28318918433653617
0.9715546533404233, 0.28318918433653617
0.9715546533404233, 0.28318918433653617
0.9715546533404233, 0.28318918433653617
0.9715546533404233, 0.28318918433653617
0.9715546533404233, 0.28318918433653617
0.10877841656474951, 0.07299544059201135
0.10877841656474951, 0.07299544059201135
0.10877841656474951, 0.07299544059201135
0.10877841656474951, 0.07299544059201135
0.10877841656474951, 0.07299544059201135
0.10877841656474951, 0.07299544059201135
0.10877841656474951, 0.07299544059201135
0.10877841656474951, 0.07299544059201135
0.10877841656474951, 0.07299544059201135
0.10877841656474951, 0.07299544059201135
0.3247056754933705, 0.008544814262617995
0.3247056754933705, 0.008544814262617995
0.3247056754933705, 0.008544814262617995
0.3247056754933705, 0.008544814262617995
0.3247056754933705, 0.008544814262617995
0.3247056754933705, 0.008544814262617995
0.3247056754933705, 0.008544814262617995
0.3247056754933705, 0.008544814262617995
0.3247056754933705, 0.008544814262617995
0.3247056754933705, 0.008544814262617995
