1e-05
0.3948699253130591, 0.35012332758981324
0.3948699253130591, 0.35012332758981324
0.3948699253130591, 0.35012332758981324
0.3948699253130591, 0.35012332758981324
0.3948699253130591, 0.35012332758981324
0.3948699253130591, 0.35012332758981324
0.3948699253130591, 0.35012332758981324
0.3948699253130591, 0.35012332758981324
0.3948699253130591, 0.35012332758981324
0.3948699253130591, 0.35012332758981324
0.2484096529215858, 0.8856231071345703
0.2484096529215858, 0.8856231071345703
0.2484096529215858, 0.8856231071345703
0.2484096529215858, 0.8856231071345703
0.2484096529215858, 0.8856231071345703
0.2484096529215858, 0.8856231071345703
0.2484096529215858, 0.8856231071345703
0.2484096529215858, 0.8856231071345703
0.2484096529215858, 0.8856231071345703
0.2484096529215858, 0.8856231071345703
0.23868802911696207, 0.5749039075215094
0.23868802911696207, 0.5749039075215094
0.23868802911696207, 0.5749039075215094
0.23868802911696207, 0.5749039075215094
0.23868802911696207, 0.5749039075215094
0.23868802911696207, 0.5749039075215094
0.23868802911696207, 0.5749039075215094
0.23868802911696207, 0.5749039075215094
0.23868802911696207, 0.5749039075215094
0.23868802911696207, 0.5749039075215094
0.43373283693586506, 0.27869092251934124
0.43373283693586506, 0.27869092251934124
0.43373283693586506, 0.27869092251934124
0.43373283693586506, 0.27869092251934124
0.43373283693586506, 0.27869092251934124
0.43373283693586506, 0.27869092251934124
0.43373283693586506, 0.27869092251934124
0.43373283693586506, 0.27869092251934124
0.43373283693586506, 0.27869092251934124
0.43373283693586506, 0.27869092251934124
0.7434623565643343, 0.4146781184436782
0.7434623565643343, 0.4146781184436782
0.7434623565643343, 0.4146781184436782
0.7434623565643343, 0.4146781184436782
0.7434623565643343, 0.4146781184436782
0.7434623565643343, 0.4146781184436782
0.7434623565643343, 0.4146781184436782
0.7434623565643343, 0.4146781184436782
0.7434623565643343, 0.4146781184436782
0.7434623565643343, 0.4146781184436782
0.9571088972291235, 0.26715426623288063
0.9571088972291235, 0.26715426623288063
0.9571088972291235, 0.26715426623288063
0.9571088972291235, 0.26715426623288063
0.9571088972291235, 0.26715426623288063
0.9571088972291235, 0.26715426623288063
0.9571088972291235, 0.26715426623288063
0.9571088972291235, 0.26715426623288063
0.9571088972291235, 0.26715426623288063
0.9571088972291235, 0.26715426623288063
0.6770994786416397, 0.7299377823120411
0.6770994786416397, 0.7299377823120411
0.6770994786416397, 0.7299377823120411
0.6770994786416397, 0.7299377823120411
0.6770994786416397, 0.7299377823120411
0.6770994786416397, 0.7299377823120411
0.6770994786416397, 0.7299377823120411
0.6770994786416397, 0.7299377823120411
0.6770994786416397, 0.7299377823120411
0.6770994786416397, 0.7299377823120411
0.8784279564311096, 0.3593169468850508
0.8784279564311096, 0.3593169468850508
0.8784279564311096, 0.3593169468850508
0.8784279564311096, 0.3593169468850508
0.8784279564311096, 0.3593169468850508
0.8784279564311096, 0.3593169468850508
0.8784279564311096, 0.3593169468850508
0.8784279564311096, 0.3593169468850508
0.8784279564311096, 0.3593169468850508
0.8784279564311096, 0.3593169468850508
0.06778236788700209, 0.7117070917415241
0.06778236788700209, 0.7117070917415241
0.06778236788700209, 0.7117070917415241
0.06778236788700209, 0.7117070917415241
0.06778236788700209, 0.7117070917415241
0.06778236788700209, 0.7117070917415241
0.06778236788700209, 0.7117070917415241
0.06778236788700209, 0.7117070917415241
0.06778236788700209, 0.7117070917415241
0.06778236788700209, 0.7117070917415241
0.8927084621784438, 0.5828429358375217
0.8927084621784438, 0.5828429358375217
0.8927084621784438, 0.5828429358375217
0.8927084621784438, 0.5828429358375217
0.8927084621784438, 0.5828429358375217
0.8927084621784438, 0.5828429358375217
0.8927084621784438, 0.5828429358375217
0.8927084621784438, 0.5828429358375217
0.8927084621784438, 0.5828429358375217
0.8927084621784438, 0.5828429358375217
