1e-05
0.9463699350987148, 0.4580608628709204
0.9463699350987148, 0.4580608628709204
0.9463699350987148, 0.4580608628709204
0.9463699350987148, 0.4580608628709204
0.9463699350987148, 0.4580608628709204
0.9463699350987148, 0.4580608628709204
0.9463699350987148, 0.4580608628709204
0.9463699350987148, 0.4580608628709204
0.9463699350987148, 0.4580608628709204
0.9463699350987148, 0.4580608628709204
0.12090493710867933, 0.6618109541284029
0.12090493710867933, 0.6618109541284029
0.12090493710867933, 0.6618109541284029
0.12090493710867933, 0.6618109541284029
0.12090493710867933, 0.6618109541284029
0.12090493710867933, 0.6618109541284029
0.12090493710867933, 0.6618109541284029
0.12090493710867933, 0.6618109541284029
0.12090493710867933, 0.6618109541284029
0.12090493710867933, 0.6618109541284029
0.9588064076144003, 0.9714550665447403
0.9588064076144003, 0.9714550665447403
0.9588064076144003, 0.9714550665447403
0.9588064076144003, 0.9714550665447403
0.9588064076144003, 0.9714550665447403
0.9588064076144003, 0.9714550665447403
0.9588064076144003, 0.9714550665447403
0.9588064076144003, 0.9714550665447403
0.9588064076144003, 0.9714550665447403
0.9588064076144003, 0.9714550665447403
0.4664520096008353, 0.34447981419923135
0.4664520096008353, 0.34447981419923135
0.4664520096008353, 0.34447981419923135
0.4664520096008353, 0.34447981419923135
0.4664520096008353, 0.34447981419923135
0.4664520096008353, 0.34447981419923135
0.4664520096008353, 0.34447981419923135
0.4664520096008353, 0.34447981419923135
0.4664520096008353, 0.34447981419923135
0.4664520096008353, 0.34447981419923135
0.23979363299446133, 0.7289528573499592
0.23979363299446133, 0.7289528573499592
0.23979363299446133, 0.7289528573499592
0.23979363299446133, 0.7289528573499592
0.23979363299446133, 0.7289528573499592
0.23979363299446133, 0.7289528573499592
0.23979363299446133, 0.7289528573499592
0.23979363299446133, 0.7289528573499592
0.23979363299446133, 0.7289528573499592
0.23979363299446133, 0.7289528573499592
0.4536930764784505, 0.10555228208735468
0.4536930764784505, 0.10555228208735468
0.4536930764784505, 0.10555228208735468
0.4536930764784505, 0.10555228208735468
0.4536930764784505, 0.10555228208735468
0.4536930764784505, 0.10555228208735468
0.4536930764784505, 0.10555228208735468
0.4536930764784505, 0.10555228208735468
0.4536930764784505, 0.10555228208735468
0.4536930764784505, 0.10555228208735468
0.6139368746556998, 0.125916442450427
0.6139368746556998, 0.125916442450427
0.6139368746556998, 0.125916442450427
0.6139368746556998, 0.125916442450427
0.6139368746556998, 0.125916442450427
0.6139368746556998, 0.125916442450427
0.6139368746556998, 0.125916442450427
0.6139368746556998, 0.125916442450427
0.6139368746556998, 0.125916442450427
0.6139368746556998, 0.125916442450427
0.9485918076243602, 0.6841267571315661
0.9485918076243602, 0.6841267571315661
0.9485918076243602, 0.6841267571315661
0.9485918076243602, 0.6841267571315661
0.9485918076243602, 0.6841267571315661
0.9485918076243602, 0.6841267571315661
0.9485918076243602, 0.6841267571315661
0.9485918076243602, 0.6841267571315661
0.9485918076243602, 0.6841267571315661
0.9485918076243602, 0.6841267571315661
0.8550192869117115, 0.8795742160646889
0.8550192869117115, 0.8795742160646889
0.8550192869117115, 0.8795742160646889
0.8550192869117115, 0.8795742160646889
0.8550192869117115, 0.8795742160646889
0.8550192869117115, 0.8795742160646889
0.8550192869117115, 0.8795742160646889
0.8550192869117115, 0.8795742160646889
0.8550192869117115, 0.8795742160646889
0.8550192869117115, 0.8795742160646889
0.27596871738457684, 0.6694857458449546
0.27596871738457684, 0.6694857458449546
0.27596871738457684, 0.6694857458449546
0.27596871738457684, 0.6694857458449546
0.27596871738457684, 0.6694857458449546
0.27596871738457684, 0.6694857458449546
0.27596871738457684, 0.6694857458449546
0.27596871738457684, 0.6694857458449546
0.27596871738457684, 0.6694857458449546
0.27596871738457684, 0.6694857458449546
