1e-05
0.8603262384599115, 0.8709657925422848
0.8603262384599115, 0.8709657925422848
0.8603262384599115, 0.8709657925422848
0.8603262384599115, 0.8709657925422848
0.8603262384599115, 0.8709657925422848
0.8603262384599115, 0.8709657925422848
0.8603262384599115, 0.8709657925422848
0.8603262384599115, 0.8709657925422848
0.8603262384599115, 0.8709657925422848
0.8603262384599115, 0.8709657925422848
0.20777011890616048, 0.46175503045006283
0.20777011890616048, 0.46175503045006283
0.20777011890616048, 0.46175503045006283
0.20777011890616048, 0.46175503045006283
0.20777011890616048, 0.46175503045006283
0.20777011890616048, 0.46175503045006283
0.20777011890616048, 0.46175503045006283
0.20777011890616048, 0.46175503045006283
0.20777011890616048, 0.46175503045006283
0.20777011890616048, 0.46175503045006283
0.6547045551059906, 0.7085362675615325
0.6547045551059906, 0.7085362675615325
0.6547045551059906, 0.7085362675615325
0.6547045551059906, 0.7085362675615325
0.6547045551059906, 0.7085362675615325
0.6547045551059906, 0.7085362675615325
0.6547045551059906, 0.7085362675615325
0.6547045551059906, 0.7085362675615325
0.6547045551059906, 0.7085362675615325
0.6547045551059906, 0.7085362675615325
0.8338136874519393, 0.7577021994633489
0.8338136874519393, 0.7577021994633489
0.8338136874519393, 0.7577021994633489
0.8338136874519393, 0.7577021994633489
0.8338136874519393, 0.7577021994633489
0.8338136874519393, 0.7577021994633489
0.8338136874519393, 0.7577021994633489
0.8338136874519393, 0.7577021994633489
0.8338136874519393, 0.7577021994633489
0.8338136874519393, 0.7577021994633489
0.55353118342325, 0.5665579024823718
0.55353118342325, 0.5665579024823718
0.55353118342325, 0.5665579024823718
0.55353118342325, 0.5665579024823718
0.55353118342325, 0.5665579024823718
0.55353118342325, 0.5665579024823718
0.55353118342325, 0.5665579024823718
0.55353118342325, 0.5665579024823718
0.55353118342325, 0.5665579024823718
0.55353118342325, 0.5665579024823718
0.029239150345360287, 0.8098318972012959
0.029239150345360287, 0.8098318972012959
0.029239150345360287, 0.8098318972012959
0.029239150345360287, 0.8098318972012959
0.029239150345360287, 0.8098318972012959
0.029239150345360287, 0.8098318972012959
0.029239150345360287, 0.8098318972012959
0.029239150345360287, 0.8098318972012959
0.029239150345360287, 0.8098318972012959
0.029239150345360287, 0.8098318972012959
0.8953329934251412, 0.8940526003211944
0.8953329934251412, 0.8940526003211944
0.8953329934251412, 0.8940526003211944
0.8953329934251412, 0.8940526003211944
0.8953329934251412, 0.8940526003211944
0.8953329934251412, 0.8940526003211944
0.8953329934251412, 0.8940526003211944
0.8953329934251412, 0.8940526003211944
0.8953329934251412, 0.8940526003211944
0.8953329934251412, 0.8940526003211944
0.6603976190920265, 0.5076041057477907
0.6603976190920265, 0.5076041057477907
0.6603976190920265, 0.5076041057477907
0.6603976190920265, 0.5076041057477907
0.6603976190920265, 0.5076041057477907
0.6603976190920265, 0.5076041057477907
0.6603976190920265, 0.5076041057477907
0.6603976190920265, 0.5076041057477907
0.6603976190920265, 0.5076041057477907
0.6603976190920265, 0.5076041057477907
0.15007485985726066, 0.24949282327743205
0.15007485985726066, 0.24949282327743205
0.15007485985726066, 0.24949282327743205
0.15007485985726066, 0.24949282327743205
0.15007485985726066, 0.24949282327743205
0.15007485985726066, 0.24949282327743205
0.15007485985726066, 0.24949282327743205
0.15007485985726066, 0.24949282327743205
0.15007485985726066, 0.24949282327743205
0.15007485985726066, 0.24949282327743205
0.2647263825531778, 0.9248484306913206
0.2647263825531778, 0.9248484306913206
0.2647263825531778, 0.9248484306913206
0.2647263825531778, 0.9248484306913206
0.2647263825531778, 0.9248484306913206
0.2647263825531778, 0.9248484306913206
0.2647263825531778, 0.9248484306913206
0.2647263825531778, 0.9248484306913206
0.2647263825531778, 0.9248484306913206
0.2647263825531778, 0.9248484306913206
