1e-05
0.3500634101081368, 0.07870998772225324
0.3500634101081368, 0.07870998772225324
0.3500634101081368, 0.07870998772225324
0.3500634101081368, 0.07870998772225324
0.3500634101081368, 0.07870998772225324
0.3500634101081368, 0.07870998772225324
0.3500634101081368, 0.07870998772225324
0.3500634101081368, 0.07870998772225324
0.3500634101081368, 0.07870998772225324
0.3500634101081368, 0.07870998772225324
0.6062802405736226, 0.9130038031413404
0.6062802405736226, 0.9130038031413404
0.6062802405736226, 0.9130038031413404
0.6062802405736226, 0.9130038031413404
0.6062802405736226, 0.9130038031413404
0.6062802405736226, 0.9130038031413404
0.6062802405736226, 0.9130038031413404
0.6062802405736226, 0.9130038031413404
0.6062802405736226, 0.9130038031413404
0.6062802405736226, 0.9130038031413404
0.6861091808290027, 0.3521961825810658
0.6861091808290027, 0.3521961825810658
0.6861091808290027, 0.3521961825810658
0.6861091808290027, 0.3521961825810658
0.6861091808290027, 0.3521961825810658
0.6861091808290027, 0.3521961825810658
0.6861091808290027, 0.3521961825810658
0.6861091808290027, 0.3521961825810658
0.6861091808290027, 0.3521961825810658
0.6861091808290027, 0.3521961825810658
0.5781903250587163, 0.8039104331155952
0.5781903250587163, 0.8039104331155952
0.5781903250587163, 0.8039104331155952
0.5781903250587163, 0.8039104331155952
0.5781903250587163, 0.8039104331155952
0.5781903250587163, 0.8039104331155952
0.5781903250587163, 0.8039104331155952
0.5781903250587163, 0.8039104331155952
0.5781903250587163, 0.8039104331155952
0.5781903250587163, 0.8039104331155952
0.06505742693310246, 0.21298796506909878
0.06505742693310246, 0.21298796506909878
0.06505742693310246, 0.21298796506909878
0.06505742693310246, 0.21298796506909878
0.06505742693310246, 0.21298796506909878
0.06505742693310246, 0.21298796506909878
0.06505742693310246, 0.21298796506909878
0.06505742693310246, 0.21298796506909878
0.06505742693310246, 0.21298796506909878
0.06505742693310246, 0.21298796506909878
0.579438061226402, 0.2868064254518756
0.579438061226402, 0.2868064254518756
0.579438061226402, 0.2868064254518756
0.579438061226402, 0.2868064254518756
0.579438061226402, 0.2868064254518756
0.579438061226402, 0.2868064254518756
0.579438061226402, 0.2868064254518756
0.579438061226402, 0.2868064254518756
0.579438061226402, 0.2868064254518756
0.579438061226402, 0.2868064254518756
0.10757383839798551, 0.7426039718326884
0.10757383839798551, 0.7426039718326884
0.10757383839798551, 0.7426039718326884
0.10757383839798551, 0.7426039718326884
0.10757383839798551, 0.7426039718326884
0.10757383839798551, 0.7426039718326884
0.10757383839798551, 0.7426039718326884
0.10757383839798551, 0.7426039718326884
0.10757383839798551, 0.7426039718326884
0.10757383839798551, 0.7426039718326884
0.3412006821961502, 0.8816934808790082
0.3412006821961502, 0.8816934808790082
0.3412006821961502, 0.8816934808790082
0.3412006821961502, 0.8816934808790082
0.3412006821961502, 0.8816934808790082
0.3412006821961502, 0.8816934808790082
0.3412006821961502, 0.8816934808790082
0.3412006821961502, 0.8816934808790082
0.3412006821961502, 0.8816934808790082
0.3412006821961502, 0.8816934808790082
0.3775356406240534, 0.434547186974207
0.3775356406240534, 0.434547186974207
0.3775356406240534, 0.434547186974207
0.3775356406240534, 0.434547186974207
0.3775356406240534, 0.434547186974207
0.3775356406240534, 0.434547186974207
0.3775356406240534, 0.434547186974207
0.3775356406240534, 0.434547186974207
0.3775356406240534, 0.434547186974207
0.3775356406240534, 0.434547186974207
0.31038561038841683, 0.9816421661246821
0.31038561038841683, 0.9816421661246821
0.31038561038841683, 0.9816421661246821
0.31038561038841683, 0.9816421661246821
0.31038561038841683, 0.9816421661246821
0.31038561038841683, 0.9816421661246821
0.31038561038841683, 0.9816421661246821
0.31038561038841683, 0.9816421661246821
0.31038561038841683, 0.9816421661246821
0.31038561038841683, 0.9816421661246821
