1e-05
0.9652122859381097, 0.9484842732918424
0.9652122859381097, 0.9484842732918424
0.9652122859381097, 0.9484842732918424
0.9652122859381097, 0.9484842732918424
0.9652122859381097, 0.9484842732918424
0.9652122859381097, 0.9484842732918424
0.9652122859381097, 0.9484842732918424
0.9652122859381097, 0.9484842732918424
0.9652122859381097, 0.9484842732918424
0.9652122859381097, 0.9484842732918424
0.2655230096328959, 0.18060765802534817
0.2655230096328959, 0.18060765802534817
0.2655230096328959, 0.18060765802534817
0.2655230096328959, 0.18060765802534817
0.2655230096328959, 0.18060765802534817
0.2655230096328959, 0.18060765802534817
0.2655230096328959, 0.18060765802534817
0.2655230096328959, 0.18060765802534817
0.2655230096328959, 0.18060765802534817
0.2655230096328959, 0.18060765802534817
0.34442011558134156, 0.8418737757040914
0.34442011558134156, 0.8418737757040914
0.34442011558134156, 0.8418737757040914
0.34442011558134156, 0.8418737757040914
0.34442011558134156, 0.8418737757040914
0.34442011558134156, 0.8418737757040914
0.34442011558134156, 0.8418737757040914
0.34442011558134156, 0.8418737757040914
0.34442011558134156, 0.8418737757040914
0.34442011558134156, 0.8418737757040914
0.5770712760784716, 0.7506328287984487
0.5770712760784716, 0.7506328287984487
0.5770712760784716, 0.7506328287984487
0.5770712760784716, 0.7506328287984487
0.5770712760784716, 0.7506328287984487
0.5770712760784716, 0.7506328287984487
0.5770712760784716, 0.7506328287984487
0.5770712760784716, 0.7506328287984487
0.5770712760784716, 0.7506328287984487
0.5770712760784716, 0.7506328287984487
0.1741238340329092, 0.12400833149950652
0.1741238340329092, 0.12400833149950652
0.1741238340329092, 0.12400833149950652
0.1741238340329092, 0.12400833149950652
0.1741238340329092, 0.12400833149950652
0.1741238340329092, 0.12400833149950652
0.1741238340329092, 0.12400833149950652
0.1741238340329092, 0.12400833149950652
0.1741238340329092, 0.12400833149950652
0.1741238340329092, 0.12400833149950652
0.798646240983958, 0.8054089572808877
0.798646240983958, 0.8054089572808877
0.798646240983958, 0.8054089572808877
0.798646240983958, 0.8054089572808877
0.798646240983958, 0.8054089572808877
0.798646240983958, 0.8054089572808877
0.798646240983958, 0.8054089572808877
0.798646240983958, 0.8054089572808877
0.798646240983958, 0.8054089572808877
0.798646240983958, 0.8054089572808877
0.01184967259087022, 0.8989869558267829
0.01184967259087022, 0.8989869558267829
0.01184967259087022, 0.8989869558267829
0.01184967259087022, 0.8989869558267829
0.01184967259087022, 0.8989869558267829
0.01184967259087022, 0.8989869558267829
0.01184967259087022, 0.8989869558267829
0.01184967259087022, 0.8989869558267829
0.01184967259087022, 0.8989869558267829
0.01184967259087022, 0.8989869558267829
0.026920458634913658, 0.032936307099861506
0.026920458634913658, 0.032936307099861506
0.026920458634913658, 0.032936307099861506
0.026920458634913658, 0.032936307099861506
0.026920458634913658, 0.032936307099861506
0.026920458634913658, 0.032936307099861506
0.026920458634913658, 0.032936307099861506
0.026920458634913658, 0.032936307099861506
0.026920458634913658, 0.032936307099861506
0.026920458634913658, 0.032936307099861506
0.4412557814579914, 0.011335494531345969
0.4412557814579914, 0.011335494531345969
0.4412557814579914, 0.011335494531345969
0.4412557814579914, 0.011335494531345969
0.4412557814579914, 0.011335494531345969
0.4412557814579914, 0.011335494531345969
0.4412557814579914, 0.011335494531345969
0.4412557814579914, 0.011335494531345969
0.4412557814579914, 0.011335494531345969
0.4412557814579914, 0.011335494531345969
0.04971081312936809, 0.2726728673608778
0.04971081312936809, 0.2726728673608778
0.04971081312936809, 0.2726728673608778
0.04971081312936809, 0.2726728673608778
0.04971081312936809, 0.2726728673608778
0.04971081312936809, 0.2726728673608778
0.04971081312936809, 0.2726728673608778
0.04971081312936809, 0.2726728673608778
0.04971081312936809, 0.2726728673608778
0.04971081312936809, 0.2726728673608778
