1e-05
0.41370408574563655, 0.39361651196185077
0.41370408574563655, 0.39361651196185077
0.41370408574563655, 0.39361651196185077
0.41370408574563655, 0.39361651196185077
0.41370408574563655, 0.39361651196185077
0.41370408574563655, 0.39361651196185077
0.41370408574563655, 0.39361651196185077
0.41370408574563655, 0.39361651196185077
0.41370408574563655, 0.39361651196185077
0.41370408574563655, 0.39361651196185077
0.4644700778583659, 0.06557302984205071
0.4644700778583659, 0.06557302984205071
0.4644700778583659, 0.06557302984205071
0.4644700778583659, 0.06557302984205071
0.4644700778583659, 0.06557302984205071
0.4644700778583659, 0.06557302984205071
0.4644700778583659, 0.06557302984205071
0.4644700778583659, 0.06557302984205071
0.4644700778583659, 0.06557302984205071
0.4644700778583659, 0.06557302984205071
0.7159766431966111, 0.948040237451271
0.7159766431966111, 0.948040237451271
0.7159766431966111, 0.948040237451271
0.7159766431966111, 0.948040237451271
0.7159766431966111, 0.948040237451271
0.7159766431966111, 0.948040237451271
0.7159766431966111, 0.948040237451271
0.7159766431966111, 0.948040237451271
0.7159766431966111, 0.948040237451271
0.7159766431966111, 0.948040237451271
0.327500285659707, 0.781626015292862
0.327500285659707, 0.781626015292862
0.327500285659707, 0.781626015292862
0.327500285659707, 0.781626015292862
0.327500285659707, 0.781626015292862
0.327500285659707, 0.781626015292862
0.327500285659707, 0.781626015292862
0.327500285659707, 0.781626015292862
0.327500285659707, 0.781626015292862
0.327500285659707, 0.781626015292862
0.9481338505106703, 0.6598872424614077
0.9481338505106703, 0.6598872424614077
0.9481338505106703, 0.6598872424614077
0.9481338505106703, 0.6598872424614077
0.9481338505106703, 0.6598872424614077
0.9481338505106703, 0.6598872424614077
0.9481338505106703, 0.6598872424614077
0.9481338505106703, 0.6598872424614077
0.9481338505106703, 0.6598872424614077
0.9481338505106703, 0.6598872424614077
0.83826279518974, 0.4031440640431764
0.83826279518974, 0.4031440640431764
0.83826279518974, 0.4031440640431764
0.83826279518974, 0.4031440640431764
0.83826279518974, 0.4031440640431764
0.83826279518974, 0.4031440640431764
0.83826279518974, 0.4031440640431764
0.83826279518974, 0.4031440640431764
0.83826279518974, 0.4031440640431764
0.83826279518974, 0.4031440640431764
0.32444936094572063, 0.6104357391264306
0.32444936094572063, 0.6104357391264306
0.32444936094572063, 0.6104357391264306
0.32444936094572063, 0.6104357391264306
0.32444936094572063, 0.6104357391264306
0.32444936094572063, 0.6104357391264306
0.32444936094572063, 0.6104357391264306
0.32444936094572063, 0.6104357391264306
0.32444936094572063, 0.6104357391264306
0.32444936094572063, 0.6104357391264306
0.7750223700065012, 0.6663884160504274
0.7750223700065012, 0.6663884160504274
0.7750223700065012, 0.6663884160504274
0.7750223700065012, 0.6663884160504274
0.7750223700065012, 0.6663884160504274
0.7750223700065012, 0.6663884160504274
0.7750223700065012, 0.6663884160504274
0.7750223700065012, 0.6663884160504274
0.7750223700065012, 0.6663884160504274
0.7750223700065012, 0.6663884160504274
0.4658292450439988, 0.5024173806043879
0.4658292450439988, 0.5024173806043879
0.4658292450439988, 0.5024173806043879
0.4658292450439988, 0.5024173806043879
0.4658292450439988, 0.5024173806043879
0.4658292450439988, 0.5024173806043879
0.4658292450439988, 0.5024173806043879
0.4658292450439988, 0.5024173806043879
0.4658292450439988, 0.5024173806043879
0.4658292450439988, 0.5024173806043879
0.5060829790496111, 0.7729983475748748
0.5060829790496111, 0.7729983475748748
0.5060829790496111, 0.7729983475748748
0.5060829790496111, 0.7729983475748748
0.5060829790496111, 0.7729983475748748
0.5060829790496111, 0.7729983475748748
0.5060829790496111, 0.7729983475748748
0.5060829790496111, 0.7729983475748748
0.5060829790496111, 0.7729983475748748
0.5060829790496111, 0.7729983475748748
