1e-05
0.31375721976031434, 0.6344081206415688
0.31375721976031434, 0.6344081206415688
0.31375721976031434, 0.6344081206415688
0.31375721976031434, 0.6344081206415688
0.31375721976031434, 0.6344081206415688
0.31375721976031434, 0.6344081206415688
0.31375721976031434, 0.6344081206415688
0.31375721976031434, 0.6344081206415688
0.31375721976031434, 0.6344081206415688
0.31375721976031434, 0.6344081206415688
0.14615037575189083, 0.24167999291094655
0.14615037575189083, 0.24167999291094655
0.14615037575189083, 0.24167999291094655
0.14615037575189083, 0.24167999291094655
0.14615037575189083, 0.24167999291094655
0.14615037575189083, 0.24167999291094655
0.14615037575189083, 0.24167999291094655
0.14615037575189083, 0.24167999291094655
0.14615037575189083, 0.24167999291094655
0.14615037575189083, 0.24167999291094655
0.9825989639148559, 0.08681242565810765
0.9825989639148559, 0.08681242565810765
0.9825989639148559, 0.08681242565810765
0.9825989639148559, 0.08681242565810765
0.9825989639148559, 0.08681242565810765
0.9825989639148559, 0.08681242565810765
0.9825989639148559, 0.08681242565810765
0.9825989639148559, 0.08681242565810765
0.9825989639148559, 0.08681242565810765
0.9825989639148559, 0.08681242565810765
0.3739318742517276, 0.69097135571861
0.3739318742517276, 0.69097135571861
0.3739318742517276, 0.69097135571861
0.3739318742517276, 0.69097135571861
0.3739318742517276, 0.69097135571861
0.3739318742517276, 0.69097135571861
0.3739318742517276, 0.69097135571861
0.3739318742517276, 0.69097135571861
0.3739318742517276, 0.69097135571861
0.3739318742517276, 0.69097135571861
0.09169291109223376, 0.9130682841953278
0.09169291109223376, 0.9130682841953278
0.09169291109223376, 0.9130682841953278
0.09169291109223376, 0.9130682841953278
0.09169291109223376, 0.9130682841953278
0.09169291109223376, 0.9130682841953278
0.09169291109223376, 0.9130682841953278
0.09169291109223376, 0.9130682841953278
0.09169291109223376, 0.9130682841953278
0.09169291109223376, 0.9130682841953278
0.9646090248690337, 0.3296082903561478
0.9646090248690337, 0.3296082903561478
0.9646090248690337, 0.3296082903561478
0.9646090248690337, 0.3296082903561478
0.9646090248690337, 0.3296082903561478
0.9646090248690337, 0.3296082903561478
0.9646090248690337, 0.3296082903561478
0.9646090248690337, 0.3296082903561478
0.9646090248690337, 0.3296082903561478
0.9646090248690337, 0.3296082903561478
0.6711580703073711, 0.9993502524447366
0.6711580703073711, 0.9993502524447366
0.6711580703073711, 0.9993502524447366
0.6711580703073711, 0.9993502524447366
0.6711580703073711, 0.9993502524447366
0.6711580703073711, 0.9993502524447366
0.6711580703073711, 0.9993502524447366
0.6711580703073711, 0.9993502524447366
0.6711580703073711, 0.9993502524447366
0.6711580703073711, 0.9993502524447366
0.10347284953253555, 0.3186730844632456
0.10347284953253555, 0.3186730844632456
0.10347284953253555, 0.3186730844632456
0.10347284953253555, 0.3186730844632456
0.10347284953253555, 0.3186730844632456
0.10347284953253555, 0.3186730844632456
0.10347284953253555, 0.3186730844632456
0.10347284953253555, 0.3186730844632456
0.10347284953253555, 0.3186730844632456
0.10347284953253555, 0.3186730844632456
0.8968543230350482, 0.6188088089231182
0.8968543230350482, 0.6188088089231182
0.8968543230350482, 0.6188088089231182
0.8968543230350482, 0.6188088089231182
0.8968543230350482, 0.6188088089231182
0.8968543230350482, 0.6188088089231182
0.8968543230350482, 0.6188088089231182
0.8968543230350482, 0.6188088089231182
0.8968543230350482, 0.6188088089231182
0.8968543230350482, 0.6188088089231182
0.9272297087266538, 0.5689952593504365
0.9272297087266538, 0.5689952593504365
0.9272297087266538, 0.5689952593504365
0.9272297087266538, 0.5689952593504365
0.9272297087266538, 0.5689952593504365
0.9272297087266538, 0.5689952593504365
0.9272297087266538, 0.5689952593504365
0.9272297087266538, 0.5689952593504365
0.9272297087266538, 0.5689952593504365
0.9272297087266538, 0.5689952593504365
