1e-05
0.2730180303306615, 0.3479786168510651
0.2730180303306615, 0.3479786168510651
0.2730180303306615, 0.3479786168510651
0.2730180303306615, 0.3479786168510651
0.2730180303306615, 0.3479786168510651
0.2730180303306615, 0.3479786168510651
0.2730180303306615, 0.3479786168510651
0.2730180303306615, 0.3479786168510651
0.2730180303306615, 0.3479786168510651
0.2730180303306615, 0.3479786168510651
0.846094462044433, 0.41262366686793595
0.846094462044433, 0.41262366686793595
0.846094462044433, 0.41262366686793595
0.846094462044433, 0.41262366686793595
0.846094462044433, 0.41262366686793595
0.846094462044433, 0.41262366686793595
0.846094462044433, 0.41262366686793595
0.846094462044433, 0.41262366686793595
0.846094462044433, 0.41262366686793595
0.846094462044433, 0.41262366686793595
0.30814593169778914, 0.5198110435375698
0.30814593169778914, 0.5198110435375698
0.30814593169778914, 0.5198110435375698
0.30814593169778914, 0.5198110435375698
0.30814593169778914, 0.5198110435375698
0.30814593169778914, 0.5198110435375698
0.30814593169778914, 0.5198110435375698
0.30814593169778914, 0.5198110435375698
0.30814593169778914, 0.5198110435375698
0.30814593169778914, 0.5198110435375698
0.994042212382, 0.2642245241893435
0.994042212382, 0.2642245241893435
0.994042212382, 0.2642245241893435
0.994042212382, 0.2642245241893435
0.994042212382, 0.2642245241893435
0.994042212382, 0.2642245241893435
0.994042212382, 0.2642245241893435
0.994042212382, 0.2642245241893435
0.994042212382, 0.2642245241893435
0.994042212382, 0.2642245241893435
0.21134604236049692, 0.14293887484200896
0.21134604236049692, 0.14293887484200896
0.21134604236049692, 0.14293887484200896
0.21134604236049692, 0.14293887484200896
0.21134604236049692, 0.14293887484200896
0.21134604236049692, 0.14293887484200896
0.21134604236049692, 0.14293887484200896
0.21134604236049692, 0.14293887484200896
0.21134604236049692, 0.14293887484200896
0.21134604236049692, 0.14293887484200896
0.9697979334056201, 0.08592551578392627
0.9697979334056201, 0.08592551578392627
0.9697979334056201, 0.08592551578392627
0.9697979334056201, 0.08592551578392627
0.9697979334056201, 0.08592551578392627
0.9697979334056201, 0.08592551578392627
0.9697979334056201, 0.08592551578392627
0.9697979334056201, 0.08592551578392627
0.9697979334056201, 0.08592551578392627
0.9697979334056201, 0.08592551578392627
0.10394717469547787, 0.4249591682467426
0.10394717469547787, 0.4249591682467426
0.10394717469547787, 0.4249591682467426
0.10394717469547787, 0.4249591682467426
0.10394717469547787, 0.4249591682467426
0.10394717469547787, 0.4249591682467426
0.10394717469547787, 0.4249591682467426
0.10394717469547787, 0.4249591682467426
0.10394717469547787, 0.4249591682467426
0.10394717469547787, 0.4249591682467426
0.26513517110752227, 0.7520828582786727
0.26513517110752227, 0.7520828582786727
0.26513517110752227, 0.7520828582786727
0.26513517110752227, 0.7520828582786727
0.26513517110752227, 0.7520828582786727
0.26513517110752227, 0.7520828582786727
0.26513517110752227, 0.7520828582786727
0.26513517110752227, 0.7520828582786727
0.26513517110752227, 0.7520828582786727
0.26513517110752227, 0.7520828582786727
0.9313064873976459, 0.09650777981654701
0.9313064873976459, 0.09650777981654701
0.9313064873976459, 0.09650777981654701
0.9313064873976459, 0.09650777981654701
0.9313064873976459, 0.09650777981654701
0.9313064873976459, 0.09650777981654701
0.9313064873976459, 0.09650777981654701
0.9313064873976459, 0.09650777981654701
0.9313064873976459, 0.09650777981654701
0.9313064873976459, 0.09650777981654701
0.030683306073326366, 0.9993515636749807
0.030683306073326366, 0.9993515636749807
0.030683306073326366, 0.9993515636749807
0.030683306073326366, 0.9993515636749807
0.030683306073326366, 0.9993515636749807
0.030683306073326366, 0.9993515636749807
0.030683306073326366, 0.9993515636749807
0.030683306073326366, 0.9993515636749807
0.030683306073326366, 0.9993515636749807
0.030683306073326366, 0.9993515636749807
