1e-05
0.34536526991159067, 0.5128472761435396
0.34536526991159067, 0.5128472761435396
0.34536526991159067, 0.5128472761435396
0.34536526991159067, 0.5128472761435396
0.34536526991159067, 0.5128472761435396
0.34536526991159067, 0.5128472761435396
0.34536526991159067, 0.5128472761435396
0.34536526991159067, 0.5128472761435396
0.34536526991159067, 0.5128472761435396
0.34536526991159067, 0.5128472761435396
0.9255822495243953, 0.1823871013036179
0.9255822495243953, 0.1823871013036179
0.9255822495243953, 0.1823871013036179
0.9255822495243953, 0.1823871013036179
0.9255822495243953, 0.1823871013036179
0.9255822495243953, 0.1823871013036179
0.9255822495243953, 0.1823871013036179
0.9255822495243953, 0.1823871013036179
0.9255822495243953, 0.1823871013036179
0.9255822495243953, 0.1823871013036179
0.6478603080419584, 0.9194823589792519
0.6478603080419584, 0.9194823589792519
0.6478603080419584, 0.9194823589792519
0.6478603080419584, 0.9194823589792519
0.6478603080419584, 0.9194823589792519
0.6478603080419584, 0.9194823589792519
0.6478603080419584, 0.9194823589792519
0.6478603080419584, 0.9194823589792519
0.6478603080419584, 0.9194823589792519
0.6478603080419584, 0.9194823589792519
0.8937025991695312, 0.5479447592373999
0.8937025991695312, 0.5479447592373999
0.8937025991695312, 0.5479447592373999
0.8937025991695312, 0.5479447592373999
0.8937025991695312, 0.5479447592373999
0.8937025991695312, 0.5479447592373999
0.8937025991695312, 0.5479447592373999
0.8937025991695312, 0.5479447592373999
0.8937025991695312, 0.5479447592373999
0.8937025991695312, 0.5479447592373999
0.666169317380418, 0.9594477833232665
0.666169317380418, 0.9594477833232665
0.666169317380418, 0.9594477833232665
0.666169317380418, 0.9594477833232665
0.666169317380418, 0.9594477833232665
0.666169317380418, 0.9594477833232665
0.666169317380418, 0.9594477833232665
0.666169317380418, 0.9594477833232665
0.666169317380418, 0.9594477833232665
0.666169317380418, 0.9594477833232665
0.971936095047547, 0.5580921518992946
0.971936095047547, 0.5580921518992946
0.971936095047547, 0.5580921518992946
0.971936095047547, 0.5580921518992946
0.971936095047547, 0.5580921518992946
0.971936095047547, 0.5580921518992946
0.971936095047547, 0.5580921518992946
0.971936095047547, 0.5580921518992946
0.971936095047547, 0.5580921518992946
0.971936095047547, 0.5580921518992946
0.4219108599424969, 0.6268108609262454
0.4219108599424969, 0.6268108609262454
0.4219108599424969, 0.6268108609262454
0.4219108599424969, 0.6268108609262454
0.4219108599424969, 0.6268108609262454
0.4219108599424969, 0.6268108609262454
0.4219108599424969, 0.6268108609262454
0.4219108599424969, 0.6268108609262454
0.4219108599424969, 0.6268108609262454
0.4219108599424969, 0.6268108609262454
0.1899539155137081, 0.6863082898706944
0.1899539155137081, 0.6863082898706944
0.1899539155137081, 0.6863082898706944
0.1899539155137081, 0.6863082898706944
0.1899539155137081, 0.6863082898706944
0.1899539155137081, 0.6863082898706944
0.1899539155137081, 0.6863082898706944
0.1899539155137081, 0.6863082898706944
0.1899539155137081, 0.6863082898706944
0.1899539155137081, 0.6863082898706944
0.07312481232597123, 0.5881928571939395
0.07312481232597123, 0.5881928571939395
0.07312481232597123, 0.5881928571939395
0.07312481232597123, 0.5881928571939395
0.07312481232597123, 0.5881928571939395
0.07312481232597123, 0.5881928571939395
0.07312481232597123, 0.5881928571939395
0.07312481232597123, 0.5881928571939395
0.07312481232597123, 0.5881928571939395
0.07312481232597123, 0.5881928571939395
0.27726759875182916, 0.5196252397528212
0.27726759875182916, 0.5196252397528212
0.27726759875182916, 0.5196252397528212
0.27726759875182916, 0.5196252397528212
0.27726759875182916, 0.5196252397528212
0.27726759875182916, 0.5196252397528212
0.27726759875182916, 0.5196252397528212
0.27726759875182916, 0.5196252397528212
0.27726759875182916, 0.5196252397528212
0.27726759875182916, 0.5196252397528212
