1e-05
0.285542108688998, 0.33858498571474505
0.285542108688998, 0.33858498571474505
0.285542108688998, 0.33858498571474505
0.285542108688998, 0.33858498571474505
0.285542108688998, 0.33858498571474505
0.285542108688998, 0.33858498571474505
0.285542108688998, 0.33858498571474505
0.285542108688998, 0.33858498571474505
0.285542108688998, 0.33858498571474505
0.285542108688998, 0.33858498571474505
0.18200504967757902, 0.8459347899352191
0.18200504967757902, 0.8459347899352191
0.18200504967757902, 0.8459347899352191
0.18200504967757902, 0.8459347899352191
0.18200504967757902, 0.8459347899352191
0.18200504967757902, 0.8459347899352191
0.18200504967757902, 0.8459347899352191
0.18200504967757902, 0.8459347899352191
0.18200504967757902, 0.8459347899352191
0.18200504967757902, 0.8459347899352191
0.591829723672672, 0.9728544504728698
0.591829723672672, 0.9728544504728698
0.591829723672672, 0.9728544504728698
0.591829723672672, 0.9728544504728698
0.591829723672672, 0.9728544504728698
0.591829723672672, 0.9728544504728698
0.591829723672672, 0.9728544504728698
0.591829723672672, 0.9728544504728698
0.591829723672672, 0.9728544504728698
0.591829723672672, 0.9728544504728698
0.23788798074588768, 0.13276294607557193
0.23788798074588768, 0.13276294607557193
0.23788798074588768, 0.13276294607557193
0.23788798074588768, 0.13276294607557193
0.23788798074588768, 0.13276294607557193
0.23788798074588768, 0.13276294607557193
0.23788798074588768, 0.13276294607557193
0.23788798074588768, 0.13276294607557193
0.23788798074588768, 0.13276294607557193
0.23788798074588768, 0.13276294607557193
0.4325629049793901, 0.9386150900574942
0.4325629049793901, 0.9386150900574942
0.4325629049793901, 0.9386150900574942
0.4325629049793901, 0.9386150900574942
0.4325629049793901, 0.9386150900574942
0.4325629049793901, 0.9386150900574942
0.4325629049793901, 0.9386150900574942
0.4325629049793901, 0.9386150900574942
0.4325629049793901, 0.9386150900574942
0.4325629049793901, 0.9386150900574942
0.3672171982346072, 0.14865802094665714
0.3672171982346072, 0.14865802094665714
0.3672171982346072, 0.14865802094665714
0.3672171982346072, 0.14865802094665714
0.3672171982346072, 0.14865802094665714
0.3672171982346072, 0.14865802094665714
0.3672171982346072, 0.14865802094665714
0.3672171982346072, 0.14865802094665714
0.3672171982346072, 0.14865802094665714
0.3672171982346072, 0.14865802094665714
0.3631086731254157, 0.9861645850093211
0.3631086731254157, 0.9861645850093211
0.3631086731254157, 0.9861645850093211
0.3631086731254157, 0.9861645850093211
0.3631086731254157, 0.9861645850093211
0.3631086731254157, 0.9861645850093211
0.3631086731254157, 0.9861645850093211
0.3631086731254157, 0.9861645850093211
0.3631086731254157, 0.9861645850093211
0.3631086731254157, 0.9861645850093211
0.21656018555995582, 0.2971291742361809
0.21656018555995582, 0.2971291742361809
0.21656018555995582, 0.2971291742361809
0.21656018555995582, 0.2971291742361809
0.21656018555995582, 0.2971291742361809
0.21656018555995582, 0.2971291742361809
0.21656018555995582, 0.2971291742361809
0.21656018555995582, 0.2971291742361809
0.21656018555995582, 0.2971291742361809
0.21656018555995582, 0.2971291742361809
0.521833368648881, 0.5747657282280874
0.521833368648881, 0.5747657282280874
0.521833368648881, 0.5747657282280874
0.521833368648881, 0.5747657282280874
0.521833368648881, 0.5747657282280874
0.521833368648881, 0.5747657282280874
0.521833368648881, 0.5747657282280874
0.521833368648881, 0.5747657282280874
0.521833368648881, 0.5747657282280874
0.521833368648881, 0.5747657282280874
0.30643223499480465, 0.055686160577418375
0.30643223499480465, 0.055686160577418375
0.30643223499480465, 0.055686160577418375
0.30643223499480465, 0.055686160577418375
0.30643223499480465, 0.055686160577418375
0.30643223499480465, 0.055686160577418375
0.30643223499480465, 0.055686160577418375
0.30643223499480465, 0.055686160577418375
0.30643223499480465, 0.055686160577418375
0.30643223499480465, 0.055686160577418375
