1e-05
0.37897745111024694, 0.43468575966543255
0.37897745111024694, 0.43468575966543255
0.37897745111024694, 0.43468575966543255
0.37897745111024694, 0.43468575966543255
0.37897745111024694, 0.43468575966543255
0.37897745111024694, 0.43468575966543255
0.37897745111024694, 0.43468575966543255
0.37897745111024694, 0.43468575966543255
0.37897745111024694, 0.43468575966543255
0.37897745111024694, 0.43468575966543255
0.3436043265365807, 0.048437213609684227
0.3436043265365807, 0.048437213609684227
0.3436043265365807, 0.048437213609684227
0.3436043265365807, 0.048437213609684227
0.3436043265365807, 0.048437213609684227
0.3436043265365807, 0.048437213609684227
0.3436043265365807, 0.048437213609684227
0.3436043265365807, 0.048437213609684227
0.3436043265365807, 0.048437213609684227
0.3436043265365807, 0.048437213609684227
0.1259831176245102, 0.9915005051294146
0.1259831176245102, 0.9915005051294146
0.1259831176245102, 0.9915005051294146
0.1259831176245102, 0.9915005051294146
0.1259831176245102, 0.9915005051294146
0.1259831176245102, 0.9915005051294146
0.1259831176245102, 0.9915005051294146
0.1259831176245102, 0.9915005051294146
0.1259831176245102, 0.9915005051294146
0.1259831176245102, 0.9915005051294146
0.16479729911447016, 0.6366641903838026
0.16479729911447016, 0.6366641903838026
0.16479729911447016, 0.6366641903838026
0.16479729911447016, 0.6366641903838026
0.16479729911447016, 0.6366641903838026
0.16479729911447016, 0.6366641903838026
0.16479729911447016, 0.6366641903838026
0.16479729911447016, 0.6366641903838026
0.16479729911447016, 0.6366641903838026
0.16479729911447016, 0.6366641903838026
0.31056879586671904, 0.6312865135412337
0.31056879586671904, 0.6312865135412337
0.31056879586671904, 0.6312865135412337
0.31056879586671904, 0.6312865135412337
0.31056879586671904, 0.6312865135412337
0.31056879586671904, 0.6312865135412337
0.31056879586671904, 0.6312865135412337
0.31056879586671904, 0.6312865135412337
0.31056879586671904, 0.6312865135412337
0.31056879586671904, 0.6312865135412337
0.8243207838660299, 0.44966510871080667
0.8243207838660299, 0.44966510871080667
0.8243207838660299, 0.44966510871080667
0.8243207838660299, 0.44966510871080667
0.8243207838660299, 0.44966510871080667
0.8243207838660299, 0.44966510871080667
0.8243207838660299, 0.44966510871080667
0.8243207838660299, 0.44966510871080667
0.8243207838660299, 0.44966510871080667
0.8243207838660299, 0.44966510871080667
0.8535879901736066, 0.6574267814240173
0.8535879901736066, 0.6574267814240173
0.8535879901736066, 0.6574267814240173
0.8535879901736066, 0.6574267814240173
0.8535879901736066, 0.6574267814240173
0.8535879901736066, 0.6574267814240173
0.8535879901736066, 0.6574267814240173
0.8535879901736066, 0.6574267814240173
0.8535879901736066, 0.6574267814240173
0.8535879901736066, 0.6574267814240173
0.3042847896299259, 0.6314904156748086
0.3042847896299259, 0.6314904156748086
0.3042847896299259, 0.6314904156748086
0.3042847896299259, 0.6314904156748086
0.3042847896299259, 0.6314904156748086
0.3042847896299259, 0.6314904156748086
0.3042847896299259, 0.6314904156748086
0.3042847896299259, 0.6314904156748086
0.3042847896299259, 0.6314904156748086
0.3042847896299259, 0.6314904156748086
0.8015758467400026, 0.235550540315546
0.8015758467400026, 0.235550540315546
0.8015758467400026, 0.235550540315546
0.8015758467400026, 0.235550540315546
0.8015758467400026, 0.235550540315546
0.8015758467400026, 0.235550540315546
0.8015758467400026, 0.235550540315546
0.8015758467400026, 0.235550540315546
0.8015758467400026, 0.235550540315546
0.8015758467400026, 0.235550540315546
0.5086470880741726, 0.3814480654677481
0.5086470880741726, 0.3814480654677481
0.5086470880741726, 0.3814480654677481
0.5086470880741726, 0.3814480654677481
0.5086470880741726, 0.3814480654677481
0.5086470880741726, 0.3814480654677481
0.5086470880741726, 0.3814480654677481
0.5086470880741726, 0.3814480654677481
0.5086470880741726, 0.3814480654677481
0.5086470880741726, 0.3814480654677481
