1e-05
0.8442902734599275, 0.08657114712117286
0.8442902734599275, 0.08657114712117286
0.8442902734599275, 0.08657114712117286
0.8442902734599275, 0.08657114712117286
0.8442902734599275, 0.08657114712117286
0.8442902734599275, 0.08657114712117286
0.8442902734599275, 0.08657114712117286
0.8442902734599275, 0.08657114712117286
0.8442902734599275, 0.08657114712117286
0.8442902734599275, 0.08657114712117286
0.16753106855044142, 0.5529759905366677
0.16753106855044142, 0.5529759905366677
0.16753106855044142, 0.5529759905366677
0.16753106855044142, 0.5529759905366677
0.16753106855044142, 0.5529759905366677
0.16753106855044142, 0.5529759905366677
0.16753106855044142, 0.5529759905366677
0.16753106855044142, 0.5529759905366677
0.16753106855044142, 0.5529759905366677
0.16753106855044142, 0.5529759905366677
0.1074669815883138, 0.06744619294207377
0.1074669815883138, 0.06744619294207377
0.1074669815883138, 0.06744619294207377
0.1074669815883138, 0.06744619294207377
0.1074669815883138, 0.06744619294207377
0.1074669815883138, 0.06744619294207377
0.1074669815883138, 0.06744619294207377
0.1074669815883138, 0.06744619294207377
0.1074669815883138, 0.06744619294207377
0.1074669815883138, 0.06744619294207377
0.15119006781065447, 0.6460190674991898
0.15119006781065447, 0.6460190674991898
0.15119006781065447, 0.6460190674991898
0.15119006781065447, 0.6460190674991898
0.15119006781065447, 0.6460190674991898
0.15119006781065447, 0.6460190674991898
0.15119006781065447, 0.6460190674991898
0.15119006781065447, 0.6460190674991898
0.15119006781065447, 0.6460190674991898
0.15119006781065447, 0.6460190674991898
0.8127122494017085, 0.8253591144586314
0.8127122494017085, 0.8253591144586314
0.8127122494017085, 0.8253591144586314
0.8127122494017085, 0.8253591144586314
0.8127122494017085, 0.8253591144586314
0.8127122494017085, 0.8253591144586314
0.8127122494017085, 0.8253591144586314
0.8127122494017085, 0.8253591144586314
0.8127122494017085, 0.8253591144586314
0.8127122494017085, 0.8253591144586314
0.22176182158343738, 0.33356678506892923
0.22176182158343738, 0.33356678506892923
0.22176182158343738, 0.33356678506892923
0.22176182158343738, 0.33356678506892923
0.22176182158343738, 0.33356678506892923
0.22176182158343738, 0.33356678506892923
0.22176182158343738, 0.33356678506892923
0.22176182158343738, 0.33356678506892923
0.22176182158343738, 0.33356678506892923
0.22176182158343738, 0.33356678506892923
0.06001829772974743, 0.5500005835685471
0.06001829772974743, 0.5500005835685471
0.06001829772974743, 0.5500005835685471
0.06001829772974743, 0.5500005835685471
0.06001829772974743, 0.5500005835685471
0.06001829772974743, 0.5500005835685471
0.06001829772974743, 0.5500005835685471
0.06001829772974743, 0.5500005835685471
0.06001829772974743, 0.5500005835685471
0.06001829772974743, 0.5500005835685471
0.9229442313928578, 0.04554975880248324
0.9229442313928578, 0.04554975880248324
0.9229442313928578, 0.04554975880248324
0.9229442313928578, 0.04554975880248324
0.9229442313928578, 0.04554975880248324
0.9229442313928578, 0.04554975880248324
0.9229442313928578, 0.04554975880248324
0.9229442313928578, 0.04554975880248324
0.9229442313928578, 0.04554975880248324
0.9229442313928578, 0.04554975880248324
0.7697629833637657, 0.8040247998906654
0.7697629833637657, 0.8040247998906654
0.7697629833637657, 0.8040247998906654
0.7697629833637657, 0.8040247998906654
0.7697629833637657, 0.8040247998906654
0.7697629833637657, 0.8040247998906654
0.7697629833637657, 0.8040247998906654
0.7697629833637657, 0.8040247998906654
0.7697629833637657, 0.8040247998906654
0.7697629833637657, 0.8040247998906654
0.3327310081258782, 0.3183850775137823
0.3327310081258782, 0.3183850775137823
0.3327310081258782, 0.3183850775137823
0.3327310081258782, 0.3183850775137823
0.3327310081258782, 0.3183850775137823
0.3327310081258782, 0.3183850775137823
0.3327310081258782, 0.3183850775137823
0.3327310081258782, 0.3183850775137823
0.3327310081258782, 0.3183850775137823
0.3327310081258782, 0.3183850775137823
