1e-05
0.07057032660247398, 0.5581208724204837
0.07057032660247398, 0.5581208724204837
0.07057032660247398, 0.5581208724204837
0.07057032660247398, 0.5581208724204837
0.07057032660247398, 0.5581208724204837
0.07057032660247398, 0.5581208724204837
0.07057032660247398, 0.5581208724204837
0.07057032660247398, 0.5581208724204837
0.07057032660247398, 0.5581208724204837
0.07057032660247398, 0.5581208724204837
0.8832397731437768, 0.9203569552621775
0.8832397731437768, 0.9203569552621775
0.8832397731437768, 0.9203569552621775
0.8832397731437768, 0.9203569552621775
0.8832397731437768, 0.9203569552621775
0.8832397731437768, 0.9203569552621775
0.8832397731437768, 0.9203569552621775
0.8832397731437768, 0.9203569552621775
0.8832397731437768, 0.9203569552621775
0.8832397731437768, 0.9203569552621775
0.7796876260722934, 0.4560295973413576
0.7796876260722934, 0.4560295973413576
0.7796876260722934, 0.4560295973413576
0.7796876260722934, 0.4560295973413576
0.7796876260722934, 0.4560295973413576
0.7796876260722934, 0.4560295973413576
0.7796876260722934, 0.4560295973413576
0.7796876260722934, 0.4560295973413576
0.7796876260722934, 0.4560295973413576
0.7796876260722934, 0.4560295973413576
0.20345848682534495, 0.2190242337513324
0.20345848682534495, 0.2190242337513324
0.20345848682534495, 0.2190242337513324
0.20345848682534495, 0.2190242337513324
0.20345848682534495, 0.2190242337513324
0.20345848682534495, 0.2190242337513324
0.20345848682534495, 0.2190242337513324
0.20345848682534495, 0.2190242337513324
0.20345848682534495, 0.2190242337513324
0.20345848682534495, 0.2190242337513324
0.11373808045793965, 0.07539699867333904
0.11373808045793965, 0.07539699867333904
0.11373808045793965, 0.07539699867333904
0.11373808045793965, 0.07539699867333904
0.11373808045793965, 0.07539699867333904
0.11373808045793965, 0.07539699867333904
0.11373808045793965, 0.07539699867333904
0.11373808045793965, 0.07539699867333904
0.11373808045793965, 0.07539699867333904
0.11373808045793965, 0.07539699867333904
0.9587963870114107, 0.22046087194443909
0.9587963870114107, 0.22046087194443909
0.9587963870114107, 0.22046087194443909
0.9587963870114107, 0.22046087194443909
0.9587963870114107, 0.22046087194443909
0.9587963870114107, 0.22046087194443909
0.9587963870114107, 0.22046087194443909
0.9587963870114107, 0.22046087194443909
0.9587963870114107, 0.22046087194443909
0.9587963870114107, 0.22046087194443909
0.4084538098201611, 0.7440374039391517
0.4084538098201611, 0.7440374039391517
0.4084538098201611, 0.7440374039391517
0.4084538098201611, 0.7440374039391517
0.4084538098201611, 0.7440374039391517
0.4084538098201611, 0.7440374039391517
0.4084538098201611, 0.7440374039391517
0.4084538098201611, 0.7440374039391517
0.4084538098201611, 0.7440374039391517
0.4084538098201611, 0.7440374039391517
0.5981372175386371, 0.6267121632613194
0.5981372175386371, 0.6267121632613194
0.5981372175386371, 0.6267121632613194
0.5981372175386371, 0.6267121632613194
0.5981372175386371, 0.6267121632613194
0.5981372175386371, 0.6267121632613194
0.5981372175386371, 0.6267121632613194
0.5981372175386371, 0.6267121632613194
0.5981372175386371, 0.6267121632613194
0.5981372175386371, 0.6267121632613194
0.7429294837507305, 0.16822475154633543
0.7429294837507305, 0.16822475154633543
0.7429294837507305, 0.16822475154633543
0.7429294837507305, 0.16822475154633543
0.7429294837507305, 0.16822475154633543
0.7429294837507305, 0.16822475154633543
0.7429294837507305, 0.16822475154633543
0.7429294837507305, 0.16822475154633543
0.7429294837507305, 0.16822475154633543
0.7429294837507305, 0.16822475154633543
0.8878515924749601, 0.3459273086330813
0.8878515924749601, 0.3459273086330813
0.8878515924749601, 0.3459273086330813
0.8878515924749601, 0.3459273086330813
0.8878515924749601, 0.3459273086330813
0.8878515924749601, 0.3459273086330813
0.8878515924749601, 0.3459273086330813
0.8878515924749601, 0.3459273086330813
0.8878515924749601, 0.3459273086330813
0.8878515924749601, 0.3459273086330813
