1e-05
0.8017511732933041, 0.10749219310009495
0.8017511732933041, 0.10749219310009495
0.8017511732933041, 0.10749219310009495
0.8017511732933041, 0.10749219310009495
0.8017511732933041, 0.10749219310009495
0.8017511732933041, 0.10749219310009495
0.8017511732933041, 0.10749219310009495
0.8017511732933041, 0.10749219310009495
0.8017511732933041, 0.10749219310009495
0.8017511732933041, 0.10749219310009495
0.7120378693657574, 0.017816361342278486
0.7120378693657574, 0.017816361342278486
0.7120378693657574, 0.017816361342278486
0.7120378693657574, 0.017816361342278486
0.7120378693657574, 0.017816361342278486
0.7120378693657574, 0.017816361342278486
0.7120378693657574, 0.017816361342278486
0.7120378693657574, 0.017816361342278486
0.7120378693657574, 0.017816361342278486
0.7120378693657574, 0.017816361342278486
0.6930058119166652, 0.3485150421638714
0.6930058119166652, 0.3485150421638714
0.6930058119166652, 0.3485150421638714
0.6930058119166652, 0.3485150421638714
0.6930058119166652, 0.3485150421638714
0.6930058119166652, 0.3485150421638714
0.6930058119166652, 0.3485150421638714
0.6930058119166652, 0.3485150421638714
0.6930058119166652, 0.3485150421638714
0.6930058119166652, 0.3485150421638714
0.8166588530405117, 0.7187431801229271
0.8166588530405117, 0.7187431801229271
0.8166588530405117, 0.7187431801229271
0.8166588530405117, 0.7187431801229271
0.8166588530405117, 0.7187431801229271
0.8166588530405117, 0.7187431801229271
0.8166588530405117, 0.7187431801229271
0.8166588530405117, 0.7187431801229271
0.8166588530405117, 0.7187431801229271
0.8166588530405117, 0.7187431801229271
0.9173263404873471, 0.6443824527901907
0.9173263404873471, 0.6443824527901907
0.9173263404873471, 0.6443824527901907
0.9173263404873471, 0.6443824527901907
0.9173263404873471, 0.6443824527901907
0.9173263404873471, 0.6443824527901907
0.9173263404873471, 0.6443824527901907
0.9173263404873471, 0.6443824527901907
0.9173263404873471, 0.6443824527901907
0.9173263404873471, 0.6443824527901907
0.4850481644376591, 0.8618569954731895
0.4850481644376591, 0.8618569954731895
0.4850481644376591, 0.8618569954731895
0.4850481644376591, 0.8618569954731895
0.4850481644376591, 0.8618569954731895
0.4850481644376591, 0.8618569954731895
0.4850481644376591, 0.8618569954731895
0.4850481644376591, 0.8618569954731895
0.4850481644376591, 0.8618569954731895
0.4850481644376591, 0.8618569954731895
0.30906132869662284, 0.7081681799929017
0.30906132869662284, 0.7081681799929017
0.30906132869662284, 0.7081681799929017
0.30906132869662284, 0.7081681799929017
0.30906132869662284, 0.7081681799929017
0.30906132869662284, 0.7081681799929017
0.30906132869662284, 0.7081681799929017
0.30906132869662284, 0.7081681799929017
0.30906132869662284, 0.7081681799929017
0.30906132869662284, 0.7081681799929017
0.3710610765947592, 0.2768974552891116
0.3710610765947592, 0.2768974552891116
0.3710610765947592, 0.2768974552891116
0.3710610765947592, 0.2768974552891116
0.3710610765947592, 0.2768974552891116
0.3710610765947592, 0.2768974552891116
0.3710610765947592, 0.2768974552891116
0.3710610765947592, 0.2768974552891116
0.3710610765947592, 0.2768974552891116
0.3710610765947592, 0.2768974552891116
0.3566415322786848, 0.7284054160417442
0.3566415322786848, 0.7284054160417442
0.3566415322786848, 0.7284054160417442
0.3566415322786848, 0.7284054160417442
0.3566415322786848, 0.7284054160417442
0.3566415322786848, 0.7284054160417442
0.3566415322786848, 0.7284054160417442
0.3566415322786848, 0.7284054160417442
0.3566415322786848, 0.7284054160417442
0.3566415322786848, 0.7284054160417442
0.9483688202196789, 0.09940290385404849
0.9483688202196789, 0.09940290385404849
0.9483688202196789, 0.09940290385404849
0.9483688202196789, 0.09940290385404849
0.9483688202196789, 0.09940290385404849
0.9483688202196789, 0.09940290385404849
0.9483688202196789, 0.09940290385404849
0.9483688202196789, 0.09940290385404849
0.9483688202196789, 0.09940290385404849
0.9483688202196789, 0.09940290385404849
