1e-05
0.42764687263235834, 0.12614085960489985
0.42764687263235834, 0.12614085960489985
0.42764687263235834, 0.12614085960489985
0.42764687263235834, 0.12614085960489985
0.42764687263235834, 0.12614085960489985
0.42764687263235834, 0.12614085960489985
0.42764687263235834, 0.12614085960489985
0.42764687263235834, 0.12614085960489985
0.42764687263235834, 0.12614085960489985
0.42764687263235834, 0.12614085960489985
0.8345363924800998, 0.36746451915386147
0.8345363924800998, 0.36746451915386147
0.8345363924800998, 0.36746451915386147
0.8345363924800998, 0.36746451915386147
0.8345363924800998, 0.36746451915386147
0.8345363924800998, 0.36746451915386147
0.8345363924800998, 0.36746451915386147
0.8345363924800998, 0.36746451915386147
0.8345363924800998, 0.36746451915386147
0.8345363924800998, 0.36746451915386147
0.9632640160969052, 0.9424700020352657
0.9632640160969052, 0.9424700020352657
0.9632640160969052, 0.9424700020352657
0.9632640160969052, 0.9424700020352657
0.9632640160969052, 0.9424700020352657
0.9632640160969052, 0.9424700020352657
0.9632640160969052, 0.9424700020352657
0.9632640160969052, 0.9424700020352657
0.9632640160969052, 0.9424700020352657
0.9632640160969052, 0.9424700020352657
0.2322428336238741, 0.3981642346391737
0.2322428336238741, 0.3981642346391737
0.2322428336238741, 0.3981642346391737
0.2322428336238741, 0.3981642346391737
0.2322428336238741, 0.3981642346391737
0.2322428336238741, 0.3981642346391737
0.2322428336238741, 0.3981642346391737
0.2322428336238741, 0.3981642346391737
0.2322428336238741, 0.3981642346391737
0.2322428336238741, 0.3981642346391737
0.39095082597115527, 0.3683259683195741
0.39095082597115527, 0.3683259683195741
0.39095082597115527, 0.3683259683195741
0.39095082597115527, 0.3683259683195741
0.39095082597115527, 0.3683259683195741
0.39095082597115527, 0.3683259683195741
0.39095082597115527, 0.3683259683195741
0.39095082597115527, 0.3683259683195741
0.39095082597115527, 0.3683259683195741
0.39095082597115527, 0.3683259683195741
0.2747699179098164, 0.366380743413697
0.2747699179098164, 0.366380743413697
0.2747699179098164, 0.366380743413697
0.2747699179098164, 0.366380743413697
0.2747699179098164, 0.366380743413697
0.2747699179098164, 0.366380743413697
0.2747699179098164, 0.366380743413697
0.2747699179098164, 0.366380743413697
0.2747699179098164, 0.366380743413697
0.2747699179098164, 0.366380743413697
0.48871142195090067, 0.4084433996357504
0.48871142195090067, 0.4084433996357504
0.48871142195090067, 0.4084433996357504
0.48871142195090067, 0.4084433996357504
0.48871142195090067, 0.4084433996357504
0.48871142195090067, 0.4084433996357504
0.48871142195090067, 0.4084433996357504
0.48871142195090067, 0.4084433996357504
0.48871142195090067, 0.4084433996357504
0.48871142195090067, 0.4084433996357504
0.8918556013336743, 0.1527215798488195
0.8918556013336743, 0.1527215798488195
0.8918556013336743, 0.1527215798488195
0.8918556013336743, 0.1527215798488195
0.8918556013336743, 0.1527215798488195
0.8918556013336743, 0.1527215798488195
0.8918556013336743, 0.1527215798488195
0.8918556013336743, 0.1527215798488195
0.8918556013336743, 0.1527215798488195
0.8918556013336743, 0.1527215798488195
0.14065759950624035, 0.9893858394079836
0.14065759950624035, 0.9893858394079836
0.14065759950624035, 0.9893858394079836
0.14065759950624035, 0.9893858394079836
0.14065759950624035, 0.9893858394079836
0.14065759950624035, 0.9893858394079836
0.14065759950624035, 0.9893858394079836
0.14065759950624035, 0.9893858394079836
0.14065759950624035, 0.9893858394079836
0.14065759950624035, 0.9893858394079836
0.6924355965636416, 0.20465645382918451
0.6924355965636416, 0.20465645382918451
0.6924355965636416, 0.20465645382918451
0.6924355965636416, 0.20465645382918451
0.6924355965636416, 0.20465645382918451
0.6924355965636416, 0.20465645382918451
0.6924355965636416, 0.20465645382918451
0.6924355965636416, 0.20465645382918451
0.6924355965636416, 0.20465645382918451
0.6924355965636416, 0.20465645382918451
