1e-05
0.4470014854712936, 0.9260352741837642
0.4470014854712936, 0.9260352741837642
0.4470014854712936, 0.9260352741837642
0.4470014854712936, 0.9260352741837642
0.4470014854712936, 0.9260352741837642
0.4470014854712936, 0.9260352741837642
0.4470014854712936, 0.9260352741837642
0.4470014854712936, 0.9260352741837642
0.4470014854712936, 0.9260352741837642
0.4470014854712936, 0.9260352741837642
0.8751331119905543, 0.6364869609280855
0.8751331119905543, 0.6364869609280855
0.8751331119905543, 0.6364869609280855
0.8751331119905543, 0.6364869609280855
0.8751331119905543, 0.6364869609280855
0.8751331119905543, 0.6364869609280855
0.8751331119905543, 0.6364869609280855
0.8751331119905543, 0.6364869609280855
0.8751331119905543, 0.6364869609280855
0.8751331119905543, 0.6364869609280855
0.8894675820143425, 0.5272092414703345
0.8894675820143425, 0.5272092414703345
0.8894675820143425, 0.5272092414703345
0.8894675820143425, 0.5272092414703345
0.8894675820143425, 0.5272092414703345
0.8894675820143425, 0.5272092414703345
0.8894675820143425, 0.5272092414703345
0.8894675820143425, 0.5272092414703345
0.8894675820143425, 0.5272092414703345
0.8894675820143425, 0.5272092414703345
0.2030863326642003, 0.7737760404107064
0.2030863326642003, 0.7737760404107064
0.2030863326642003, 0.7737760404107064
0.2030863326642003, 0.7737760404107064
0.2030863326642003, 0.7737760404107064
0.2030863326642003, 0.7737760404107064
0.2030863326642003, 0.7737760404107064
0.2030863326642003, 0.7737760404107064
0.2030863326642003, 0.7737760404107064
0.2030863326642003, 0.7737760404107064
0.12391883365539536, 0.38373756563774997
0.12391883365539536, 0.38373756563774997
0.12391883365539536, 0.38373756563774997
0.12391883365539536, 0.38373756563774997
0.12391883365539536, 0.38373756563774997
0.12391883365539536, 0.38373756563774997
0.12391883365539536, 0.38373756563774997
0.12391883365539536, 0.38373756563774997
0.12391883365539536, 0.38373756563774997
0.12391883365539536, 0.38373756563774997
0.37055254724240283, 0.9414485213875927
0.37055254724240283, 0.9414485213875927
0.37055254724240283, 0.9414485213875927
0.37055254724240283, 0.9414485213875927
0.37055254724240283, 0.9414485213875927
0.37055254724240283, 0.9414485213875927
0.37055254724240283, 0.9414485213875927
0.37055254724240283, 0.9414485213875927
0.37055254724240283, 0.9414485213875927
0.37055254724240283, 0.9414485213875927
0.5796642469577821, 0.17630077030224056
0.5796642469577821, 0.17630077030224056
0.5796642469577821, 0.17630077030224056
0.5796642469577821, 0.17630077030224056
0.5796642469577821, 0.17630077030224056
0.5796642469577821, 0.17630077030224056
0.5796642469577821, 0.17630077030224056
0.5796642469577821, 0.17630077030224056
0.5796642469577821, 0.17630077030224056
0.5796642469577821, 0.17630077030224056
0.3187671277086611, 0.9263697335125424
0.3187671277086611, 0.9263697335125424
0.3187671277086611, 0.9263697335125424
0.3187671277086611, 0.9263697335125424
0.3187671277086611, 0.9263697335125424
0.3187671277086611, 0.9263697335125424
0.3187671277086611, 0.9263697335125424
0.3187671277086611, 0.9263697335125424
0.3187671277086611, 0.9263697335125424
0.3187671277086611, 0.9263697335125424
0.5515007687537509, 0.34675319405244687
0.5515007687537509, 0.34675319405244687
0.5515007687537509, 0.34675319405244687
0.5515007687537509, 0.34675319405244687
0.5515007687537509, 0.34675319405244687
0.5515007687537509, 0.34675319405244687
0.5515007687537509, 0.34675319405244687
0.5515007687537509, 0.34675319405244687
0.5515007687537509, 0.34675319405244687
0.5515007687537509, 0.34675319405244687
0.10919934557667377, 0.7935301040886404
0.10919934557667377, 0.7935301040886404
0.10919934557667377, 0.7935301040886404
0.10919934557667377, 0.7935301040886404
0.10919934557667377, 0.7935301040886404
0.10919934557667377, 0.7935301040886404
0.10919934557667377, 0.7935301040886404
0.10919934557667377, 0.7935301040886404
0.10919934557667377, 0.7935301040886404
0.10919934557667377, 0.7935301040886404
