1e-05
0.37673652788915113, 0.11564296618815517
0.37673652788915113, 0.11564296618815517
0.37673652788915113, 0.11564296618815517
0.37673652788915113, 0.11564296618815517
0.37673652788915113, 0.11564296618815517
0.37673652788915113, 0.11564296618815517
0.37673652788915113, 0.11564296618815517
0.37673652788915113, 0.11564296618815517
0.37673652788915113, 0.11564296618815517
0.37673652788915113, 0.11564296618815517
0.045654807622400484, 0.5679577666608402
0.045654807622400484, 0.5679577666608402
0.045654807622400484, 0.5679577666608402
0.045654807622400484, 0.5679577666608402
0.045654807622400484, 0.5679577666608402
0.045654807622400484, 0.5679577666608402
0.045654807622400484, 0.5679577666608402
0.045654807622400484, 0.5679577666608402
0.045654807622400484, 0.5679577666608402
0.045654807622400484, 0.5679577666608402
0.8752089139736552, 0.11095479432828614
0.8752089139736552, 0.11095479432828614
0.8752089139736552, 0.11095479432828614
0.8752089139736552, 0.11095479432828614
0.8752089139736552, 0.11095479432828614
0.8752089139736552, 0.11095479432828614
0.8752089139736552, 0.11095479432828614
0.8752089139736552, 0.11095479432828614
0.8752089139736552, 0.11095479432828614
0.8752089139736552, 0.11095479432828614
0.49809733766117104, 0.18191144409871118
0.49809733766117104, 0.18191144409871118
0.49809733766117104, 0.18191144409871118
0.49809733766117104, 0.18191144409871118
0.49809733766117104, 0.18191144409871118
0.49809733766117104, 0.18191144409871118
0.49809733766117104, 0.18191144409871118
0.49809733766117104, 0.18191144409871118
0.49809733766117104, 0.18191144409871118
0.49809733766117104, 0.18191144409871118
0.5041923720892059, 0.5959136265713841
0.5041923720892059, 0.5959136265713841
0.5041923720892059, 0.5959136265713841
0.5041923720892059, 0.5959136265713841
0.5041923720892059, 0.5959136265713841
0.5041923720892059, 0.5959136265713841
0.5041923720892059, 0.5959136265713841
0.5041923720892059, 0.5959136265713841
0.5041923720892059, 0.5959136265713841
0.5041923720892059, 0.5959136265713841
0.568460944210849, 0.49578268823486304
0.568460944210849, 0.49578268823486304
0.568460944210849, 0.49578268823486304
0.568460944210849, 0.49578268823486304
0.568460944210849, 0.49578268823486304
0.568460944210849, 0.49578268823486304
0.568460944210849, 0.49578268823486304
0.568460944210849, 0.49578268823486304
0.568460944210849, 0.49578268823486304
0.568460944210849, 0.49578268823486304
0.8168080783829854, 0.537967812344194
0.8168080783829854, 0.537967812344194
0.8168080783829854, 0.537967812344194
0.8168080783829854, 0.537967812344194
0.8168080783829854, 0.537967812344194
0.8168080783829854, 0.537967812344194
0.8168080783829854, 0.537967812344194
0.8168080783829854, 0.537967812344194
0.8168080783829854, 0.537967812344194
0.8168080783829854, 0.537967812344194
0.13030753183623567, 0.5461311984390748
0.13030753183623567, 0.5461311984390748
0.13030753183623567, 0.5461311984390748
0.13030753183623567, 0.5461311984390748
0.13030753183623567, 0.5461311984390748
0.13030753183623567, 0.5461311984390748
0.13030753183623567, 0.5461311984390748
0.13030753183623567, 0.5461311984390748
0.13030753183623567, 0.5461311984390748
0.13030753183623567, 0.5461311984390748
0.5223163093399217, 0.32852621315863817
0.5223163093399217, 0.32852621315863817
0.5223163093399217, 0.32852621315863817
0.5223163093399217, 0.32852621315863817
0.5223163093399217, 0.32852621315863817
0.5223163093399217, 0.32852621315863817
0.5223163093399217, 0.32852621315863817
0.5223163093399217, 0.32852621315863817
0.5223163093399217, 0.32852621315863817
0.5223163093399217, 0.32852621315863817
0.5030447555836904, 0.6859320584732095
0.5030447555836904, 0.6859320584732095
0.5030447555836904, 0.6859320584732095
0.5030447555836904, 0.6859320584732095
0.5030447555836904, 0.6859320584732095
0.5030447555836904, 0.6859320584732095
0.5030447555836904, 0.6859320584732095
0.5030447555836904, 0.6859320584732095
0.5030447555836904, 0.6859320584732095
0.5030447555836904, 0.6859320584732095
