1e-05
0.7374298897888474, 0.5498283360960281
0.7374298897888474, 0.5498283360960281
0.7374298897888474, 0.5498283360960281
0.7374298897888474, 0.5498283360960281
0.7374298897888474, 0.5498283360960281
0.7374298897888474, 0.5498283360960281
0.7374298897888474, 0.5498283360960281
0.7374298897888474, 0.5498283360960281
0.7374298897888474, 0.5498283360960281
0.7374298897888474, 0.5498283360960281
0.4429718246001654, 0.15905952568088388
0.4429718246001654, 0.15905952568088388
0.4429718246001654, 0.15905952568088388
0.4429718246001654, 0.15905952568088388
0.4429718246001654, 0.15905952568088388
0.4429718246001654, 0.15905952568088388
0.4429718246001654, 0.15905952568088388
0.4429718246001654, 0.15905952568088388
0.4429718246001654, 0.15905952568088388
0.4429718246001654, 0.15905952568088388
0.7335036062021739, 0.7969417637828657
0.7335036062021739, 0.7969417637828657
0.7335036062021739, 0.7969417637828657
0.7335036062021739, 0.7969417637828657
0.7335036062021739, 0.7969417637828657
0.7335036062021739, 0.7969417637828657
0.7335036062021739, 0.7969417637828657
0.7335036062021739, 0.7969417637828657
0.7335036062021739, 0.7969417637828657
0.7335036062021739, 0.7969417637828657
0.3237850489777735, 0.7080584346774749
0.3237850489777735, 0.7080584346774749
0.3237850489777735, 0.7080584346774749
0.3237850489777735, 0.7080584346774749
0.3237850489777735, 0.7080584346774749
0.3237850489777735, 0.7080584346774749
0.3237850489777735, 0.7080584346774749
0.3237850489777735, 0.7080584346774749
0.3237850489777735, 0.7080584346774749
0.3237850489777735, 0.7080584346774749
0.5382872548999081, 0.8462601531979361
0.5382872548999081, 0.8462601531979361
0.5382872548999081, 0.8462601531979361
0.5382872548999081, 0.8462601531979361
0.5382872548999081, 0.8462601531979361
0.5382872548999081, 0.8462601531979361
0.5382872548999081, 0.8462601531979361
0.5382872548999081, 0.8462601531979361
0.5382872548999081, 0.8462601531979361
0.5382872548999081, 0.8462601531979361
0.8055300259727947, 0.583860804256011
0.8055300259727947, 0.583860804256011
0.8055300259727947, 0.583860804256011
0.8055300259727947, 0.583860804256011
0.8055300259727947, 0.583860804256011
0.8055300259727947, 0.583860804256011
0.8055300259727947, 0.583860804256011
0.8055300259727947, 0.583860804256011
0.8055300259727947, 0.583860804256011
0.8055300259727947, 0.583860804256011
0.6797270717231243, 0.27091879841093747
0.6797270717231243, 0.27091879841093747
0.6797270717231243, 0.27091879841093747
0.6797270717231243, 0.27091879841093747
0.6797270717231243, 0.27091879841093747
0.6797270717231243, 0.27091879841093747
0.6797270717231243, 0.27091879841093747
0.6797270717231243, 0.27091879841093747
0.6797270717231243, 0.27091879841093747
0.6797270717231243, 0.27091879841093747
0.7759261972880155, 0.18934426013312322
0.7759261972880155, 0.18934426013312322
0.7759261972880155, 0.18934426013312322
0.7759261972880155, 0.18934426013312322
0.7759261972880155, 0.18934426013312322
0.7759261972880155, 0.18934426013312322
0.7759261972880155, 0.18934426013312322
0.7759261972880155, 0.18934426013312322
0.7759261972880155, 0.18934426013312322
0.7759261972880155, 0.18934426013312322
0.5810005492908642, 0.5843776397960062
0.5810005492908642, 0.5843776397960062
0.5810005492908642, 0.5843776397960062
0.5810005492908642, 0.5843776397960062
0.5810005492908642, 0.5843776397960062
0.5810005492908642, 0.5843776397960062
0.5810005492908642, 0.5843776397960062
0.5810005492908642, 0.5843776397960062
0.5810005492908642, 0.5843776397960062
0.5810005492908642, 0.5843776397960062
0.6851059540784328, 0.1959762630560954
0.6851059540784328, 0.1959762630560954
0.6851059540784328, 0.1959762630560954
0.6851059540784328, 0.1959762630560954
0.6851059540784328, 0.1959762630560954
0.6851059540784328, 0.1959762630560954
0.6851059540784328, 0.1959762630560954
0.6851059540784328, 0.1959762630560954
0.6851059540784328, 0.1959762630560954
0.6851059540784328, 0.1959762630560954
