1e-05
0.24627818475422314, 0.19230681362423374
0.24627818475422314, 0.19230681362423374
0.24627818475422314, 0.19230681362423374
0.24627818475422314, 0.19230681362423374
0.24627818475422314, 0.19230681362423374
0.24627818475422314, 0.19230681362423374
0.24627818475422314, 0.19230681362423374
0.24627818475422314, 0.19230681362423374
0.24627818475422314, 0.19230681362423374
0.24627818475422314, 0.19230681362423374
0.8955144112272775, 0.33833424898475106
0.8955144112272775, 0.33833424898475106
0.8955144112272775, 0.33833424898475106
0.8955144112272775, 0.33833424898475106
0.8955144112272775, 0.33833424898475106
0.8955144112272775, 0.33833424898475106
0.8955144112272775, 0.33833424898475106
0.8955144112272775, 0.33833424898475106
0.8955144112272775, 0.33833424898475106
0.8955144112272775, 0.33833424898475106
0.0391948768629512, 0.6736853619319142
0.0391948768629512, 0.6736853619319142
0.0391948768629512, 0.6736853619319142
0.0391948768629512, 0.6736853619319142
0.0391948768629512, 0.6736853619319142
0.0391948768629512, 0.6736853619319142
0.0391948768629512, 0.6736853619319142
0.0391948768629512, 0.6736853619319142
0.0391948768629512, 0.6736853619319142
0.0391948768629512, 0.6736853619319142
0.23043736239231016, 0.48250524947917617
0.23043736239231016, 0.48250524947917617
0.23043736239231016, 0.48250524947917617
0.23043736239231016, 0.48250524947917617
0.23043736239231016, 0.48250524947917617
0.23043736239231016, 0.48250524947917617
0.23043736239231016, 0.48250524947917617
0.23043736239231016, 0.48250524947917617
0.23043736239231016, 0.48250524947917617
0.23043736239231016, 0.48250524947917617
0.7483906650848918, 0.2242897573624445
0.7483906650848918, 0.2242897573624445
0.7483906650848918, 0.2242897573624445
0.7483906650848918, 0.2242897573624445
0.7483906650848918, 0.2242897573624445
0.7483906650848918, 0.2242897573624445
0.7483906650848918, 0.2242897573624445
0.7483906650848918, 0.2242897573624445
0.7483906650848918, 0.2242897573624445
0.7483906650848918, 0.2242897573624445
0.976648519557724, 0.6418344923908054
0.976648519557724, 0.6418344923908054
0.976648519557724, 0.6418344923908054
0.976648519557724, 0.6418344923908054
0.976648519557724, 0.6418344923908054
0.976648519557724, 0.6418344923908054
0.976648519557724, 0.6418344923908054
0.976648519557724, 0.6418344923908054
0.976648519557724, 0.6418344923908054
0.976648519557724, 0.6418344923908054
0.01984671431791829, 0.6462667617093742
0.01984671431791829, 0.6462667617093742
0.01984671431791829, 0.6462667617093742
0.01984671431791829, 0.6462667617093742
0.01984671431791829, 0.6462667617093742
0.01984671431791829, 0.6462667617093742
0.01984671431791829, 0.6462667617093742
0.01984671431791829, 0.6462667617093742
0.01984671431791829, 0.6462667617093742
0.01984671431791829, 0.6462667617093742
0.5376790321142288, 0.7388839118356851
0.5376790321142288, 0.7388839118356851
0.5376790321142288, 0.7388839118356851
0.5376790321142288, 0.7388839118356851
0.5376790321142288, 0.7388839118356851
0.5376790321142288, 0.7388839118356851
0.5376790321142288, 0.7388839118356851
0.5376790321142288, 0.7388839118356851
0.5376790321142288, 0.7388839118356851
0.5376790321142288, 0.7388839118356851
0.2337286926372547, 0.5919210525436308
0.2337286926372547, 0.5919210525436308
0.2337286926372547, 0.5919210525436308
0.2337286926372547, 0.5919210525436308
0.2337286926372547, 0.5919210525436308
0.2337286926372547, 0.5919210525436308
0.2337286926372547, 0.5919210525436308
0.2337286926372547, 0.5919210525436308
0.2337286926372547, 0.5919210525436308
0.2337286926372547, 0.5919210525436308
0.002670943886121435, 0.43592685233565165
0.002670943886121435, 0.43592685233565165
0.002670943886121435, 0.43592685233565165
0.002670943886121435, 0.43592685233565165
0.002670943886121435, 0.43592685233565165
0.002670943886121435, 0.43592685233565165
0.002670943886121435, 0.43592685233565165
0.002670943886121435, 0.43592685233565165
0.002670943886121435, 0.43592685233565165
0.002670943886121435, 0.43592685233565165
