1e-05
0.1811410343981359, 0.9469970827116394
0.8887016576605218, 0.2774655501818343
0.5368365365483506, 0.7371601426809795
0.9566148989127773, 0.7605290941629612
0.6639350713465352, 0.18241861592035558
0.8059838961064021, 0.39200704043853285
0.36131136397441654, 0.1436374991030912
0.7813313265045773, 0.9395878282381924
0.2827108366452685, 0.36682326502657225
0.512620882025597, 0.7898284458073719
0.6321247895697116, 0.8308165543684318
0.18098102187079879, 0.8696437903895209
0.6407733640117225, 0.3836751190311024
0.8735211196001423, 0.5305259835907852
0.797933538756222, 0.9618900769045584
0.4653077893659855, 0.7859701285416191
0.7183619362550788, 0.781360613291452
0.9196531428897912, 0.5272639478459383
0.8311120097930221, 0.6977695916731965
0.5328554166919099, 0.8429636657800194
0.547276574258065, 0.7805109887897294
0.6863488564368612, 0.8847288852101336
0.3440774129876105, 0.5878962215779899
0.5178376977715654, 0.48041014434432017
0.6042976400300542, 0.21860271502045925
0.251540624063584, 0.8769463435543384
0.8150764779126615, 0.22939538381848912
0.9689876297085255, 0.6152051666743275
0.4455675576800381, 0.3941895301373416
0.9122108163977048, 0.8600463166895664
0.9035046543026801, 0.5399151491039166
0.3321064869926118, 0.29161927538898735
0.7706520209205278, 0.8182869610300787
0.1265953462598387, 0.13034523313664836
0.290386846690605, 0.6100138764472238
0.6728085667114145, 0.8215773731313225
0.0016058356034166499, 0.24018160604935757
0.7280735426029243, 0.6630006865830043
0.6727491732966048, 0.29631921309986753
0.3476288360023184, 0.05603620826663258
0.8173705214217504, 0.39249756093039856
0.593218615814756, 0.07903895508856673
0.6125043053319981, 0.4412788702265177
0.09811117234259437, 0.6136738232376251
0.5526976724898698, 0.24991389607707293
0.17453967647234536, 0.3376443119386895
0.8600818085379762, 0.16617120512543448
0.9131590235431456, 0.6430382226411373
0.721509810412351, 0.007800927501276034
0.06885484103188821, 0.40321012969168946
0.012065272231636226, 0.6707181329800652
0.8279622512726023, 0.2512854549959338
0.7838228712088361, 0.6996962507388923
0.10188715043702068, 0.991662280293368
0.27150088604583855, 0.2731407560925121
0.10318703771410742, 0.46614503734238155
0.10888060750545481, 0.4197141862564375
0.8782733580009489, 0.591425920490321
0.7213027495424922, 0.8788351058087049
0.33239911511862563, 0.5347804550066321
0.036045409280691665, 0.9043296169756594
0.8823724220204446, 0.47633763363625325
0.6133974814357047, 0.30485662104489664
0.7972034284248494, 0.3995550592410385
0.9517692926586077, 0.8860680426208615
0.32035957034462437, 0.1418127871596926
0.956791820973683, 0.001302481317730697
0.3562889128878336, 0.022147267598597642
0.6916933259401847, 0.6862741483509021
0.6731426765322581, 0.6665526749726909
0.225036783245269, 0.5113712262022679
0.4359512015323659, 0.7939883750708125
0.9420722715582027, 0.10875759497144
0.8181054067780648, 0.516783535635944
0.2315744788603351, 0.47832180074219155
0.03267740924964313, 0.8395038334560911
0.05130762785274756, 0.07401106508079791
0.5724028072042426, 0.3032438007728555
0.833006159270174, 0.1388790688243613
0.5106866452913653, 0.927069839545359
0.4202673265149496, 0.328295979162768
0.7080785822427802, 0.16940600156627683
0.6563370407250694, 0.488154748416762
0.5399243187573488, 0.11769994038472364
0.1749173063419388, 0.6354242654869271
0.03193003073574452, 0.3149764047112855
0.4969126592366794, 0.45419059635878234
0.5177456499167914, 0.5661668300086009
0.41203973242085645, 0.6670406059784011
0.7724948483288658, 0.3986871726749145
0.8612049323702781, 0.8736744028660515
0.8889807868016116, 0.358569256390327
0.9019641283861467, 0.5901950462792375
0.7286114627880983, 0.4806665078483594
0.412719086973074, 0.876953049665832
0.5337196636230529, 0.47784182544561515
0.7461072906348398, 0.010114385636824319
0.115269657410911, 0.4995202948130839
0.3500398735560726, 0.6818309585932139
0.3731730426814165, 0.4176346077528803
