1e-05
0.6215722179566101, 0.5903210673988382
0.6215722179566101, 0.5903210673988382
0.6215722179566101, 0.5903210673988382
0.6215722179566101, 0.5903210673988382
0.6215722179566101, 0.5903210673988382
0.6215722179566101, 0.5903210673988382
0.6215722179566101, 0.5903210673988382
0.6215722179566101, 0.5903210673988382
0.6215722179566101, 0.5903210673988382
0.6215722179566101, 0.5903210673988382
0.711515462967734, 0.617713778403998
0.711515462967734, 0.617713778403998
0.711515462967734, 0.617713778403998
0.711515462967734, 0.617713778403998
0.711515462967734, 0.617713778403998
0.711515462967734, 0.617713778403998
0.711515462967734, 0.617713778403998
0.711515462967734, 0.617713778403998
0.711515462967734, 0.617713778403998
0.711515462967734, 0.617713778403998
0.419997901533653, 0.5584282670157744
0.419997901533653, 0.5584282670157744
0.419997901533653, 0.5584282670157744
0.419997901533653, 0.5584282670157744
0.419997901533653, 0.5584282670157744
0.419997901533653, 0.5584282670157744
0.419997901533653, 0.5584282670157744
0.419997901533653, 0.5584282670157744
0.419997901533653, 0.5584282670157744
0.419997901533653, 0.5584282670157744
0.8395481404966609, 0.40783960570058275
0.8395481404966609, 0.40783960570058275
0.8395481404966609, 0.40783960570058275
0.8395481404966609, 0.40783960570058275
0.8395481404966609, 0.40783960570058275
0.8395481404966609, 0.40783960570058275
0.8395481404966609, 0.40783960570058275
0.8395481404966609, 0.40783960570058275
0.8395481404966609, 0.40783960570058275
0.8395481404966609, 0.40783960570058275
0.6759913766347309, 0.5329756802563027
0.6759913766347309, 0.5329756802563027
0.6759913766347309, 0.5329756802563027
0.6759913766347309, 0.5329756802563027
0.6759913766347309, 0.5329756802563027
0.6759913766347309, 0.5329756802563027
0.6759913766347309, 0.5329756802563027
0.6759913766347309, 0.5329756802563027
0.6759913766347309, 0.5329756802563027
0.6759913766347309, 0.5329756802563027
0.6004264346047214, 0.08308004317563755
0.6004264346047214, 0.08308004317563755
0.6004264346047214, 0.08308004317563755
0.6004264346047214, 0.08308004317563755
0.6004264346047214, 0.08308004317563755
0.6004264346047214, 0.08308004317563755
0.6004264346047214, 0.08308004317563755
0.6004264346047214, 0.08308004317563755
0.6004264346047214, 0.08308004317563755
0.6004264346047214, 0.08308004317563755
0.24046339553813245, 0.3429885174395394
0.24046339553813245, 0.3429885174395394
0.24046339553813245, 0.3429885174395394
0.24046339553813245, 0.3429885174395394
0.24046339553813245, 0.3429885174395394
0.24046339553813245, 0.3429885174395394
0.24046339553813245, 0.3429885174395394
0.24046339553813245, 0.3429885174395394
0.24046339553813245, 0.3429885174395394
0.24046339553813245, 0.3429885174395394
0.8849193335555784, 0.5183093371952365
0.8849193335555784, 0.5183093371952365
0.8849193335555784, 0.5183093371952365
0.8849193335555784, 0.5183093371952365
0.8849193335555784, 0.5183093371952365
0.8849193335555784, 0.5183093371952365
0.8849193335555784, 0.5183093371952365
0.8849193335555784, 0.5183093371952365
0.8849193335555784, 0.5183093371952365
0.8849193335555784, 0.5183093371952365
0.5462589414219148, 0.5063051785543783
0.5462589414219148, 0.5063051785543783
0.5462589414219148, 0.5063051785543783
0.5462589414219148, 0.5063051785543783
0.5462589414219148, 0.5063051785543783
0.5462589414219148, 0.5063051785543783
0.5462589414219148, 0.5063051785543783
0.5462589414219148, 0.5063051785543783
0.5462589414219148, 0.5063051785543783
0.5462589414219148, 0.5063051785543783
0.21203670563336963, 0.31218852753416826
0.21203670563336963, 0.31218852753416826
0.21203670563336963, 0.31218852753416826
0.21203670563336963, 0.31218852753416826
0.21203670563336963, 0.31218852753416826
0.21203670563336963, 0.31218852753416826
0.21203670563336963, 0.31218852753416826
0.21203670563336963, 0.31218852753416826
0.21203670563336963, 0.31218852753416826
0.21203670563336963, 0.31218852753416826
