1e-05
0.8774787481804431, 0.4858128790318659
0.8774787481804431, 0.4858128790318659
0.8774787481804431, 0.4858128790318659
0.8774787481804431, 0.4858128790318659
0.8774787481804431, 0.4858128790318659
0.8774787481804431, 0.4858128790318659
0.8774787481804431, 0.4858128790318659
0.8774787481804431, 0.4858128790318659
0.8774787481804431, 0.4858128790318659
0.8774787481804431, 0.4858128790318659
0.4474264531193999, 0.9504043883293238
0.4474264531193999, 0.9504043883293238
0.4474264531193999, 0.9504043883293238
0.4474264531193999, 0.9504043883293238
0.4474264531193999, 0.9504043883293238
0.4474264531193999, 0.9504043883293238
0.4474264531193999, 0.9504043883293238
0.4474264531193999, 0.9504043883293238
0.4474264531193999, 0.9504043883293238
0.4474264531193999, 0.9504043883293238
0.785991740721721, 0.3878013096069044
0.785991740721721, 0.3878013096069044
0.785991740721721, 0.3878013096069044
0.785991740721721, 0.3878013096069044
0.785991740721721, 0.3878013096069044
0.785991740721721, 0.3878013096069044
0.785991740721721, 0.3878013096069044
0.785991740721721, 0.3878013096069044
0.785991740721721, 0.3878013096069044
0.785991740721721, 0.3878013096069044
0.30179155557996784, 0.40807946057885136
0.30179155557996784, 0.40807946057885136
0.30179155557996784, 0.40807946057885136
0.30179155557996784, 0.40807946057885136
0.30179155557996784, 0.40807946057885136
0.30179155557996784, 0.40807946057885136
0.30179155557996784, 0.40807946057885136
0.30179155557996784, 0.40807946057885136
0.30179155557996784, 0.40807946057885136
0.30179155557996784, 0.40807946057885136
0.48309299075890766, 0.6193565581163618
0.48309299075890766, 0.6193565581163618
0.48309299075890766, 0.6193565581163618
0.48309299075890766, 0.6193565581163618
0.48309299075890766, 0.6193565581163618
0.48309299075890766, 0.6193565581163618
0.48309299075890766, 0.6193565581163618
0.48309299075890766, 0.6193565581163618
0.48309299075890766, 0.6193565581163618
0.48309299075890766, 0.6193565581163618
0.3653186839711581, 0.06311552314031676
0.3653186839711581, 0.06311552314031676
0.3653186839711581, 0.06311552314031676
0.3653186839711581, 0.06311552314031676
0.3653186839711581, 0.06311552314031676
0.3653186839711581, 0.06311552314031676
0.3653186839711581, 0.06311552314031676
0.3653186839711581, 0.06311552314031676
0.3653186839711581, 0.06311552314031676
0.3653186839711581, 0.06311552314031676
0.19691140216650627, 0.6170272255345222
0.19691140216650627, 0.6170272255345222
0.19691140216650627, 0.6170272255345222
0.19691140216650627, 0.6170272255345222
0.19691140216650627, 0.6170272255345222
0.19691140216650627, 0.6170272255345222
0.19691140216650627, 0.6170272255345222
0.19691140216650627, 0.6170272255345222
0.19691140216650627, 0.6170272255345222
0.19691140216650627, 0.6170272255345222
0.5634273281896995, 0.7894695015101888
0.5634273281896995, 0.7894695015101888
0.5634273281896995, 0.7894695015101888
0.5634273281896995, 0.7894695015101888
0.5634273281896995, 0.7894695015101888
0.5634273281896995, 0.7894695015101888
0.5634273281896995, 0.7894695015101888
0.5634273281896995, 0.7894695015101888
0.5634273281896995, 0.7894695015101888
0.5634273281896995, 0.7894695015101888
0.8504952142950688, 0.3537357261986327
0.8504952142950688, 0.3537357261986327
0.8504952142950688, 0.3537357261986327
0.8504952142950688, 0.3537357261986327
0.8504952142950688, 0.3537357261986327
0.8504952142950688, 0.3537357261986327
0.8504952142950688, 0.3537357261986327
0.8504952142950688, 0.3537357261986327
0.8504952142950688, 0.3537357261986327
0.8504952142950688, 0.3537357261986327
0.6703494551827796, 0.48717037599715385
0.6703494551827796, 0.48717037599715385
0.6703494551827796, 0.48717037599715385
0.6703494551827796, 0.48717037599715385
0.6703494551827796, 0.48717037599715385
0.6703494551827796, 0.48717037599715385
0.6703494551827796, 0.48717037599715385
0.6703494551827796, 0.48717037599715385
0.6703494551827796, 0.48717037599715385
0.6703494551827796, 0.48717037599715385
