1e-05
0.85569490672597, 0.3015489001189571
0.85569490672597, 0.3015489001189571
0.85569490672597, 0.3015489001189571
0.85569490672597, 0.3015489001189571
0.85569490672597, 0.3015489001189571
0.85569490672597, 0.3015489001189571
0.85569490672597, 0.3015489001189571
0.85569490672597, 0.3015489001189571
0.85569490672597, 0.3015489001189571
0.85569490672597, 0.3015489001189571
0.4210691883768256, 0.6333578815543339
0.4210691883768256, 0.6333578815543339
0.4210691883768256, 0.6333578815543339
0.4210691883768256, 0.6333578815543339
0.4210691883768256, 0.6333578815543339
0.4210691883768256, 0.6333578815543339
0.4210691883768256, 0.6333578815543339
0.4210691883768256, 0.6333578815543339
0.4210691883768256, 0.6333578815543339
0.4210691883768256, 0.6333578815543339
0.8386276417542583, 0.21294054975839916
0.8386276417542583, 0.21294054975839916
0.8386276417542583, 0.21294054975839916
0.8386276417542583, 0.21294054975839916
0.8386276417542583, 0.21294054975839916
0.8386276417542583, 0.21294054975839916
0.8386276417542583, 0.21294054975839916
0.8386276417542583, 0.21294054975839916
0.8386276417542583, 0.21294054975839916
0.8386276417542583, 0.21294054975839916
0.8431465983868524, 0.7431728991815353
0.8431465983868524, 0.7431728991815353
0.8431465983868524, 0.7431728991815353
0.8431465983868524, 0.7431728991815353
0.8431465983868524, 0.7431728991815353
0.8431465983868524, 0.7431728991815353
0.8431465983868524, 0.7431728991815353
0.8431465983868524, 0.7431728991815353
0.8431465983868524, 0.7431728991815353
0.8431465983868524, 0.7431728991815353
0.8736015267824768, 0.5017664364682128
0.8736015267824768, 0.5017664364682128
0.8736015267824768, 0.5017664364682128
0.8736015267824768, 0.5017664364682128
0.8736015267824768, 0.5017664364682128
0.8736015267824768, 0.5017664364682128
0.8736015267824768, 0.5017664364682128
0.8736015267824768, 0.5017664364682128
0.8736015267824768, 0.5017664364682128
0.8736015267824768, 0.5017664364682128
0.3636652187083128, 0.5588922292214308
0.3636652187083128, 0.5588922292214308
0.3636652187083128, 0.5588922292214308
0.3636652187083128, 0.5588922292214308
0.3636652187083128, 0.5588922292214308
0.3636652187083128, 0.5588922292214308
0.3636652187083128, 0.5588922292214308
0.3636652187083128, 0.5588922292214308
0.3636652187083128, 0.5588922292214308
0.3636652187083128, 0.5588922292214308
0.10094238607490613, 0.2799889788449197
0.10094238607490613, 0.2799889788449197
0.10094238607490613, 0.2799889788449197
0.10094238607490613, 0.2799889788449197
0.10094238607490613, 0.2799889788449197
0.10094238607490613, 0.2799889788449197
0.10094238607490613, 0.2799889788449197
0.10094238607490613, 0.2799889788449197
0.10094238607490613, 0.2799889788449197
0.10094238607490613, 0.2799889788449197
0.7145336637657393, 0.6698550686713063
0.7145336637657393, 0.6698550686713063
0.7145336637657393, 0.6698550686713063
0.7145336637657393, 0.6698550686713063
0.7145336637657393, 0.6698550686713063
0.7145336637657393, 0.6698550686713063
0.7145336637657393, 0.6698550686713063
0.7145336637657393, 0.6698550686713063
0.7145336637657393, 0.6698550686713063
0.7145336637657393, 0.6698550686713063
0.9028614975127066, 0.038453562681428854
0.9028614975127066, 0.038453562681428854
0.9028614975127066, 0.038453562681428854
0.9028614975127066, 0.038453562681428854
0.9028614975127066, 0.038453562681428854
0.9028614975127066, 0.038453562681428854
0.9028614975127066, 0.038453562681428854
0.9028614975127066, 0.038453562681428854
0.9028614975127066, 0.038453562681428854
0.9028614975127066, 0.038453562681428854
0.9975961899497461, 0.5056233678971874
0.9975961899497461, 0.5056233678971874
0.9975961899497461, 0.5056233678971874
0.9975961899497461, 0.5056233678971874
0.9975961899497461, 0.5056233678971874
0.9975961899497461, 0.5056233678971874
0.9975961899497461, 0.5056233678971874
0.9975961899497461, 0.5056233678971874
0.9975961899497461, 0.5056233678971874
0.9975961899497461, 0.5056233678971874
