1e-05
0.6520497427478498, 0.2877315245212798
0.6520497427478498, 0.2877315245212798
0.6520497427478498, 0.2877315245212798
0.6520497427478498, 0.2877315245212798
0.6520497427478498, 0.2877315245212798
0.6520497427478498, 0.2877315245212798
0.6520497427478498, 0.2877315245212798
0.6520497427478498, 0.2877315245212798
0.6520497427478498, 0.2877315245212798
0.6520497427478498, 0.2877315245212798
0.7842439704186975, 0.3680334752533856
0.7842439704186975, 0.3680334752533856
0.7842439704186975, 0.3680334752533856
0.7842439704186975, 0.3680334752533856
0.7842439704186975, 0.3680334752533856
0.7842439704186975, 0.3680334752533856
0.7842439704186975, 0.3680334752533856
0.7842439704186975, 0.3680334752533856
0.7842439704186975, 0.3680334752533856
0.7842439704186975, 0.3680334752533856
0.011365197745421551, 0.08578155976937885
0.011365197745421551, 0.08578155976937885
0.011365197745421551, 0.08578155976937885
0.011365197745421551, 0.08578155976937885
0.011365197745421551, 0.08578155976937885
0.011365197745421551, 0.08578155976937885
0.011365197745421551, 0.08578155976937885
0.011365197745421551, 0.08578155976937885
0.011365197745421551, 0.08578155976937885
0.011365197745421551, 0.08578155976937885
0.38429585590160276, 0.3434024956179694
0.38429585590160276, 0.3434024956179694
0.38429585590160276, 0.3434024956179694
0.38429585590160276, 0.3434024956179694
0.38429585590160276, 0.3434024956179694
0.38429585590160276, 0.3434024956179694
0.38429585590160276, 0.3434024956179694
0.38429585590160276, 0.3434024956179694
0.38429585590160276, 0.3434024956179694
0.38429585590160276, 0.3434024956179694
0.9659438730204589, 0.04258778731363999
0.9659438730204589, 0.04258778731363999
0.9659438730204589, 0.04258778731363999
0.9659438730204589, 0.04258778731363999
0.9659438730204589, 0.04258778731363999
0.9659438730204589, 0.04258778731363999
0.9659438730204589, 0.04258778731363999
0.9659438730204589, 0.04258778731363999
0.9659438730204589, 0.04258778731363999
0.9659438730204589, 0.04258778731363999
0.1824475179378956, 0.7743935012077204
0.1824475179378956, 0.7743935012077204
0.1824475179378956, 0.7743935012077204
0.1824475179378956, 0.7743935012077204
0.1824475179378956, 0.7743935012077204
0.1824475179378956, 0.7743935012077204
0.1824475179378956, 0.7743935012077204
0.1824475179378956, 0.7743935012077204
0.1824475179378956, 0.7743935012077204
0.1824475179378956, 0.7743935012077204
0.9836027080891611, 0.23860860468170086
0.9836027080891611, 0.23860860468170086
0.9836027080891611, 0.23860860468170086
0.9836027080891611, 0.23860860468170086
0.9836027080891611, 0.23860860468170086
0.9836027080891611, 0.23860860468170086
0.9836027080891611, 0.23860860468170086
0.9836027080891611, 0.23860860468170086
0.9836027080891611, 0.23860860468170086
0.9836027080891611, 0.23860860468170086
0.2824614814852122, 0.9107122977059041
0.2824614814852122, 0.9107122977059041
0.2824614814852122, 0.9107122977059041
0.2824614814852122, 0.9107122977059041
0.2824614814852122, 0.9107122977059041
0.2824614814852122, 0.9107122977059041
0.2824614814852122, 0.9107122977059041
0.2824614814852122, 0.9107122977059041
0.2824614814852122, 0.9107122977059041
0.2824614814852122, 0.9107122977059041
0.7428604762275307, 0.5892422146218571
0.7428604762275307, 0.5892422146218571
0.7428604762275307, 0.5892422146218571
0.7428604762275307, 0.5892422146218571
0.7428604762275307, 0.5892422146218571
0.7428604762275307, 0.5892422146218571
0.7428604762275307, 0.5892422146218571
0.7428604762275307, 0.5892422146218571
0.7428604762275307, 0.5892422146218571
0.7428604762275307, 0.5892422146218571
0.7419456370624726, 0.3906950971509229
0.7419456370624726, 0.3906950971509229
0.7419456370624726, 0.3906950971509229
0.7419456370624726, 0.3906950971509229
0.7419456370624726, 0.3906950971509229
0.7419456370624726, 0.3906950971509229
0.7419456370624726, 0.3906950971509229
0.7419456370624726, 0.3906950971509229
0.7419456370624726, 0.3906950971509229
0.7419456370624726, 0.3906950971509229
