1e-05
0.49985462535922254, 0.6875818427642851
0.49985462535922254, 0.6875818427642851
0.49985462535922254, 0.6875818427642851
0.49985462535922254, 0.6875818427642851
0.49985462535922254, 0.6875818427642851
0.49985462535922254, 0.6875818427642851
0.49985462535922254, 0.6875818427642851
0.49985462535922254, 0.6875818427642851
0.49985462535922254, 0.6875818427642851
0.49985462535922254, 0.6875818427642851
0.32647678869570174, 0.7220491845320312
0.32647678869570174, 0.7220491845320312
0.32647678869570174, 0.7220491845320312
0.32647678869570174, 0.7220491845320312
0.32647678869570174, 0.7220491845320312
0.32647678869570174, 0.7220491845320312
0.32647678869570174, 0.7220491845320312
0.32647678869570174, 0.7220491845320312
0.32647678869570174, 0.7220491845320312
0.32647678869570174, 0.7220491845320312
0.03529973007745624, 0.6414521604758142
0.03529973007745624, 0.6414521604758142
0.03529973007745624, 0.6414521604758142
0.03529973007745624, 0.6414521604758142
0.03529973007745624, 0.6414521604758142
0.03529973007745624, 0.6414521604758142
0.03529973007745624, 0.6414521604758142
0.03529973007745624, 0.6414521604758142
0.03529973007745624, 0.6414521604758142
0.03529973007745624, 0.6414521604758142
0.43330986360833856, 0.06230649109265729
0.43330986360833856, 0.06230649109265729
0.43330986360833856, 0.06230649109265729
0.43330986360833856, 0.06230649109265729
0.43330986360833856, 0.06230649109265729
0.43330986360833856, 0.06230649109265729
0.43330986360833856, 0.06230649109265729
0.43330986360833856, 0.06230649109265729
0.43330986360833856, 0.06230649109265729
0.43330986360833856, 0.06230649109265729
0.6364913702579358, 0.8836314798597347
0.6364913702579358, 0.8836314798597347
0.6364913702579358, 0.8836314798597347
0.6364913702579358, 0.8836314798597347
0.6364913702579358, 0.8836314798597347
0.6364913702579358, 0.8836314798597347
0.6364913702579358, 0.8836314798597347
0.6364913702579358, 0.8836314798597347
0.6364913702579358, 0.8836314798597347
0.6364913702579358, 0.8836314798597347
0.3065924875778241, 0.2826173028208633
0.3065924875778241, 0.2826173028208633
0.3065924875778241, 0.2826173028208633
0.3065924875778241, 0.2826173028208633
0.3065924875778241, 0.2826173028208633
0.3065924875778241, 0.2826173028208633
0.3065924875778241, 0.2826173028208633
0.3065924875778241, 0.2826173028208633
0.3065924875778241, 0.2826173028208633
0.3065924875778241, 0.2826173028208633
0.11583160247834579, 0.1223469559504109
0.11583160247834579, 0.1223469559504109
0.11583160247834579, 0.1223469559504109
0.11583160247834579, 0.1223469559504109
0.11583160247834579, 0.1223469559504109
0.11583160247834579, 0.1223469559504109
0.11583160247834579, 0.1223469559504109
0.11583160247834579, 0.1223469559504109
0.11583160247834579, 0.1223469559504109
0.11583160247834579, 0.1223469559504109
0.9563031783481208, 0.36480853655775425
0.9563031783481208, 0.36480853655775425
0.9563031783481208, 0.36480853655775425
0.9563031783481208, 0.36480853655775425
0.9563031783481208, 0.36480853655775425
0.9563031783481208, 0.36480853655775425
0.9563031783481208, 0.36480853655775425
0.9563031783481208, 0.36480853655775425
0.9563031783481208, 0.36480853655775425
0.9563031783481208, 0.36480853655775425
0.2773878411826548, 0.5942814332662891
0.2773878411826548, 0.5942814332662891
0.2773878411826548, 0.5942814332662891
0.2773878411826548, 0.5942814332662891
0.2773878411826548, 0.5942814332662891
0.2773878411826548, 0.5942814332662891
0.2773878411826548, 0.5942814332662891
0.2773878411826548, 0.5942814332662891
0.2773878411826548, 0.5942814332662891
0.2773878411826548, 0.5942814332662891
0.255058476151387, 0.3209206061711375
0.255058476151387, 0.3209206061711375
0.255058476151387, 0.3209206061711375
0.255058476151387, 0.3209206061711375
0.255058476151387, 0.3209206061711375
0.255058476151387, 0.3209206061711375
0.255058476151387, 0.3209206061711375
0.255058476151387, 0.3209206061711375
0.255058476151387, 0.3209206061711375
0.255058476151387, 0.3209206061711375
