1e-05
0.34320883863129126, 0.05713519216916263
0.34320883863129126, 0.05713519216916263
0.34320883863129126, 0.05713519216916263
0.34320883863129126, 0.05713519216916263
0.34320883863129126, 0.05713519216916263
0.34320883863129126, 0.05713519216916263
0.34320883863129126, 0.05713519216916263
0.34320883863129126, 0.05713519216916263
0.34320883863129126, 0.05713519216916263
0.34320883863129126, 0.05713519216916263
0.6489161817866416, 0.41759449950506466
0.6489161817866416, 0.41759449950506466
0.6489161817866416, 0.41759449950506466
0.6489161817866416, 0.41759449950506466
0.6489161817866416, 0.41759449950506466
0.6489161817866416, 0.41759449950506466
0.6489161817866416, 0.41759449950506466
0.6489161817866416, 0.41759449950506466
0.6489161817866416, 0.41759449950506466
0.6489161817866416, 0.41759449950506466
0.2404898998902899, 0.4733251160639579
0.2404898998902899, 0.4733251160639579
0.2404898998902899, 0.4733251160639579
0.2404898998902899, 0.4733251160639579
0.2404898998902899, 0.4733251160639579
0.2404898998902899, 0.4733251160639579
0.2404898998902899, 0.4733251160639579
0.2404898998902899, 0.4733251160639579
0.2404898998902899, 0.4733251160639579
0.2404898998902899, 0.4733251160639579
0.914348991332914, 0.8029105184657419
0.914348991332914, 0.8029105184657419
0.914348991332914, 0.8029105184657419
0.914348991332914, 0.8029105184657419
0.914348991332914, 0.8029105184657419
0.914348991332914, 0.8029105184657419
0.914348991332914, 0.8029105184657419
0.914348991332914, 0.8029105184657419
0.914348991332914, 0.8029105184657419
0.914348991332914, 0.8029105184657419
0.9782385589856094, 0.37174057528982885
0.9782385589856094, 0.37174057528982885
0.9782385589856094, 0.37174057528982885
0.9782385589856094, 0.37174057528982885
0.9782385589856094, 0.37174057528982885
0.9782385589856094, 0.37174057528982885
0.9782385589856094, 0.37174057528982885
0.9782385589856094, 0.37174057528982885
0.9782385589856094, 0.37174057528982885
0.9782385589856094, 0.37174057528982885
0.25354970197133875, 0.27894366816180505
0.25354970197133875, 0.27894366816180505
0.25354970197133875, 0.27894366816180505
0.25354970197133875, 0.27894366816180505
0.25354970197133875, 0.27894366816180505
0.25354970197133875, 0.27894366816180505
0.25354970197133875, 0.27894366816180505
0.25354970197133875, 0.27894366816180505
0.25354970197133875, 0.27894366816180505
0.25354970197133875, 0.27894366816180505
0.3843915239101513, 0.8637131806272783
0.3843915239101513, 0.8637131806272783
0.3843915239101513, 0.8637131806272783
0.3843915239101513, 0.8637131806272783
0.3843915239101513, 0.8637131806272783
0.3843915239101513, 0.8637131806272783
0.3843915239101513, 0.8637131806272783
0.3843915239101513, 0.8637131806272783
0.3843915239101513, 0.8637131806272783
0.3843915239101513, 0.8637131806272783
0.047424322813019115, 0.5715496769265508
0.047424322813019115, 0.5715496769265508
0.047424322813019115, 0.5715496769265508
0.047424322813019115, 0.5715496769265508
0.047424322813019115, 0.5715496769265508
0.047424322813019115, 0.5715496769265508
0.047424322813019115, 0.5715496769265508
0.047424322813019115, 0.5715496769265508
0.047424322813019115, 0.5715496769265508
0.047424322813019115, 0.5715496769265508
0.9302519887427683, 0.34376523687798155
0.9302519887427683, 0.34376523687798155
0.9302519887427683, 0.34376523687798155
0.9302519887427683, 0.34376523687798155
0.9302519887427683, 0.34376523687798155
0.9302519887427683, 0.34376523687798155
0.9302519887427683, 0.34376523687798155
0.9302519887427683, 0.34376523687798155
0.9302519887427683, 0.34376523687798155
0.9302519887427683, 0.34376523687798155
0.2456559711791957, 0.3950648331982958
0.2456559711791957, 0.3950648331982958
0.2456559711791957, 0.3950648331982958
0.2456559711791957, 0.3950648331982958
0.2456559711791957, 0.3950648331982958
0.2456559711791957, 0.3950648331982958
0.2456559711791957, 0.3950648331982958
0.2456559711791957, 0.3950648331982958
0.2456559711791957, 0.3950648331982958
0.2456559711791957, 0.3950648331982958
