0.1
0.11117731721564206, 0.9626451814325533
0.40213637287007165, 0.1418175630485674
0.3432173097924881, 0.6320069691126066
0.9017064274591583, 0.04911248750936725
0.07563659821643853, 0.6165893403708084
0.31782984324989516, 0.7806850391444959
0.7127076522387344, 0.7554889756359721
0.30813122042756214, 0.340210452298906
0.6849457537366728, 0.7290752657637309
0.7532382634691025, 0.795721968448593
0.14094101416068994, 0.6957737146012197
0.2027574347432881, 0.9386582864321087
0.16259134073021286, 0.8732110595172551
0.27872230429255895, 0.7896728786592526
0.8571359969671052, 0.18838648127983648
0.9700513909525142, 0.7114558515999733
0.5300679830643231, 0.6943749716587619
0.025136109891436775, 0.9563058511786954
0.34695468115662664, 0.9858905600121254
0.04389455080214122, 0.34428766611798334
0.7158420168163552, 0.3983680195732119
0.3651989537135776, 0.13169106698503286
0.9577625833997304, 0.38258461594562265
0.19453180506324097, 0.15679667713868328
0.18299612101723528, 0.594273380362126
0.8076184928321483, 0.15393906289973547
0.8555984210541044, 0.8468133797044496
0.4233801120063472, 0.9390596542537766
0.09308507508041775, 0.4427407090040556
0.7140864001814101, 0.10607037398729058
0.07901329323407458, 0.8486922955142817
0.6290393907308895, 0.05269827012974804
0.7472647507079797, 0.9918667152366609
0.5984443707755382, 0.3946607408487869
0.9483497272792896, 0.025401569608694885
0.8957027089545225, 0.49214023054434464
0.5716604995791558, 0.26633047458232195
0.6474122889239202, 0.7031518194814348
0.71758998531859, 0.7918501324266837
0.10376711723247867, 0.053114206417812504
0.6884118174493885, 0.037845061375489264
0.7672100392773977, 0.4335916946460038
0.443310786932684, 0.7188988069756325
0.3153911818534467, 0.4667477181968057
0.43331363904728637, 0.42845207684380804
0.889398363548661, 0.1502204669519519
0.7328718656457454, 0.28434682939457956
0.24096442489865222, 0.15466902310982655
0.6266244721782096, 0.09494204477144175
0.8359474698044499, 0.050112277006914785
0.5342564174195797, 0.7417621728159131
0.9395967164644573, 0.7964447613341608
0.8647244743055376, 0.7985550203585627
0.1667168889027577, 0.575895725378988
0.484803355602346, 0.6541898913553551
0.7009739202126837, 0.8205437725718193
0.9150830042317725, 0.2984876344768238
0.6293625139202998, 0.10719353262073117
0.8428693270291286, 0.42195966682876507
0.10790968145035984, 0.6242814812621489
0.22404688349522472, 0.772666473314857
0.6233641573209684, 0.9224265577469163
0.6435147838064693, 0.8867577204012346
0.8353912392385164, 0.928271681668957
0.2745715622822452, 0.15926662768855782
0.7956298776840797, 0.4513148850912443
0.055574123828114996, 0.7834524865057305
0.5261252079363874, 0.4298492502276309
0.8146814509255648, 0.3752512097339782
0.5786548804276308, 0.36850048124390933
