1e-05
0.44008597982521525, 0.26354348356614665
0.44008597982521525, 0.26354348356614665
0.44008597982521525, 0.26354348356614665
0.44008597982521525, 0.26354348356614665
0.44008597982521525, 0.26354348356614665
0.44008597982521525, 0.26354348356614665
0.44008597982521525, 0.26354348356614665
0.44008597982521525, 0.26354348356614665
0.44008597982521525, 0.26354348356614665
0.44008597982521525, 0.26354348356614665
0.029033736319550307, 0.9221030751451103
0.029033736319550307, 0.9221030751451103
0.029033736319550307, 0.9221030751451103
0.029033736319550307, 0.9221030751451103
0.029033736319550307, 0.9221030751451103
0.029033736319550307, 0.9221030751451103
0.029033736319550307, 0.9221030751451103
0.029033736319550307, 0.9221030751451103
0.029033736319550307, 0.9221030751451103
0.029033736319550307, 0.9221030751451103
0.37527988394581, 0.4976619486441519
0.37527988394581, 0.4976619486441519
0.37527988394581, 0.4976619486441519
0.37527988394581, 0.4976619486441519
0.37527988394581, 0.4976619486441519
0.37527988394581, 0.4976619486441519
0.37527988394581, 0.4976619486441519
0.37527988394581, 0.4976619486441519
0.37527988394581, 0.4976619486441519
0.37527988394581, 0.4976619486441519
0.4315905515044959, 0.27001051061754844
0.4315905515044959, 0.27001051061754844
0.4315905515044959, 0.27001051061754844
0.4315905515044959, 0.27001051061754844
0.4315905515044959, 0.27001051061754844
0.4315905515044959, 0.27001051061754844
0.4315905515044959, 0.27001051061754844
0.4315905515044959, 0.27001051061754844
0.4315905515044959, 0.27001051061754844
0.4315905515044959, 0.27001051061754844
0.03060589178003892, 0.6182009371905045
0.03060589178003892, 0.6182009371905045
0.03060589178003892, 0.6182009371905045
0.03060589178003892, 0.6182009371905045
0.03060589178003892, 0.6182009371905045
0.03060589178003892, 0.6182009371905045
0.03060589178003892, 0.6182009371905045
0.03060589178003892, 0.6182009371905045
0.03060589178003892, 0.6182009371905045
0.03060589178003892, 0.6182009371905045
0.49031774451092913, 0.8056185948771759
0.49031774451092913, 0.8056185948771759
0.49031774451092913, 0.8056185948771759
0.49031774451092913, 0.8056185948771759
0.49031774451092913, 0.8056185948771759
0.49031774451092913, 0.8056185948771759
0.49031774451092913, 0.8056185948771759
0.49031774451092913, 0.8056185948771759
0.49031774451092913, 0.8056185948771759
0.49031774451092913, 0.8056185948771759
0.6600149582496794, 0.25821034830616674
0.6600149582496794, 0.25821034830616674
0.6600149582496794, 0.25821034830616674
0.6600149582496794, 0.25821034830616674
0.6600149582496794, 0.25821034830616674
0.6600149582496794, 0.25821034830616674
0.6600149582496794, 0.25821034830616674
0.6600149582496794, 0.25821034830616674
0.6600149582496794, 0.25821034830616674
0.6600149582496794, 0.25821034830616674
0.9406410821250175, 0.5509109686276715
0.9406410821250175, 0.5509109686276715
0.9406410821250175, 0.5509109686276715
0.9406410821250175, 0.5509109686276715
0.9406410821250175, 0.5509109686276715
0.9406410821250175, 0.5509109686276715
0.9406410821250175, 0.5509109686276715
0.9406410821250175, 0.5509109686276715
0.9406410821250175, 0.5509109686276715
0.9406410821250175, 0.5509109686276715
0.38589943182707753, 0.02162317999181751
0.38589943182707753, 0.02162317999181751
0.38589943182707753, 0.02162317999181751
0.38589943182707753, 0.02162317999181751
0.38589943182707753, 0.02162317999181751
0.38589943182707753, 0.02162317999181751
0.38589943182707753, 0.02162317999181751
0.38589943182707753, 0.02162317999181751
0.38589943182707753, 0.02162317999181751
0.38589943182707753, 0.02162317999181751
0.2412740999435118, 0.4416031951263041
0.2412740999435118, 0.4416031951263041
0.2412740999435118, 0.4416031951263041
0.2412740999435118, 0.4416031951263041
0.2412740999435118, 0.4416031951263041
0.2412740999435118, 0.4416031951263041
0.2412740999435118, 0.4416031951263041
0.2412740999435118, 0.4416031951263041
0.2412740999435118, 0.4416031951263041
0.2412740999435118, 0.4416031951263041
