1e-05
0.8578163092864026, 0.4112791222559521
0.8578163092864026, 0.4112791222559521
0.8578163092864026, 0.4112791222559521
0.8578163092864026, 0.4112791222559521
0.8578163092864026, 0.4112791222559521
0.8578163092864026, 0.4112791222559521
0.8578163092864026, 0.4112791222559521
0.8578163092864026, 0.4112791222559521
0.8578163092864026, 0.4112791222559521
0.8578163092864026, 0.4112791222559521
0.5139141110402108, 0.4689488567895598
0.5139141110402108, 0.4689488567895598
0.5139141110402108, 0.4689488567895598
0.5139141110402108, 0.4689488567895598
0.5139141110402108, 0.4689488567895598
0.5139141110402108, 0.4689488567895598
0.5139141110402108, 0.4689488567895598
0.5139141110402108, 0.4689488567895598
0.5139141110402108, 0.4689488567895598
0.5139141110402108, 0.4689488567895598
0.08727139818312613, 0.07472507585319432
0.08727139818312613, 0.07472507585319432
0.08727139818312613, 0.07472507585319432
0.08727139818312613, 0.07472507585319432
0.08727139818312613, 0.07472507585319432
0.08727139818312613, 0.07472507585319432
0.08727139818312613, 0.07472507585319432
0.08727139818312613, 0.07472507585319432
0.08727139818312613, 0.07472507585319432
0.08727139818312613, 0.07472507585319432
0.08429098189814344, 0.7213044975653468
0.08429098189814344, 0.7213044975653468
0.08429098189814344, 0.7213044975653468
0.08429098189814344, 0.7213044975653468
0.08429098189814344, 0.7213044975653468
0.08429098189814344, 0.7213044975653468
0.08429098189814344, 0.7213044975653468
0.08429098189814344, 0.7213044975653468
0.08429098189814344, 0.7213044975653468
0.08429098189814344, 0.7213044975653468
0.9157736732084729, 0.6565359562122625
0.9157736732084729, 0.6565359562122625
0.9157736732084729, 0.6565359562122625
0.9157736732084729, 0.6565359562122625
0.9157736732084729, 0.6565359562122625
0.9157736732084729, 0.6565359562122625
0.9157736732084729, 0.6565359562122625
0.9157736732084729, 0.6565359562122625
0.9157736732084729, 0.6565359562122625
0.9157736732084729, 0.6565359562122625
0.8607715408082542, 0.7889208059320988
0.8607715408082542, 0.7889208059320988
0.8607715408082542, 0.7889208059320988
0.8607715408082542, 0.7889208059320988
0.8607715408082542, 0.7889208059320988
0.8607715408082542, 0.7889208059320988
0.8607715408082542, 0.7889208059320988
0.8607715408082542, 0.7889208059320988
0.8607715408082542, 0.7889208059320988
0.8607715408082542, 0.7889208059320988
0.07891742858337925, 0.3603832329607215
0.07891742858337925, 0.3603832329607215
0.07891742858337925, 0.3603832329607215
0.07891742858337925, 0.3603832329607215
0.07891742858337925, 0.3603832329607215
0.07891742858337925, 0.3603832329607215
0.07891742858337925, 0.3603832329607215
0.07891742858337925, 0.3603832329607215
0.07891742858337925, 0.3603832329607215
0.07891742858337925, 0.3603832329607215
0.2796122175998075, 0.29171913344961076
0.2796122175998075, 0.29171913344961076
0.2796122175998075, 0.29171913344961076
0.2796122175998075, 0.29171913344961076
0.2796122175998075, 0.29171913344961076
0.2796122175998075, 0.29171913344961076
0.2796122175998075, 0.29171913344961076
0.2796122175998075, 0.29171913344961076
0.2796122175998075, 0.29171913344961076
0.2796122175998075, 0.29171913344961076
0.7643793984345194, 0.2598733557021995
0.7643793984345194, 0.2598733557021995
0.7643793984345194, 0.2598733557021995
0.7643793984345194, 0.2598733557021995
0.7643793984345194, 0.2598733557021995
0.7643793984345194, 0.2598733557021995
0.7643793984345194, 0.2598733557021995
0.7643793984345194, 0.2598733557021995
0.7643793984345194, 0.2598733557021995
0.7643793984345194, 0.2598733557021995
0.16706169561114892, 0.9125461029230117
0.16706169561114892, 0.9125461029230117
0.16706169561114892, 0.9125461029230117
0.16706169561114892, 0.9125461029230117
0.16706169561114892, 0.9125461029230117
0.16706169561114892, 0.9125461029230117
0.16706169561114892, 0.9125461029230117
0.16706169561114892, 0.9125461029230117
0.16706169561114892, 0.9125461029230117
0.16706169561114892, 0.9125461029230117
