1e-05
0.8545115813672512, 0.6159889202990387
0.8545115813672512, 0.6159889202990387
0.8545115813672512, 0.6159889202990387
0.8545115813672512, 0.6159889202990387
0.8545115813672512, 0.6159889202990387
0.8545115813672512, 0.6159889202990387
0.8545115813672512, 0.6159889202990387
0.8545115813672512, 0.6159889202990387
0.8545115813672512, 0.6159889202990387
0.8545115813672512, 0.6159889202990387
0.8823498287009791, 0.3891647083630362
0.8823498287009791, 0.3891647083630362
0.8823498287009791, 0.3891647083630362
0.8823498287009791, 0.3891647083630362
0.8823498287009791, 0.3891647083630362
0.8823498287009791, 0.3891647083630362
0.8823498287009791, 0.3891647083630362
0.8823498287009791, 0.3891647083630362
0.8823498287009791, 0.3891647083630362
0.8823498287009791, 0.3891647083630362
0.5984361709259595, 0.697818697026302
0.5984361709259595, 0.697818697026302
0.5984361709259595, 0.697818697026302
0.5984361709259595, 0.697818697026302
0.5984361709259595, 0.697818697026302
0.5984361709259595, 0.697818697026302
0.5984361709259595, 0.697818697026302
0.5984361709259595, 0.697818697026302
0.5984361709259595, 0.697818697026302
0.5984361709259595, 0.697818697026302
0.7913462489492257, 0.9164255023968422
0.7913462489492257, 0.9164255023968422
0.7913462489492257, 0.9164255023968422
0.7913462489492257, 0.9164255023968422
0.7913462489492257, 0.9164255023968422
0.7913462489492257, 0.9164255023968422
0.7913462489492257, 0.9164255023968422
0.7913462489492257, 0.9164255023968422
0.7913462489492257, 0.9164255023968422
0.7913462489492257, 0.9164255023968422
0.7111757918874374, 0.5668471630282824
0.7111757918874374, 0.5668471630282824
0.7111757918874374, 0.5668471630282824
0.7111757918874374, 0.5668471630282824
0.7111757918874374, 0.5668471630282824
0.7111757918874374, 0.5668471630282824
0.7111757918874374, 0.5668471630282824
0.7111757918874374, 0.5668471630282824
0.7111757918874374, 0.5668471630282824
0.7111757918874374, 0.5668471630282824
0.3739958072002132, 0.1502105845577767
0.3739958072002132, 0.1502105845577767
0.3739958072002132, 0.1502105845577767
0.3739958072002132, 0.1502105845577767
0.3739958072002132, 0.1502105845577767
0.3739958072002132, 0.1502105845577767
0.3739958072002132, 0.1502105845577767
0.3739958072002132, 0.1502105845577767
0.3739958072002132, 0.1502105845577767
0.3739958072002132, 0.1502105845577767
0.15358599872858447, 0.7754346849779626
0.15358599872858447, 0.7754346849779626
0.15358599872858447, 0.7754346849779626
0.15358599872858447, 0.7754346849779626
0.15358599872858447, 0.7754346849779626
0.15358599872858447, 0.7754346849779626
0.15358599872858447, 0.7754346849779626
0.15358599872858447, 0.7754346849779626
0.15358599872858447, 0.7754346849779626
0.15358599872858447, 0.7754346849779626
0.371503472674101, 0.3587857570422598
0.371503472674101, 0.3587857570422598
0.371503472674101, 0.3587857570422598
0.371503472674101, 0.3587857570422598
0.371503472674101, 0.3587857570422598
0.371503472674101, 0.3587857570422598
0.371503472674101, 0.3587857570422598
0.371503472674101, 0.3587857570422598
0.371503472674101, 0.3587857570422598
0.371503472674101, 0.3587857570422598
0.7135140746908306, 0.4025012355346448
0.7135140746908306, 0.4025012355346448
0.7135140746908306, 0.4025012355346448
0.7135140746908306, 0.4025012355346448
0.7135140746908306, 0.4025012355346448
0.7135140746908306, 0.4025012355346448
0.7135140746908306, 0.4025012355346448
0.7135140746908306, 0.4025012355346448
0.7135140746908306, 0.4025012355346448
0.7135140746908306, 0.4025012355346448
0.032919527102057033, 0.8331733069622257
0.032919527102057033, 0.8331733069622257
0.032919527102057033, 0.8331733069622257
0.032919527102057033, 0.8331733069622257
0.032919527102057033, 0.8331733069622257
0.032919527102057033, 0.8331733069622257
0.032919527102057033, 0.8331733069622257
0.032919527102057033, 0.8331733069622257
0.032919527102057033, 0.8331733069622257
0.032919527102057033, 0.8331733069622257
