0.1
0.12020698844819133, 0.9228434590107394
0.9037113727349696, 0.7312429170060548
0.9373510950910862, 0.9343215396926915
0.7594704399079698, 0.5478044090197819
0.0028545086028325395, 0.8021779098608638
0.6192995911162639, 0.8088416936903414
0.9945959057263741, 0.018715570177450402
0.0868861191122936, 0.35021126827735893
0.17862438287110027, 0.7833800187386966
0.6067229252117141, 0.3635633976488424
0.49485333428713674, 0.006952766542616784
0.657522887877698, 0.7944646922745148
0.9938637368166502, 0.8264663166252569
0.4927369367862189, 0.8345822336466686
0.8934394269387576, 0.05293822533513359
0.34877483205089455, 0.7548287456688835
0.13915366772796978, 0.18984900717024533
0.2738945809441121, 0.0011496505481246588
0.18995329124878502, 0.7052204310324222
0.06128620527651896, 0.044480112462742305
0.4305650534230353, 0.3914176655135765
0.9380509554350778, 0.42514088345632983
0.6985310305793967, 0.6557095192640813
0.34255238164611745, 0.5295540479085993
0.21408811718221776, 0.31991801063531156
0.5698511038579552, 0.8088827542470306
0.48480531123962156, 0.13379758547585985
0.9252567220871657, 0.3674958710997601
0.6683305824753364, 0.5928699815366617
0.4134637126992563, 0.3947899286568286
0.2258028694411811, 0.13663721199348056
0.6764869691912451, 0.9451282996543897
0.6210469660964282, 0.6728484306604885
0.4875212993845027, 0.9640654218139576
0.20971853308762556, 0.5400362851342356
0.14482200740553086, 0.32709948013311607
0.5000976616006335, 0.4512271122072279
0.6958323997692409, 0.6782755108811087
0.011336168724824125, 0.8033879831686442
0.8924641034363251, 0.6434454908644222
0.40800696831028826, 0.7743935673681231
0.38742373169999156, 0.5654648596864135
0.3204802511126612, 0.6866207882309905
0.8200897836121186, 0.019624279310277548
0.223036535514053, 0.9563422516180872
0.16732478485029112, 0.7545382448029623
0.12867449540873377, 0.25369514900309753
0.05647061660732988, 0.7519698914896189
0.6047145899015463, 0.9041375463292065
0.8191321225306971, 0.44479966909564506
0.07651987027621776, 0.8084479239050438
0.36146449550544857, 0.6592573697068831
0.8750157683678995, 0.9219653650742657
0.6124629850422296, 0.4723960143022292
0.0022938252404575143, 0.05972879941027964
0.029237770527510087, 0.6780623198980559
0.7044558482870459, 0.655164250939669
0.6465680977895366, 0.12635743932325827
0.5864371063064956, 0.6922288304882429
0.12432674157541612, 0.7917864430742121
0.41604639473611205, 0.8984222119752585
0.2809899967021068, 0.08120129658185138
0.5218858423680885, 0.17872734251090638
0.8113433936379686, 0.07111700321256831
0.02468989557717871, 0.5228811168209732
0.7441649238064474, 0.9783681940161033
0.5488479897853347, 0.01887277761888262
0.03555066783929328, 0.783051279560613
0.10366717054062025, 0.2334126770599314
0.8084501254947684, 0.731783953442566
0.030297271199275166, 0.6128724450321105
0.5893376287253662, 0.6550707299187195
0.4856086657761338, 0.1444241806324934
0.30695161574106244, 0.10559871227133932
0.6066626954780072, 0.9078450787475264
0.3658031568267558, 0.8487806747134584
0.35010962479766217, 0.4604940539869695
0.9257070186676971, 0.886082491398777
0.03845404304757116, 0.3424769643874418
0.7899964011560989, 0.3955617638379937
0.8917735399299442, 0.7087734155690681
0.18282696260400555, 0.6989813253482287
