1e-05
0.04277124876279936, 0.026692191631126017
0.04277124876279936, 0.026692191631126017
0.04277124876279936, 0.026692191631126017
0.04277124876279936, 0.026692191631126017
0.04277124876279936, 0.026692191631126017
0.04277124876279936, 0.026692191631126017
0.04277124876279936, 0.026692191631126017
0.04277124876279936, 0.026692191631126017
0.04277124876279936, 0.026692191631126017
0.04277124876279936, 0.026692191631126017
0.13123663899508042, 0.28321034547738333
0.13123663899508042, 0.28321034547738333
0.13123663899508042, 0.28321034547738333
0.13123663899508042, 0.28321034547738333
0.13123663899508042, 0.28321034547738333
0.13123663899508042, 0.28321034547738333
0.13123663899508042, 0.28321034547738333
0.13123663899508042, 0.28321034547738333
0.13123663899508042, 0.28321034547738333
0.13123663899508042, 0.28321034547738333
0.18520539369743616, 0.8931870511550175
0.18520539369743616, 0.8931870511550175
0.18520539369743616, 0.8931870511550175
0.18520539369743616, 0.8931870511550175
0.18520539369743616, 0.8931870511550175
0.18520539369743616, 0.8931870511550175
0.18520539369743616, 0.8931870511550175
0.18520539369743616, 0.8931870511550175
0.18520539369743616, 0.8931870511550175
0.18520539369743616, 0.8931870511550175
0.42294972502468453, 0.21278700760669433
0.42294972502468453, 0.21278700760669433
0.42294972502468453, 0.21278700760669433
0.42294972502468453, 0.21278700760669433
0.42294972502468453, 0.21278700760669433
0.42294972502468453, 0.21278700760669433
0.42294972502468453, 0.21278700760669433
0.42294972502468453, 0.21278700760669433
0.42294972502468453, 0.21278700760669433
0.42294972502468453, 0.21278700760669433
0.9980804822736921, 0.3306582168778658
0.9980804822736921, 0.3306582168778658
0.9980804822736921, 0.3306582168778658
0.9980804822736921, 0.3306582168778658
0.9980804822736921, 0.3306582168778658
0.9980804822736921, 0.3306582168778658
0.9980804822736921, 0.3306582168778658
0.9980804822736921, 0.3306582168778658
0.9980804822736921, 0.3306582168778658
0.9980804822736921, 0.3306582168778658
0.7601130108544452, 0.2123152707502819
0.7601130108544452, 0.2123152707502819
0.7601130108544452, 0.2123152707502819
0.7601130108544452, 0.2123152707502819
0.7601130108544452, 0.2123152707502819
0.7601130108544452, 0.2123152707502819
0.7601130108544452, 0.2123152707502819
0.7601130108544452, 0.2123152707502819
0.7601130108544452, 0.2123152707502819
0.7601130108544452, 0.2123152707502819
0.23801902892333238, 0.8953788323287318
0.23801902892333238, 0.8953788323287318
0.23801902892333238, 0.8953788323287318
0.23801902892333238, 0.8953788323287318
0.23801902892333238, 0.8953788323287318
0.23801902892333238, 0.8953788323287318
0.23801902892333238, 0.8953788323287318
0.23801902892333238, 0.8953788323287318
0.23801902892333238, 0.8953788323287318
0.23801902892333238, 0.8953788323287318
0.17022279302331544, 0.8482595089399877
0.17022279302331544, 0.8482595089399877
0.17022279302331544, 0.8482595089399877
0.17022279302331544, 0.8482595089399877
0.17022279302331544, 0.8482595089399877
0.17022279302331544, 0.8482595089399877
0.17022279302331544, 0.8482595089399877
0.17022279302331544, 0.8482595089399877
0.17022279302331544, 0.8482595089399877
0.17022279302331544, 0.8482595089399877
0.43869357386096053, 0.48168504400685075
0.43869357386096053, 0.48168504400685075
0.43869357386096053, 0.48168504400685075
0.43869357386096053, 0.48168504400685075
0.43869357386096053, 0.48168504400685075
0.43869357386096053, 0.48168504400685075
0.43869357386096053, 0.48168504400685075
0.43869357386096053, 0.48168504400685075
0.43869357386096053, 0.48168504400685075
0.43869357386096053, 0.48168504400685075
0.00702710284237984, 0.24892142226881264
0.00702710284237984, 0.24892142226881264
0.00702710284237984, 0.24892142226881264
0.00702710284237984, 0.24892142226881264
0.00702710284237984, 0.24892142226881264
0.00702710284237984, 0.24892142226881264
0.00702710284237984, 0.24892142226881264
0.00702710284237984, 0.24892142226881264
0.00702710284237984, 0.24892142226881264
0.00702710284237984, 0.24892142226881264
