1e-05
0.16730651238184524, 0.9057274332840138
0.7894925946596163, 0.03814038268362663
0.419049791056596, 0.9672907839325329
0.4360017368538418, 0.4760407585421216
0.14663562383083462, 0.2659590414249886
0.05449420458043808, 0.13779863665115766
0.014561641890611488, 0.76353149379139
0.6470859029483895, 0.456002768649739
0.5072533614351067, 0.35580305316811744
0.49788151794243996, 0.7882928275692432
0.9172086045664668, 0.4869799729123665
0.5376633215702679, 0.7339148645646061
0.032104245058061975, 0.8257582049025242
0.27027896437787335, 0.13137938964319806
0.46944044386153994, 0.7006182593780409
0.9592721181427031, 0.5498910313051827
0.432350365594946, 0.9678758906155571
0.17877821396005256, 0.2553111686024423
0.916682881403007, 0.2898485279341395
0.5432515841729586, 0.9995133801834557
0.14594124337122283, 0.8294335264041859
0.15854114999494207, 0.3779015224758956
0.8941616217204903, 0.9266891219385236
0.6224438345498513, 0.9365117397096199
0.9321903899503583, 0.6891400356388986
0.40830379423274166, 0.6971933342270739
0.6917062431109798, 0.5940440471495789
0.8251012578654355, 0.12315761352820098
0.6195884748376383, 0.5367568184310253
0.36505425800091684, 0.1019761607212728
0.013045267330037191, 0.06265429023505853
0.49433291233306553, 0.44457402292472714
0.129707100459025, 0.4191836370689296
0.4920333462496891, 0.02210726162371557
0.2453594151048082, 0.3517383785699204
0.9223900653481543, 0.6715014163914816
0.8423335577407178, 0.6557724013857257
0.14740326438156204, 0.9753718618914196
0.6176202609084569, 0.9716878269058865
0.6218262207539013, 0.9931588347054892
0.08600634798027762, 0.2101757088489462
0.27133521182803744, 0.6065138447679519
0.2333155455023328, 0.6405587009559908
0.31573417715458574, 0.19127449771719784
0.23496861471768216, 0.36635205685443883
0.8958474705934474, 0.5967971786310928
0.4456957000945294, 0.6972443656030353
0.02529351192506779, 0.8905207207461205
0.10818619286975972, 0.04576951779446403
0.43718880632751467, 0.9235235912100406
0.43902011101807115, 0.9132106160890322
0.5656082043767651, 0.5384834615094172
0.659515216637621, 0.5395118515736583
0.16648255911542953, 0.9078797519478117
0.8360694011538407, 0.7001779401013535
0.4270732911985242, 0.7735307150623183
0.2919044521464249, 0.2604578228351587
0.2613779005223772, 0.9176048386631646
0.17446261679029473, 0.08672557858505503
0.8907930323269823, 0.9804305586530209
0.6785919832837971, 0.9372896573325541
0.5940069843618815, 0.08764726796842992
0.2011145307247284, 0.5320477419435019
0.9013551152841041, 0.8499650647039482
0.4912954710300528, 0.9445055792316555
0.2825889666765915, 0.30113744396663755
0.9938900856505716, 0.790169669209989
0.5590480697316584, 0.7971587607574622
0.28530859360220484, 0.08605063070025354
0.11608709434726494, 0.09724437804834463
0.5406103636952493, 0.8903241204335905
0.9579187834662832, 0.02211473059208069
0.9929439371337788, 0.0649343045523868
0.9567080868336384, 0.7536458919409562
0.8477982000229993, 0.0766145526034765
0.4615468164851516, 0.15976165828413658
0.23157987353455667, 0.9738395152152504
0.8156720107380138, 0.6885083490707711
0.6713870181088578, 0.07468723792553611
0.048425686834626336, 0.2772901692017453
0.41560905618321575, 0.4813318765370015
0.09177163134665278, 0.7386763197221647
0.3102139562620789, 0.26551760862015084
0.5467338541124698, 0.865579493901683
0.745616875675596, 0.7122021128611694
0.5026711198039279, 0.22309168337854224
0.32153503250474247, 0.00014059216414319398
0.9222436183907737, 0.45789751433604353
0.31129112921166624, 0.5838605110604397
0.67358803889859, 0.7316947261825115
0.7939987817849821, 0.4779249308800345
0.27647347585207094, 0.15687966081111737
0.5816780044529972, 0.5126028427857949
0.7698959893503866, 0.2691124187675774
0.9705418281934874, 0.518444077965665
0.582030894644033, 0.24236744400755827
0.15810658412260847, 1.2178980273724882e-05
0.00708775853682464, 0.8964623892236072
0.04364302832292555, 0.9588684738887113
0.2990505470144823, 0.8777163328347884
