1e-05
0.6352777593682881, 0.1508779906200567
0.6352777593682881, 0.1508779906200567
0.6352777593682881, 0.1508779906200567
0.6352777593682881, 0.1508779906200567
0.6352777593682881, 0.1508779906200567
0.6352777593682881, 0.1508779906200567
0.6352777593682881, 0.1508779906200567
0.6352777593682881, 0.1508779906200567
0.6352777593682881, 0.1508779906200567
0.6352777593682881, 0.1508779906200567
0.0025766337672769035, 0.7983942535635862
0.0025766337672769035, 0.7983942535635862
0.0025766337672769035, 0.7983942535635862
0.0025766337672769035, 0.7983942535635862
0.0025766337672769035, 0.7983942535635862
0.0025766337672769035, 0.7983942535635862
0.0025766337672769035, 0.7983942535635862
0.0025766337672769035, 0.7983942535635862
0.0025766337672769035, 0.7983942535635862
0.0025766337672769035, 0.7983942535635862
0.6016665442215314, 0.5857762099098152
0.6016665442215314, 0.5857762099098152
0.6016665442215314, 0.5857762099098152
0.6016665442215314, 0.5857762099098152
0.6016665442215314, 0.5857762099098152
0.6016665442215314, 0.5857762099098152
0.6016665442215314, 0.5857762099098152
0.6016665442215314, 0.5857762099098152
0.6016665442215314, 0.5857762099098152
0.6016665442215314, 0.5857762099098152
0.7345072580860021, 0.8370233936431707
0.7345072580860021, 0.8370233936431707
0.7345072580860021, 0.8370233936431707
0.7345072580860021, 0.8370233936431707
0.7345072580860021, 0.8370233936431707
0.7345072580860021, 0.8370233936431707
0.7345072580860021, 0.8370233936431707
0.7345072580860021, 0.8370233936431707
0.7345072580860021, 0.8370233936431707
0.7345072580860021, 0.8370233936431707
0.1140637477094496, 0.7862673762275346
0.1140637477094496, 0.7862673762275346
0.1140637477094496, 0.7862673762275346
0.1140637477094496, 0.7862673762275346
0.1140637477094496, 0.7862673762275346
0.1140637477094496, 0.7862673762275346
0.1140637477094496, 0.7862673762275346
0.1140637477094496, 0.7862673762275346
0.1140637477094496, 0.7862673762275346
0.1140637477094496, 0.7862673762275346
0.6970905830505866, 0.6595902102280983
0.6970905830505866, 0.6595902102280983
0.6970905830505866, 0.6595902102280983
0.6970905830505866, 0.6595902102280983
0.6970905830505866, 0.6595902102280983
0.6970905830505866, 0.6595902102280983
0.6970905830505866, 0.6595902102280983
0.6970905830505866, 0.6595902102280983
0.6970905830505866, 0.6595902102280983
0.6970905830505866, 0.6595902102280983
0.7495487109612681, 0.9145879319033009
0.7495487109612681, 0.9145879319033009
0.7495487109612681, 0.9145879319033009
0.7495487109612681, 0.9145879319033009
0.7495487109612681, 0.9145879319033009
0.7495487109612681, 0.9145879319033009
0.7495487109612681, 0.9145879319033009
0.7495487109612681, 0.9145879319033009
0.7495487109612681, 0.9145879319033009
0.7495487109612681, 0.9145879319033009
0.50370197790754, 0.416747876433031
0.50370197790754, 0.416747876433031
0.50370197790754, 0.416747876433031
0.50370197790754, 0.416747876433031
0.50370197790754, 0.416747876433031
0.50370197790754, 0.416747876433031
0.50370197790754, 0.416747876433031
0.50370197790754, 0.416747876433031
0.50370197790754, 0.416747876433031
0.50370197790754, 0.416747876433031
0.2299543835314407, 0.44409572309210865
0.2299543835314407, 0.44409572309210865
0.2299543835314407, 0.44409572309210865
0.2299543835314407, 0.44409572309210865
0.2299543835314407, 0.44409572309210865
0.2299543835314407, 0.44409572309210865
0.2299543835314407, 0.44409572309210865
0.2299543835314407, 0.44409572309210865
0.2299543835314407, 0.44409572309210865
0.2299543835314407, 0.44409572309210865
0.2081991705543128, 0.04990883658906142
0.2081991705543128, 0.04990883658906142
0.2081991705543128, 0.04990883658906142
0.2081991705543128, 0.04990883658906142
0.2081991705543128, 0.04990883658906142
0.2081991705543128, 0.04990883658906142
0.2081991705543128, 0.04990883658906142
0.2081991705543128, 0.04990883658906142
0.2081991705543128, 0.04990883658906142
0.2081991705543128, 0.04990883658906142
