1e-05
0.30366634931284375, 0.22375062978139082
0.30366634931284375, 0.22375062978139082
0.30366634931284375, 0.22375062978139082
0.30366634931284375, 0.22375062978139082
0.30366634931284375, 0.22375062978139082
0.30366634931284375, 0.22375062978139082
0.30366634931284375, 0.22375062978139082
0.30366634931284375, 0.22375062978139082
0.30366634931284375, 0.22375062978139082
0.30366634931284375, 0.22375062978139082
0.6474553345356853, 0.996880625161705
0.6474553345356853, 0.996880625161705
0.6474553345356853, 0.996880625161705
0.6474553345356853, 0.996880625161705
0.6474553345356853, 0.996880625161705
0.6474553345356853, 0.996880625161705
0.6474553345356853, 0.996880625161705
0.6474553345356853, 0.996880625161705
0.6474553345356853, 0.996880625161705
0.6474553345356853, 0.996880625161705
0.2840559766852473, 0.852089384312391
0.2840559766852473, 0.852089384312391
0.2840559766852473, 0.852089384312391
0.2840559766852473, 0.852089384312391
0.2840559766852473, 0.852089384312391
0.2840559766852473, 0.852089384312391
0.2840559766852473, 0.852089384312391
0.2840559766852473, 0.852089384312391
0.2840559766852473, 0.852089384312391
0.2840559766852473, 0.852089384312391
0.971180332360603, 0.8996177803012049
0.971180332360603, 0.8996177803012049
0.971180332360603, 0.8996177803012049
0.971180332360603, 0.8996177803012049
0.971180332360603, 0.8996177803012049
0.971180332360603, 0.8996177803012049
0.971180332360603, 0.8996177803012049
0.971180332360603, 0.8996177803012049
0.971180332360603, 0.8996177803012049
0.971180332360603, 0.8996177803012049
0.8813034440280941, 0.5235426766725929
0.8813034440280941, 0.5235426766725929
0.8813034440280941, 0.5235426766725929
0.8813034440280941, 0.5235426766725929
0.8813034440280941, 0.5235426766725929
0.8813034440280941, 0.5235426766725929
0.8813034440280941, 0.5235426766725929
0.8813034440280941, 0.5235426766725929
0.8813034440280941, 0.5235426766725929
0.8813034440280941, 0.5235426766725929
0.7946887604482885, 0.06032680311251559
0.7946887604482885, 0.06032680311251559
0.7946887604482885, 0.06032680311251559
0.7946887604482885, 0.06032680311251559
0.7946887604482885, 0.06032680311251559
0.7946887604482885, 0.06032680311251559
0.7946887604482885, 0.06032680311251559
0.7946887604482885, 0.06032680311251559
0.7946887604482885, 0.06032680311251559
0.7946887604482885, 0.06032680311251559
0.004712663983348242, 0.47392354405708903
0.004712663983348242, 0.47392354405708903
0.004712663983348242, 0.47392354405708903
0.004712663983348242, 0.47392354405708903
0.004712663983348242, 0.47392354405708903
0.004712663983348242, 0.47392354405708903
0.004712663983348242, 0.47392354405708903
0.004712663983348242, 0.47392354405708903
0.004712663983348242, 0.47392354405708903
0.004712663983348242, 0.47392354405708903
0.1281067568962384, 0.7183725351048026
0.1281067568962384, 0.7183725351048026
0.1281067568962384, 0.7183725351048026
0.1281067568962384, 0.7183725351048026
0.1281067568962384, 0.7183725351048026
0.1281067568962384, 0.7183725351048026
0.1281067568962384, 0.7183725351048026
0.1281067568962384, 0.7183725351048026
0.1281067568962384, 0.7183725351048026
0.1281067568962384, 0.7183725351048026
0.8999441964485483, 0.19245978096943772
0.8999441964485483, 0.19245978096943772
0.8999441964485483, 0.19245978096943772
0.8999441964485483, 0.19245978096943772
0.8999441964485483, 0.19245978096943772
0.8999441964485483, 0.19245978096943772
0.8999441964485483, 0.19245978096943772
0.8999441964485483, 0.19245978096943772
0.8999441964485483, 0.19245978096943772
0.8999441964485483, 0.19245978096943772
0.23433753036166116, 0.133277926069844
0.23433753036166116, 0.133277926069844
0.23433753036166116, 0.133277926069844
0.23433753036166116, 0.133277926069844
0.23433753036166116, 0.133277926069844
0.23433753036166116, 0.133277926069844
0.23433753036166116, 0.133277926069844
0.23433753036166116, 0.133277926069844
0.23433753036166116, 0.133277926069844
0.23433753036166116, 0.133277926069844
