1e-05
0.05272722585686718, 0.8227754574163475
0.05272722585686718, 0.8227754574163475
0.05272722585686718, 0.8227754574163475
0.05272722585686718, 0.8227754574163475
0.05272722585686718, 0.8227754574163475
0.05272722585686718, 0.8227754574163475
0.05272722585686718, 0.8227754574163475
0.05272722585686718, 0.8227754574163475
0.05272722585686718, 0.8227754574163475
0.05272722585686718, 0.8227754574163475
0.5732666307769076, 0.17209854653261625
0.5732666307769076, 0.17209854653261625
0.5732666307769076, 0.17209854653261625
0.5732666307769076, 0.17209854653261625
0.5732666307769076, 0.17209854653261625
0.5732666307769076, 0.17209854653261625
0.5732666307769076, 0.17209854653261625
0.5732666307769076, 0.17209854653261625
0.5732666307769076, 0.17209854653261625
0.5732666307769076, 0.17209854653261625
0.8828525298820266, 0.34125339070567906
0.8828525298820266, 0.34125339070567906
0.8828525298820266, 0.34125339070567906
0.8828525298820266, 0.34125339070567906
0.8828525298820266, 0.34125339070567906
0.8828525298820266, 0.34125339070567906
0.8828525298820266, 0.34125339070567906
0.8828525298820266, 0.34125339070567906
0.8828525298820266, 0.34125339070567906
0.8828525298820266, 0.34125339070567906
0.2969922409974546, 0.3819570271822561
0.2969922409974546, 0.3819570271822561
0.2969922409974546, 0.3819570271822561
0.2969922409974546, 0.3819570271822561
0.2969922409974546, 0.3819570271822561
0.2969922409974546, 0.3819570271822561
0.2969922409974546, 0.3819570271822561
0.2969922409974546, 0.3819570271822561
0.2969922409974546, 0.3819570271822561
0.2969922409974546, 0.3819570271822561
0.3066089866982652, 0.6857519856361907
0.3066089866982652, 0.6857519856361907
0.3066089866982652, 0.6857519856361907
0.3066089866982652, 0.6857519856361907
0.3066089866982652, 0.6857519856361907
0.3066089866982652, 0.6857519856361907
0.3066089866982652, 0.6857519856361907
0.3066089866982652, 0.6857519856361907
0.3066089866982652, 0.6857519856361907
0.3066089866982652, 0.6857519856361907
0.6172504367555681, 0.4087321213244065
0.6172504367555681, 0.4087321213244065
0.6172504367555681, 0.4087321213244065
0.6172504367555681, 0.4087321213244065
0.6172504367555681, 0.4087321213244065
0.6172504367555681, 0.4087321213244065
0.6172504367555681, 0.4087321213244065
0.6172504367555681, 0.4087321213244065
0.6172504367555681, 0.4087321213244065
0.6172504367555681, 0.4087321213244065
0.6881698489698692, 0.6155524750258227
0.6881698489698692, 0.6155524750258227
0.6881698489698692, 0.6155524750258227
0.6881698489698692, 0.6155524750258227
0.6881698489698692, 0.6155524750258227
0.6881698489698692, 0.6155524750258227
0.6881698489698692, 0.6155524750258227
0.6881698489698692, 0.6155524750258227
0.6881698489698692, 0.6155524750258227
0.6881698489698692, 0.6155524750258227
0.1337541878283317, 0.02820808422019494
0.1337541878283317, 0.02820808422019494
0.1337541878283317, 0.02820808422019494
0.1337541878283317, 0.02820808422019494
0.1337541878283317, 0.02820808422019494
0.1337541878283317, 0.02820808422019494
0.1337541878283317, 0.02820808422019494
0.1337541878283317, 0.02820808422019494
0.1337541878283317, 0.02820808422019494
0.1337541878283317, 0.02820808422019494
0.9680685961881232, 0.8903268351497867
0.9680685961881232, 0.8903268351497867
0.9680685961881232, 0.8903268351497867
0.9680685961881232, 0.8903268351497867
0.9680685961881232, 0.8903268351497867
0.9680685961881232, 0.8903268351497867
0.9680685961881232, 0.8903268351497867
0.9680685961881232, 0.8903268351497867
0.9680685961881232, 0.8903268351497867
0.9680685961881232, 0.8903268351497867
0.4188542920326038, 0.4582398595198306
0.4188542920326038, 0.4582398595198306
0.4188542920326038, 0.4582398595198306
0.4188542920326038, 0.4582398595198306
0.4188542920326038, 0.4582398595198306
0.4188542920326038, 0.4582398595198306
0.4188542920326038, 0.4582398595198306
0.4188542920326038, 0.4582398595198306
0.4188542920326038, 0.4582398595198306
0.4188542920326038, 0.4582398595198306
