1e-05
0.7285228752611618, 0.5250942122651774
0.7285228752611618, 0.5250942122651774
0.7285228752611618, 0.5250942122651774
0.7285228752611618, 0.5250942122651774
0.7285228752611618, 0.5250942122651774
0.7285228752611618, 0.5250942122651774
0.7285228752611618, 0.5250942122651774
0.7285228752611618, 0.5250942122651774
0.7285228752611618, 0.5250942122651774
0.7285228752611618, 0.5250942122651774
0.4137443303543651, 0.168320943642578
0.4137443303543651, 0.168320943642578
0.4137443303543651, 0.168320943642578
0.4137443303543651, 0.168320943642578
0.4137443303543651, 0.168320943642578
0.4137443303543651, 0.168320943642578
0.4137443303543651, 0.168320943642578
0.4137443303543651, 0.168320943642578
0.4137443303543651, 0.168320943642578
0.4137443303543651, 0.168320943642578
0.6435477484371459, 0.7574124553227695
0.6435477484371459, 0.7574124553227695
0.6435477484371459, 0.7574124553227695
0.6435477484371459, 0.7574124553227695
0.6435477484371459, 0.7574124553227695
0.6435477484371459, 0.7574124553227695
0.6435477484371459, 0.7574124553227695
0.6435477484371459, 0.7574124553227695
0.6435477484371459, 0.7574124553227695
0.6435477484371459, 0.7574124553227695
0.6459835319230691, 0.5595389498308018
0.6459835319230691, 0.5595389498308018
0.6459835319230691, 0.5595389498308018
0.6459835319230691, 0.5595389498308018
0.6459835319230691, 0.5595389498308018
0.6459835319230691, 0.5595389498308018
0.6459835319230691, 0.5595389498308018
0.6459835319230691, 0.5595389498308018
0.6459835319230691, 0.5595389498308018
0.6459835319230691, 0.5595389498308018
0.6429516925115433, 0.23740754636264205
0.6429516925115433, 0.23740754636264205
0.6429516925115433, 0.23740754636264205
0.6429516925115433, 0.23740754636264205
0.6429516925115433, 0.23740754636264205
0.6429516925115433, 0.23740754636264205
0.6429516925115433, 0.23740754636264205
0.6429516925115433, 0.23740754636264205
0.6429516925115433, 0.23740754636264205
0.6429516925115433, 0.23740754636264205
0.6948346557670064, 0.3409245633866944
0.6948346557670064, 0.3409245633866944
0.6948346557670064, 0.3409245633866944
0.6948346557670064, 0.3409245633866944
0.6948346557670064, 0.3409245633866944
0.6948346557670064, 0.3409245633866944
0.6948346557670064, 0.3409245633866944
0.6948346557670064, 0.3409245633866944
0.6948346557670064, 0.3409245633866944
0.6948346557670064, 0.3409245633866944
0.9331158898771325, 0.5911047121459786
0.9331158898771325, 0.5911047121459786
0.9331158898771325, 0.5911047121459786
0.9331158898771325, 0.5911047121459786
0.9331158898771325, 0.5911047121459786
0.9331158898771325, 0.5911047121459786
0.9331158898771325, 0.5911047121459786
0.9331158898771325, 0.5911047121459786
0.9331158898771325, 0.5911047121459786
0.9331158898771325, 0.5911047121459786
0.5910877229929248, 0.46402581460408887
0.5910877229929248, 0.46402581460408887
0.5910877229929248, 0.46402581460408887
0.5910877229929248, 0.46402581460408887
0.5910877229929248, 0.46402581460408887
0.5910877229929248, 0.46402581460408887
0.5910877229929248, 0.46402581460408887
0.5910877229929248, 0.46402581460408887
0.5910877229929248, 0.46402581460408887
0.5910877229929248, 0.46402581460408887
0.04837883530434672, 0.32638177053070905
0.04837883530434672, 0.32638177053070905
0.04837883530434672, 0.32638177053070905
0.04837883530434672, 0.32638177053070905
0.04837883530434672, 0.32638177053070905
0.04837883530434672, 0.32638177053070905
0.04837883530434672, 0.32638177053070905
0.04837883530434672, 0.32638177053070905
0.04837883530434672, 0.32638177053070905
0.04837883530434672, 0.32638177053070905
0.3556311200333875, 0.7605306413789324
0.3556311200333875, 0.7605306413789324
0.3556311200333875, 0.7605306413789324
0.3556311200333875, 0.7605306413789324
0.3556311200333875, 0.7605306413789324
0.3556311200333875, 0.7605306413789324
0.3556311200333875, 0.7605306413789324
0.3556311200333875, 0.7605306413789324
0.3556311200333875, 0.7605306413789324
0.3556311200333875, 0.7605306413789324
