1e-05
0.9896714767154681, 0.8436268373369286
0.9896714767154681, 0.8436268373369286
0.9896714767154681, 0.8436268373369286
0.9896714767154681, 0.8436268373369286
0.9896714767154681, 0.8436268373369286
0.9896714767154681, 0.8436268373369286
0.9896714767154681, 0.8436268373369286
0.9896714767154681, 0.8436268373369286
0.9896714767154681, 0.8436268373369286
0.9896714767154681, 0.8436268373369286
0.21565432029067955, 0.5726004412139573
0.21565432029067955, 0.5726004412139573
0.21565432029067955, 0.5726004412139573
0.21565432029067955, 0.5726004412139573
0.21565432029067955, 0.5726004412139573
0.21565432029067955, 0.5726004412139573
0.21565432029067955, 0.5726004412139573
0.21565432029067955, 0.5726004412139573
0.21565432029067955, 0.5726004412139573
0.21565432029067955, 0.5726004412139573
0.897753939277361, 0.8876223149781228
0.897753939277361, 0.8876223149781228
0.897753939277361, 0.8876223149781228
0.897753939277361, 0.8876223149781228
0.897753939277361, 0.8876223149781228
0.897753939277361, 0.8876223149781228
0.897753939277361, 0.8876223149781228
0.897753939277361, 0.8876223149781228
0.897753939277361, 0.8876223149781228
0.897753939277361, 0.8876223149781228
0.19939289868833987, 0.3589107284315777
0.19939289868833987, 0.3589107284315777
0.19939289868833987, 0.3589107284315777
0.19939289868833987, 0.3589107284315777
0.19939289868833987, 0.3589107284315777
0.19939289868833987, 0.3589107284315777
0.19939289868833987, 0.3589107284315777
0.19939289868833987, 0.3589107284315777
0.19939289868833987, 0.3589107284315777
0.19939289868833987, 0.3589107284315777
0.7498781797494595, 0.44375567128245474
0.7498781797494595, 0.44375567128245474
0.7498781797494595, 0.44375567128245474
0.7498781797494595, 0.44375567128245474
0.7498781797494595, 0.44375567128245474
0.7498781797494595, 0.44375567128245474
0.7498781797494595, 0.44375567128245474
0.7498781797494595, 0.44375567128245474
0.7498781797494595, 0.44375567128245474
0.7498781797494595, 0.44375567128245474
0.9051794659612179, 0.9817406520831639
0.9051794659612179, 0.9817406520831639
0.9051794659612179, 0.9817406520831639
0.9051794659612179, 0.9817406520831639
0.9051794659612179, 0.9817406520831639
0.9051794659612179, 0.9817406520831639
0.9051794659612179, 0.9817406520831639
0.9051794659612179, 0.9817406520831639
0.9051794659612179, 0.9817406520831639
0.9051794659612179, 0.9817406520831639
0.012885201869953122, 0.5710243541737371
0.012885201869953122, 0.5710243541737371
0.012885201869953122, 0.5710243541737371
0.012885201869953122, 0.5710243541737371
0.012885201869953122, 0.5710243541737371
0.012885201869953122, 0.5710243541737371
0.012885201869953122, 0.5710243541737371
0.012885201869953122, 0.5710243541737371
0.012885201869953122, 0.5710243541737371
0.012885201869953122, 0.5710243541737371
0.3344583210542381, 0.531704222255016
0.3344583210542381, 0.531704222255016
0.3344583210542381, 0.531704222255016
0.3344583210542381, 0.531704222255016
0.3344583210542381, 0.531704222255016
0.3344583210542381, 0.531704222255016
0.3344583210542381, 0.531704222255016
0.3344583210542381, 0.531704222255016
0.3344583210542381, 0.531704222255016
0.3344583210542381, 0.531704222255016
0.05873897672193662, 0.3868362148596789
0.05873897672193662, 0.3868362148596789
0.05873897672193662, 0.3868362148596789
0.05873897672193662, 0.3868362148596789
0.05873897672193662, 0.3868362148596789
0.05873897672193662, 0.3868362148596789
0.05873897672193662, 0.3868362148596789
0.05873897672193662, 0.3868362148596789
0.05873897672193662, 0.3868362148596789
0.05873897672193662, 0.3868362148596789
0.3184435095330289, 0.8831982729278686
0.3184435095330289, 0.8831982729278686
0.3184435095330289, 0.8831982729278686
0.3184435095330289, 0.8831982729278686
0.3184435095330289, 0.8831982729278686
0.3184435095330289, 0.8831982729278686
0.3184435095330289, 0.8831982729278686
0.3184435095330289, 0.8831982729278686
0.3184435095330289, 0.8831982729278686
0.3184435095330289, 0.8831982729278686
