1e-05
0.9611665862579143, 0.5432468501921948
0.9611665862579143, 0.5432468501921948
0.9611665862579143, 0.5432468501921948
0.9611665862579143, 0.5432468501921948
0.9611665862579143, 0.5432468501921948
0.9611665862579143, 0.5432468501921948
0.9611665862579143, 0.5432468501921948
0.9611665862579143, 0.5432468501921948
0.9611665862579143, 0.5432468501921948
0.9611665862579143, 0.5432468501921948
0.14660675097227072, 0.5254447887735054
0.14660675097227072, 0.5254447887735054
0.14660675097227072, 0.5254447887735054
0.14660675097227072, 0.5254447887735054
0.14660675097227072, 0.5254447887735054
0.14660675097227072, 0.5254447887735054
0.14660675097227072, 0.5254447887735054
0.14660675097227072, 0.5254447887735054
0.14660675097227072, 0.5254447887735054
0.14660675097227072, 0.5254447887735054
0.12260564197787438, 0.5879738888560653
0.12260564197787438, 0.5879738888560653
0.12260564197787438, 0.5879738888560653
0.12260564197787438, 0.5879738888560653
0.12260564197787438, 0.5879738888560653
0.12260564197787438, 0.5879738888560653
0.12260564197787438, 0.5879738888560653
0.12260564197787438, 0.5879738888560653
0.12260564197787438, 0.5879738888560653
0.12260564197787438, 0.5879738888560653
0.5630497813497888, 0.2100025584190296
0.5630497813497888, 0.2100025584190296
0.5630497813497888, 0.2100025584190296
0.5630497813497888, 0.2100025584190296
0.5630497813497888, 0.2100025584190296
0.5630497813497888, 0.2100025584190296
0.5630497813497888, 0.2100025584190296
0.5630497813497888, 0.2100025584190296
0.5630497813497888, 0.2100025584190296
0.5630497813497888, 0.2100025584190296
0.7576341742229689, 0.46974656314929186
0.7576341742229689, 0.46974656314929186
0.7576341742229689, 0.46974656314929186
0.7576341742229689, 0.46974656314929186
0.7576341742229689, 0.46974656314929186
0.7576341742229689, 0.46974656314929186
0.7576341742229689, 0.46974656314929186
0.7576341742229689, 0.46974656314929186
0.7576341742229689, 0.46974656314929186
0.7576341742229689, 0.46974656314929186
0.4458071180606311, 0.18168506469018353
0.4458071180606311, 0.18168506469018353
0.4458071180606311, 0.18168506469018353
0.4458071180606311, 0.18168506469018353
0.4458071180606311, 0.18168506469018353
0.4458071180606311, 0.18168506469018353
0.4458071180606311, 0.18168506469018353
0.4458071180606311, 0.18168506469018353
0.4458071180606311, 0.18168506469018353
0.4458071180606311, 0.18168506469018353
0.8334391037492571, 0.1936303251012742
0.8334391037492571, 0.1936303251012742
0.8334391037492571, 0.1936303251012742
0.8334391037492571, 0.1936303251012742
0.8334391037492571, 0.1936303251012742
0.8334391037492571, 0.1936303251012742
0.8334391037492571, 0.1936303251012742
0.8334391037492571, 0.1936303251012742
0.8334391037492571, 0.1936303251012742
0.8334391037492571, 0.1936303251012742
0.7889906885428919, 0.5643673977243717
0.7889906885428919, 0.5643673977243717
0.7889906885428919, 0.5643673977243717
0.7889906885428919, 0.5643673977243717
0.7889906885428919, 0.5643673977243717
0.7889906885428919, 0.5643673977243717
0.7889906885428919, 0.5643673977243717
0.7889906885428919, 0.5643673977243717
0.7889906885428919, 0.5643673977243717
0.7889906885428919, 0.5643673977243717
0.549933301430518, 0.610938477729071
0.549933301430518, 0.610938477729071
0.549933301430518, 0.610938477729071
0.549933301430518, 0.610938477729071
0.549933301430518, 0.610938477729071
0.549933301430518, 0.610938477729071
0.549933301430518, 0.610938477729071
0.549933301430518, 0.610938477729071
0.549933301430518, 0.610938477729071
0.549933301430518, 0.610938477729071
0.22013042947274142, 0.17116978192110865
0.22013042947274142, 0.17116978192110865
0.22013042947274142, 0.17116978192110865
0.22013042947274142, 0.17116978192110865
0.22013042947274142, 0.17116978192110865
0.22013042947274142, 0.17116978192110865
0.22013042947274142, 0.17116978192110865
0.22013042947274142, 0.17116978192110865
0.22013042947274142, 0.17116978192110865
0.22013042947274142, 0.17116978192110865
