1e-05
0.9916902782186687, 0.3105121760002011
0.9916902782186687, 0.3105121760002011
0.9916902782186687, 0.3105121760002011
0.9916902782186687, 0.3105121760002011
0.9916902782186687, 0.3105121760002011
0.9916902782186687, 0.3105121760002011
0.9916902782186687, 0.3105121760002011
0.9916902782186687, 0.3105121760002011
0.9916902782186687, 0.3105121760002011
0.9916902782186687, 0.3105121760002011
0.10218151386207075, 0.4170293771238889
0.10218151386207075, 0.4170293771238889
0.10218151386207075, 0.4170293771238889
0.10218151386207075, 0.4170293771238889
0.10218151386207075, 0.4170293771238889
0.10218151386207075, 0.4170293771238889
0.10218151386207075, 0.4170293771238889
0.10218151386207075, 0.4170293771238889
0.10218151386207075, 0.4170293771238889
0.10218151386207075, 0.4170293771238889
0.5738248779607774, 0.20195699423313362
0.5738248779607774, 0.20195699423313362
0.5738248779607774, 0.20195699423313362
0.5738248779607774, 0.20195699423313362
0.5738248779607774, 0.20195699423313362
0.5738248779607774, 0.20195699423313362
0.5738248779607774, 0.20195699423313362
0.5738248779607774, 0.20195699423313362
0.5738248779607774, 0.20195699423313362
0.5738248779607774, 0.20195699423313362
0.44305970084046353, 0.8479279452979319
0.44305970084046353, 0.8479279452979319
0.44305970084046353, 0.8479279452979319
0.44305970084046353, 0.8479279452979319
0.44305970084046353, 0.8479279452979319
0.44305970084046353, 0.8479279452979319
0.44305970084046353, 0.8479279452979319
0.44305970084046353, 0.8479279452979319
0.44305970084046353, 0.8479279452979319
0.44305970084046353, 0.8479279452979319
0.4380746203811847, 0.13030949822014448
0.4380746203811847, 0.13030949822014448
0.4380746203811847, 0.13030949822014448
0.4380746203811847, 0.13030949822014448
0.4380746203811847, 0.13030949822014448
0.4380746203811847, 0.13030949822014448
0.4380746203811847, 0.13030949822014448
0.4380746203811847, 0.13030949822014448
0.4380746203811847, 0.13030949822014448
0.4380746203811847, 0.13030949822014448
0.3769445213814463, 0.6045489022264626
0.3769445213814463, 0.6045489022264626
0.3769445213814463, 0.6045489022264626
0.3769445213814463, 0.6045489022264626
0.3769445213814463, 0.6045489022264626
0.3769445213814463, 0.6045489022264626
0.3769445213814463, 0.6045489022264626
0.3769445213814463, 0.6045489022264626
0.3769445213814463, 0.6045489022264626
0.3769445213814463, 0.6045489022264626
0.9434285236126277, 0.2222960116911934
0.9434285236126277, 0.2222960116911934
0.9434285236126277, 0.2222960116911934
0.9434285236126277, 0.2222960116911934
0.9434285236126277, 0.2222960116911934
0.9434285236126277, 0.2222960116911934
0.9434285236126277, 0.2222960116911934
0.9434285236126277, 0.2222960116911934
0.9434285236126277, 0.2222960116911934
0.9434285236126277, 0.2222960116911934
0.1313720875459602, 0.38256793762168373
0.1313720875459602, 0.38256793762168373
0.1313720875459602, 0.38256793762168373
0.1313720875459602, 0.38256793762168373
0.1313720875459602, 0.38256793762168373
0.1313720875459602, 0.38256793762168373
0.1313720875459602, 0.38256793762168373
0.1313720875459602, 0.38256793762168373
0.1313720875459602, 0.38256793762168373
0.1313720875459602, 0.38256793762168373
0.18936366463833965, 0.0919145594894053
0.18936366463833965, 0.0919145594894053
0.18936366463833965, 0.0919145594894053
0.18936366463833965, 0.0919145594894053
0.18936366463833965, 0.0919145594894053
0.18936366463833965, 0.0919145594894053
0.18936366463833965, 0.0919145594894053
0.18936366463833965, 0.0919145594894053
0.18936366463833965, 0.0919145594894053
0.18936366463833965, 0.0919145594894053
0.3558852659776729, 0.8221803551935094
0.3558852659776729, 0.8221803551935094
0.3558852659776729, 0.8221803551935094
0.3558852659776729, 0.8221803551935094
0.3558852659776729, 0.8221803551935094
0.3558852659776729, 0.8221803551935094
0.3558852659776729, 0.8221803551935094
0.3558852659776729, 0.8221803551935094
0.3558852659776729, 0.8221803551935094
0.3558852659776729, 0.8221803551935094
