1e-05
0.36909583547322067, 0.16742329718032434
0.36909583547322067, 0.16742329718032434
0.36909583547322067, 0.16742329718032434
0.36909583547322067, 0.16742329718032434
0.36909583547322067, 0.16742329718032434
0.36909583547322067, 0.16742329718032434
0.36909583547322067, 0.16742329718032434
0.36909583547322067, 0.16742329718032434
0.36909583547322067, 0.16742329718032434
0.36909583547322067, 0.16742329718032434
0.3884076056190281, 0.5392547297532647
0.3884076056190281, 0.5392547297532647
0.3884076056190281, 0.5392547297532647
0.3884076056190281, 0.5392547297532647
0.3884076056190281, 0.5392547297532647
0.3884076056190281, 0.5392547297532647
0.3884076056190281, 0.5392547297532647
0.3884076056190281, 0.5392547297532647
0.3884076056190281, 0.5392547297532647
0.3884076056190281, 0.5392547297532647
0.24826847499202043, 0.9039569468385495
0.24826847499202043, 0.9039569468385495
0.24826847499202043, 0.9039569468385495
0.24826847499202043, 0.9039569468385495
0.24826847499202043, 0.9039569468385495
0.24826847499202043, 0.9039569468385495
0.24826847499202043, 0.9039569468385495
0.24826847499202043, 0.9039569468385495
0.24826847499202043, 0.9039569468385495
0.24826847499202043, 0.9039569468385495
0.20368787568851054, 0.5563894905440009
0.20368787568851054, 0.5563894905440009
0.20368787568851054, 0.5563894905440009
0.20368787568851054, 0.5563894905440009
0.20368787568851054, 0.5563894905440009
0.20368787568851054, 0.5563894905440009
0.20368787568851054, 0.5563894905440009
0.20368787568851054, 0.5563894905440009
0.20368787568851054, 0.5563894905440009
0.20368787568851054, 0.5563894905440009
0.9475005997952519, 0.8739379335244638
0.9475005997952519, 0.8739379335244638
0.9475005997952519, 0.8739379335244638
0.9475005997952519, 0.8739379335244638
0.9475005997952519, 0.8739379335244638
0.9475005997952519, 0.8739379335244638
0.9475005997952519, 0.8739379335244638
0.9475005997952519, 0.8739379335244638
0.9475005997952519, 0.8739379335244638
0.9475005997952519, 0.8739379335244638
0.3287337114531377, 0.45507807899974817
0.3287337114531377, 0.45507807899974817
0.3287337114531377, 0.45507807899974817
0.3287337114531377, 0.45507807899974817
0.3287337114531377, 0.45507807899974817
0.3287337114531377, 0.45507807899974817
0.3287337114531377, 0.45507807899974817
0.3287337114531377, 0.45507807899974817
0.3287337114531377, 0.45507807899974817
0.3287337114531377, 0.45507807899974817
0.43910100611847525, 0.7974073074363963
0.43910100611847525, 0.7974073074363963
0.43910100611847525, 0.7974073074363963
0.43910100611847525, 0.7974073074363963
0.43910100611847525, 0.7974073074363963
0.43910100611847525, 0.7974073074363963
0.43910100611847525, 0.7974073074363963
0.43910100611847525, 0.7974073074363963
0.43910100611847525, 0.7974073074363963
0.43910100611847525, 0.7974073074363963
0.7984147943642628, 0.20751966456968496
0.7984147943642628, 0.20751966456968496
0.7984147943642628, 0.20751966456968496
0.7984147943642628, 0.20751966456968496
0.7984147943642628, 0.20751966456968496
0.7984147943642628, 0.20751966456968496
0.7984147943642628, 0.20751966456968496
0.7984147943642628, 0.20751966456968496
0.7984147943642628, 0.20751966456968496
0.7984147943642628, 0.20751966456968496
0.023892843171346545, 0.8461880525472788
0.023892843171346545, 0.8461880525472788
0.023892843171346545, 0.8461880525472788
0.023892843171346545, 0.8461880525472788
0.023892843171346545, 0.8461880525472788
0.023892843171346545, 0.8461880525472788
0.023892843171346545, 0.8461880525472788
0.023892843171346545, 0.8461880525472788
0.023892843171346545, 0.8461880525472788
0.023892843171346545, 0.8461880525472788
0.025885974495012287, 0.14169133194937278
0.025885974495012287, 0.14169133194937278
0.025885974495012287, 0.14169133194937278
0.025885974495012287, 0.14169133194937278
0.025885974495012287, 0.14169133194937278
0.025885974495012287, 0.14169133194937278
0.025885974495012287, 0.14169133194937278
0.025885974495012287, 0.14169133194937278
0.025885974495012287, 0.14169133194937278
0.025885974495012287, 0.14169133194937278
